176541
176548
176856
176869
177073
177086
177119
175486
176404
176509
176842
177078
177173
177274
176868
176883
176531
176534
176535
176537
176539
176540
176560
176784
176807
176845
176450
176708
176809
176423
176443
176456
176463
176508
176512
176576
176681
176763
176859
176961
177098
177116
177159
177174
177183
177280
177294
176875
176274
176425
176427
176434
176436
176462
176479
176486
176794
176932
177075
177222
176461
176565
176580
176802
176826
177090
177282
176564
176803
176825
176946
177024
177215
176536
176567
176643
176646
176651
176652
176656
176662
176669
176700
176702
176713
176728
176737
176740
176742
176745
176752
176754
176756
176757
176758
176760
176761
176762
176766
176767
176768
176770
176773
176778
176779
176780
176783
176791
176811
176812
176830
176831
176841
176857
176858
176874
176878
176879
176888
176893
176899
176900
176901
176914
176934
176960
176968
177001
177038
177039
177052
177054
177056
177100
177102
177128
177140
177156
177193
177224
177227
177233
177240
177249
177258
177262
177267
177275
177283
177299
177325
176691
176735
176764
176793
176805
176866
176919
176947
177179
177247
164725
166085
168429
176442
176452
176460
176480
176489
176491
176532
176550
176551
176552
176566
176716
176749
176827
176829
176849
176895
176948
176956
176976
177003
177009
177012
177035
177037
177084
177106
177114
177145
177167
177199
177220
177221
177304
176571
176937
177092
177214
176459
176493
176525
176544
176890
176909
176911
177028
177144
176957
177030
177130
176568
176609
176625
176641
176645
176665
176674
176685
176722
176725
176731
176734
176736
176741
176743
176747
176748
176751
176755
176772
176777
176790
176796
176798
176799
176808
176817
176820
176832
176839
176847
176848
176852
176854
176860
176872
176876
176880
176885
176887
176903
176917
176936
176941
176943
176945
176964
176967
176979
176986
176989
176990
176991
176995
176996
176997
176998
177000
177006
177021
177032
177053
177076
177085
177097
177099
177101
177107
177120
177135
177139
177150
177151
177160
177176
177180
177219
177228
177257
177293
177298
177300
177328
177330
173987
173988
175612
175614
175629
175637
175638
175639
175724
176034
176121
176769
176785
176835
177094
177152
177185
177198
177216
176473
176513
176549
176693
176698
176746
176786
176787
176789
176795
176818
176833
176846
176850
176851
176870
176871
176877
176884
176916
176954
176959
177029
177044
177083
177155
177277
177279
177285
177291
177292
177308
177311
177317
173784
174185
174254
173945
176458
176524
177191
177154
176523
176542
176543
177095
177148
176944
176966
176977
176987
176992
177071
177091
177309
175362
175420
175767
175889
176072
176156
176192
176516
176837
176965
176529
176814
176955
177043
177169
177322
177323
176517
176727
176819
176894
177011
177026
176507
176753
176569
176912
177225
177276
177301
177333
176828
176962
176999
177103
177118
177138
177153
177162
177163
167547
176492
176495
176530
176581
176587
176588
176589
176590
176591
176592
176593
176594
176596
176597
176598
176599
176600
176601
176602
176605
176606
176607
176608
176610
176611
176612
176613
176614
176617
176618
176619
176620
176622
176623
176627
176628
176629
176630
176631
176632
176633
176635
176636
176637
176638
176639
176640
176642
176644
176647
176648
176650
176653
176654
176658
176660
176661
176663
176671
176675
176676
176686
176689
176690
176696
176699
176704
176706
176707
176710
176711
176714
176719
176720
176730
176732
176733
176738
176765
177036
177108
176496
176497
176823
176906
177018
177031
177164
177195
177248
177284
177369
176494
176545
176561
176792
176800
176822
176824
176840
176863
176865
176898
176905
176908
176949
176963
176988
176993
176994
177142
177184
177255
177264
177318
177332
176873
176889
177079
177109
177022
176518
176801
177004
177110
177168
177226
177373
138417
176520
176853
177025
177041
177055
177081
177082
173750
176935
176938
176939
176942
176969
176980
177057
177122
177137
177175
177194
177197
177229
177231
177253
177254
177256
177265
177321
177353
177040
177147
177181
177182
169499
176522
176867
176902
176910
176953
177005
177013
177014
176797
177158
177324
177149
177170
176913
177196
176915
177111
177123
171178
171183
171184
171239
171240
171242
171244
171247
171248
171249
171251
171264
171266