168201
167532
167349
167341
167334
167329
167324
167319
167313
167307
168178
168120
168100
168084
168075
168055
167996
167981
167964
167923
167907
167887
167860
167855
167792
167775
167771
167769
167761
167755
167750
167748
167741
167732
167685
167683
167671
167662
167595
167592
167550
167543
167538
167495
167444
167432
167419
167374
167353
167347
167344
167326
167323
167265
167250
167242
167236
167212
167884
167614
167561
167339
168196
168180
168166
168153
168124
168113
168111
168074
168057
168049
168030
168029
168009
168002
167997
167995
167992
167963
167941
167913
167905
167901
167899
167897
167891
167889
167862
167861
167857
167856
167853
167847
167841
167827
167823
167818
167814
167809
167791
167788
167786
167778
167760
167756
167749
167745
167740
167736
167735
167722
167720
167704
167687
167659
167654
167647
167643
167635
167633
167615
167602
167594
167593
167591
167577
167572
167567
167558
167555
167553
167505
167504
167498
167453
167437
167391
167386
167375
167365
167361
167358
167357
167352
167350
167346
167342
167338
167333
167327
167318
167311
167310
167285
167283
167282
167277
167276
167271
167268
167264
167259
167258
167255
167251
167246
167243
167238
167229
167220
166575
162017
162003
161834
161346
161340
161335
168231
168206
167762
167657
167588
167582
167566
167388
167214
167209
162426
168167
168152
168145
168107
168104
168099
168098
168094
168093
168092
168091
168087
168085
168083
168070
168066
168054
168053
168047
168046
168039
168004
168003
167986
167965
167953
167940
167934
167921
167909
167903
167902
167900
167896
167871
167859
167851
167850
167829
167826
167819
167817
167812
167810
167805
167803
167802
167796
167779
167774
167753
167752
167747
167737
167727
167726
167709
167706
167702
167700
167696
167682
167663
167652
167636
167625
167622
167616
167589
167585
167574
167571
167565
167544
167537
167529
167528
167525
167524
167512
167510
167508
167507
167502
167484
167477
167476
167462
167460
167449
167442
167433
167431
167427
167426
167424
167421
167416
167415
167414
167413
167412
167406
167405
167399
167397
167396
167385
167383
167379
167373
167366
167360
167356
167343
167337
167330
167328
167321
167320
167316
167314
167312
167309
167306
167304
167298
167295
167293
167289
167286
167280
167278
167275
167270
167262
167254
167248
167244
167231
167230
167227
167224
167222
167215
167206
167205
167202
167201
167195
166766
166687
166634