161335
161340
161346
161834
162003
162017
166575
167220
167229
167238
167243
167246
167251
167255
167258
167259
167264
167268
167271
167276
167277
167282
167283
167285
167310
167311
167318
167327
167333
167338
167342
167346
167350
167352
167357
167358
167361
167365
167375
167386
167391
167437
167453
167498
167504
167505
167553
167555
167558
167567
167572
167577
167591
167593
167594
167602
167615
167633
167635
167643
167647
167654
167659
167687
167704
167720
167722
167735
167736
167740
167745
167749
167756
167760
167778
167786
167788
167791
167809
167814
167818
167823
167827
167841
167847
167853
167856
167857
167861
167862
167889
167891
167897
167899
167901
167905
167913
167941
167963
167992
167995
167997
168002
168009
168029
168030
168049
168057
168074
168111
168113
168124
168153
168166
168180
168196
166634
166687
166766
167195
167201
167202
167205
167206
167215
167222
167224
167227
167230
167231
167244
167248
167254
167262
167270
167275
167278
167280
167286
167289
167293
167295
167298
167304
167306
167309
167312
167314
167316
167320
167321
167328
167330
167337
167343
167356
167360
167366
167373
167379
167383
167385
167396
167397
167399
167405
167406
167412
167413
167414
167415
167416
167421
167424
167426
167427
167431
167433
167442
167449
167460
167462
167476
167477
167484
167502
167507
167508
167510
167512
167524
167525
167528
167529
167537
167544
167565
167571
167574
167585
167589
167616
167622
167625
167636
167652
167663
167682
167696
167700
167702
167706
167709
167726
167727
167737
167747
167752
167753
167774
167779
167796
167802
167803
167805
167810
167812
167817
167819
167826
167829
167850
167851
167859
167871
167896
167900
167902
167903
167909
167921
167934
167940
167953
167965
167986
168003
168004
168039
168046
168047
168053
168054
168066
168070
168083
168085
168087
168091
168092
168093
168094
168098
168099
168104
168107
168145
168152
168167
167212
167236
167242
167250
167265
167323
167326
167344
167347
167353
167374
167419
167432
167444
167495
167538
167543
167550
167592
167595
167662
167671
167683
167685
167732
167741
167748
167750
167755
167761
167769
167771
167775
167792
167855
167860
167887
167907
167923
167964
167981
167996
168055
168075
168084
168100
168120
168178