8167,2
273,2
237,2
3398,2
841,4
523,4
916,4
1472,4
1568,4
1644,4
1982,4
2058,4
4140,4
4213,4
4217,4
4219,4
4244,4
4489,4
5743,4
6160,4
6345,4
6377,4
6546,4
6558,4
6565,4
6966,4
7371,4
7858,4
8050,4
8671,4
8689,4
9293,4
9376,4
9475,4
9547,4
9555,4
9474,4
9711,4
11300,4
11391,4
12310,4
12465,4
13384,4
13398,4
12482,4
13257,4
13341,4
6612,4
12633,4
14134,4
462,4
14409,4
9407,4
13401,4
9556,4
9558,4
10872,4
2169,5
3578,5
6544,5
6548,5
6820,5
7927,5
7047,5
7938,5
7939,5
7958,5
8053,5
8210,5
8211,5
8490,5
8320,5
8661,5
8543,5
9006,5
9468,5
9661,5
10041,5
11877,5
11969,5
12833,5
113,5
4210,5
8258,5
7315,5
3128,5
6188,3
12723,3
7882,3
14726,3
14910,3
13105,3
14960,3
