21,1,陈郢,13764518505
22,1,Colin哥,15600564726
28,1,mary,18672958481
34,1,zhy,18513217781
51,1,友邦白艳🍃,13466779858
62,1,有好东西水果团购,18602530533
70,1,任龙飞,18510550823
76,1,test3,13071192431
83,1,黄帮,15011465829
158,1,七、尘,17778146915
165,1,小土豆呀小土豆,15250978249
237,1,赵影,15811264518
261,2,萱萱,15986697918
273,1,任汀Ting,18516130403
286,2,刘小喵,13301367229
316,2,🌸索索🌸,13911375022
320,2,jujumama,18811788978
364,1,sunny,13911209010
376,2,能莉,18612119000
400,1,小西炒栗,13931464077
421,1,天使恋人,13222200535
430,2,Queenie,13910196826
523,1,👄Alice👄,15184310491
684,1,雅君,18518758570
841,1,🐲龙姐姐🐲,15010256258
1472,1,杨杨妈,13363408691
1475,1,陈彦,13520598834
1568,1,俏儿,15811396883
1644,1,覃茉（子盈）,18911882323
1754,1,aa灌南新鲜事--爱的小辣椒,15896128621
2058,1,米哥,13040057672
3128,1,🐑妹,18832984731
3309,1,橙先生,15195986011
3311,1,天•一•云,18314876750
3398,1,Judy,18652070814
3407,2,张煦,18662728737
3724,1,肖婷,18013885385
3748,1,吃点好的，很有必要,13838646313
4140,1,奋斗,15090044021
4213,1,夏月婵歌,18530631221
4217,1,张丽勇,15517299288
4219,1,德国莱丽莎壁布安阳专卖,13346641982
4244,1,赤耳,18837292477
4258,2,王健,18611332622
4259,2, 叮当  ,18001207852
4261,2,🎀Angela💓🌺,13581847613
4310,1,李玲,13911751951
4393,1,蝶小妹-农特微商,13478395592
4489,1,╰*๓玉儿ℳ乖乖๑,13783721904
4521,2,妍儿Tsai,15313024208
4530,1,何亚@田木飞狐,15201092232
4640,1,Snow,15105181373
4858,1,王哲,18601103006
4861,1,豆豆,13466587415
4879,2,我❤️水果,13681201116
4880,2,bling,13488860543
4884,2,刘筝,13911739905
4907,1,橘子姐姐,15201092232
4908,2,朵朵妈妈的美食店,13911891461
5130,1,Corona. S,18612625658
5356,1,Bo❤️Bo,13581803636
5743,1,A👄 呐个、蓝 👄,15565711992
5762,2,Lory,15910655552
5801,2,关欣,13701275000
5857,2,畅儿🎀,13661181984
5877,1,给你色彩,18932983825
6160,1,Syy,13460817936
6175,1,💃🏿Czx是谁惪尐太阳🗯💭,13548739192
6345,1,许春宇,13501098216
6377,1,晖姐,15073196668
6546,1,北北,18013401036
6558,1,my_璨 진찬,18112568112
6565,1,郭心情,13062638558
6612,1,李璇儿,15011465829
6705,2,轻风,15811551572
6963,1,soso✨zx,15011465829
6966,1,Adrian,15011465829
7155,1,张九文,18518308190
7173,1,甜蜜时光妈妈俱乐部,15011465829
7371,1,彭博妈妈-18310915085,18310915085
7645,2,小sa,18811607772
7858,1,飞飞,15011465829
8050,1,不悔,18500973357
8258,1,冰山雪莲:高志楠,13785532349
8282,1,sylviazheng,15601697711
8574,2,碧玉玲珑,13573611373
8605,1,文婧。,13520598834
8689,1,Nana,13520606075
9293,1,加可木南,13717810583
9407,1,小鱼🐟鱼,18143018831
9474,1,丽,17080159660
9475,1,NXF ,13580883022
9547,1,小予妈妈,13651240280
9549,2,乐朴MM ✔️,15959004066
9555,1,风铃,17797162816
9556,1,Candy 林,15989354164
9558,1,艳姐18967168121,15011465829
9667,2,璇儿,13611265927
9698,2,心,13701193158
9711,1,小嫩草,15146118111
9714,2,李莹,13811352196
9731,1,🎀赵天真👄💐,13911586900
9775,1,lolita滴答滴,15005182022
9872,1, 王代玲,15011465829
10076,2,五月百合,13693238163
10078,2,安红,13641004810
10099,2,果果妈妈,13910581860
10116,2,玩美时光mary,13381476235
10138,2,🐏李志捷,13810565470
10193,1,AIA-陈娜,15810895531
10367,1,米派,18717700536
10415,2,馨妈,13810056675
10575,2,梅子,18601281215
10693,1,张燕,18612345833
10733,1,女王,13910951196
10804,1,安宁喜悦,15011465829
10838,1,Cinderella💞莹,13121591358
10872,1,重生十月,15699983306
11084,1,陈妍,15011465829
11300,1,请问：丢了我，你会心疼吗？,13693150040
11391,1,黄豆妈_Blanca,15011465829
11458,1,幸福有多远,15011465829
11770,2,孟千耘,13801293100
11814,2,JillyShen,15018438409
11880,1,mirror,13890337718
12254,1,Sophie 潘,18621995652
12310,1,公主(翠翠)汤圆妈,15300130060
12344,1,^･ｪ･^秋韵,15011465829
12465,1,风雨侠客,13311196966
12482,1,梁晓丹,15011465829
12723,1,骆玉辉,13381135989
12794,2,健康相伴美丽人生,13661149930
13199,2,风雪,13691562345
13257,1,果然妈妈,15011465829
13341,1,智慧,15011465829
13384,1,AG小林子私房烘焙,15011465829
13398,1,净沐,15011465829
13401,1,当当妈妈,15011465829
13419,1,小英,15011465829
13439,1,holly,13236593655
13625,1,杰杰妈,15011465829
13706,1,babies「谜底家」,13810685648
14099,1,槐小闹,15011465829
14133,1,林子💕,15011465829
14134,1,Zi Lin 周💋,15801274205
14285,2,念念王子,13552707290
14409,1,New Start💋,18134008666
14796,2,梦境🎊🌟🎉,18201233606
14804,1,任浩,13910761356
14807,1,孟孟,15201092232
14821,2,💝楚依,15709606665
14897,1,芳芳,13641069698
14917,1,张小鸥,15011465829
15149,1,笑笑妈🌺各种水果零食🚚🚚,15011465829
15245,1,壮壮,15022085321
15249,1,张伟,15011465829
15434,2,见思仪,13611321688
15624,2,夜一,13810259700
15627,1,千千,18611945517
15664,2,龙倩,13466646718
15928,2,阑珊,15810064518
15976,1,微儿,15011465829
15998,1,elisa 王,13501068861
16056,1,🇪🇸小鹿🇪🇸,15011465829
16238,1,老九,15901214942
16278,2,逸,13611806930
16357,1,琰~,18801158768
16427,1,🍉C掌櫃ོ  J&ོC美食,15011465829
16450,1,媛媛,13521799921
16470,1,勇,13718814680
16603,1,静,15011465829
16611,2,希少爷爹,18518784507
16777,1,净儿,15011465829
16797,1,千友汇,15011465829
16873,2,卢静,13120476562
16875,1,雅雅公主,18500026518
16930,1,永丰,15011465829
16940,1,李凯,15011465829
16995,1,文佳,13401078312
17008,1,🌻阳光灿烂☀️,13967761511
17095,1,亦彤💃🎨🎶😳,18611799427
17287,1,💕Lu Lu zhen💒,15011465829
17312,1,桃子mama,15011465829
17482,2,张立伟,18149787001
17682,2,幸福のོོོ小熊妈🐻,13844208181
17716,1,赵敏,15011465829
17870,1,美慧,13520598834
17925,1,杨艳丽,15011465829
17970,2,菠萝蜜,15117995471
18027,1,朵子  *summer🌟,15011465829
18107,2,琳mainlin,13810358016
18171,2,niudm,13683687253
18178,1,郭佳,15901568997
18199,2,WDJ,13261341311
18205,1,lily小莉,15011465829
18373,1,vicky,13911925602
18422,1,Miss.T💗,18859975997
18433,2,大萝卜,18001351683
18474,1,¡m、佐小懶🙈,18910805631
18529,1,小小杨,15011465829
18553,1,江西小袁*橙（袁慧芳）,18800175088
18586,1,星转百斗🌠,13810279307
18720,1,Karen Gu,18616202789
18855,2,💄赵泽丹🌺,15910218110
19050,1,吴志茹（瑜伽么么哒^_^）,15810380495
19053,2,晓华,13810458384
19090,1,喵大王😘,15010117425
19231,1,夏天的风,13031115158
19420,2,橙C,13910628684
19464,2,Yoyo,13601095812
19575,1,琳祺,15810994497
19636,1,i'm 喵哼哼🐷,18600232056
19812,1,杨泓🐝,15011465829
19855,1,🔥嚯嚯嚯🔥,15699858120
19857,2,A.sunny,13929736801
19908,1,晚凉~文霞,15011465829
19921,2,佳莉,18612988426
19960,1,a周博士三养教育管理员,15011465829
19974,1,上善,15011465829
20125,1,天天快递＠佳,18921766160
20239,1,😘大然然😘,15133649665
20306,2,Yvonne❤,13718793033
20402,1,小熊猫,15011465829
20442,1,波姐,13701033085
20514,1,🌸子冲MM🌸日韩澳(设我星标哦),13601156756
20593,1,Lucky妈妈,18611993339
20697,1,吉静～健康就好,18612989000
20766,2,冰水,13621154716
20804,1,刁蛮小乖,15001100408
20906,1,方圆@蚝姐姐,18910012086
21019,2,明秋  AQUACOME总代,13269933993
21066,2,歆仪妈咪,13581907036
21632,2,沙沙,13811165600
21694,1,小麦,13910268397
21796,2,安金燕,13520008803
21828,2,润妈,18610855693
21849,1,fish,13910868560
21968,2,倪慧,15810083431
22286,2,AM铭,18606088822
22392,2,大河,13895392916
22532,2,🍒樱桃🍒,18810751937
22735,1,清雨,13699117835
22759,1,北京天地登山俱乐部-老崔,13911216338
22784,2,张猛（太平洋保险）,15811111210
22807,1,女王👸,13241690319
22890,1,流氓小吃货～,18900126572
23065,1,A0淘小霏🇳🇿🇩🇪,13311101067
23094,1,超级mina🐝,13511050155
23108,1,快乐小猪猪-贝玛拉姆,18001318808
23113,1,又妈小店,13581671754
23300,1,大路,13810393645
23312,1,瓦特,18672165056
23358,2,森林木,13501209721
23414,2,璐兒,13810948726
23443,1,北京格格,18888832837
23447,2,马杰,13488821805
23502,2,瑄,13911528651
23541,1,麦豆姑娘,13316161498
23585,2,💰,15001001657
23600,2,吖玲,15559599911
23776,2,Catherine,13911136033
23806,2,小兔子乖乖,13466505864
23810,2,嘉💑,15880956798
23839,1,李琳,13581705823
23938,2,CH果品团,18701069586
23995,2,栾春,13146096234
24039,2,Sally,18611337678
24090,1,grace,13501120865
24234,1,高启伟,18612647417
24334,1,郭甜,18911640249
24351,1,如月小栈,13910553684
24357,2,钟华,13501104011
24440,2,jenny,13911785451
24456,2,可可爱爱,15810270052
24528,2,Lina,13311312711
24541,1,INFINITUS,18311017602
24668,2,刘书伊,13810663816
24800,2,孩儿他妈！,13911328976
24968,2,王云琼,18501036679
25011,2,《啊💕凉》,15259592221
25101,1,清风,13611180789
25141,2,🌸silence xi🌸,13521619666
25635,1,李稚,13693683688
25636,2,棉花也是花 🌺,18612117866
25707,2,天空,15933310281
25783,1,蕊蕊,15810839289
25851,2,葡萄酒作怪,15010069293
25863,2,欣欣,13521606739
25892,2,大弘妈妈,13683287010
25943,1,🍒懿🌸洋🍒,18604091654
25971,2,💫陈小丸👄,15906085666
25988,1,sunshine,13810559374
25990,1,留声机,13701191949
26069,1,gillian,13910975305
26258,1,麻将,13522151242
26312,2,苓,13854809224
26357,1,✨✨宋洋🇩🇪,15201092232
26412,1,提拉米苏,13733201313
26436,2,梦小梦,13811082070
26853,2,Peter,13520650561
26977,2,萱&熙MaMi,18511251183
26980,2,叶子🍃,13701200322
26981,2,hana,13911750172
27076,2,r'7,13626062311
27103,2,张晨,13810061509
27318,2,尚妈宝,18768870810
27444,2,周月琴,13691004932
27731,2,Milly(豆豆),13370128818
27926,2,InaPi,13488789922
27997,1,群主,13811815860
28054,2,🎀 刘容金雨,13581866945
28222,1,❄🌀猴儿🌀❄,18611753097
28302,2,Marmot（吴巧然）,18611761213
28349,1,Ai正品 U品港货,15874160515
28426,2,凤凰社,18640052296
28430,2,燕舟,13910135633
28499,2,👉孩儿他娘👈,18845241888
28581,2,王钰,13601165816
28649,2,踏雪,18510869151
28948,2,张奇梅,13811758085
28964,2,茉莉,13691199386
29479,2,sookie,18601361648
29590,2,A.潘朵拉Pandora👑💋,13599251599
29656,2,侯静,13011210639
29752,2,小九,13426002349
29768,2,蕾蕾🐎,13801104908
29821,2,苗楠,18805342558
29947,2,宁静致远,15210062090
29961,2,聽雪❄️聞香,13901286327
29965,2,相见恨晚,13810326593
30052,2,小主万安,18266616026
30076,1,EQ,18843918080
30322,2,飞雨,18618186880
30445,1,马冬梅,15011465829
30628,1,卜凡,15011465829
30717,2,珠珠fy,13601217997
31014,1,wsy1013,13801391013
31182,1,李贵英,13823668445
31204,2,牛牛,13811587151
31356,2,樊晶,15201406306
31437,1,L,13810329842
31546,1,🐒杨女士,13501158955
31580,2,Maria,13701024258
31589,2,伊人,13701164238
31590,2,E妈,13706473458
31628,1,妮妮,15833986688
31687,1,余丽曼,15588868666
31793,1,我不叫宋瑜,13141234929
31831,1,妮妮🎀,15201189928
31848,1,美美的吃货,13910726445
31926,2,陈lingling,18600017088
32056,2,鑫源妈妈,18744202761
32251,2,田华,13699259791
32288,2,🍼小姑娘,13813363292
32449,2,吃货小王子,18159950000
32460,2,我只是个卖水果的🍑,15615066606
32499,2,飞飞飞,15810928622
32976,2,安心,13911231291
33281,2,苹果树🍎🌲,13401183710
33439,1,咪咪肖,13581707505
33443,2,随缘也,18624399683
33461,2,ss,15001379379
33478,2,王晨,13910927139
33561,1,✨Cathy  chen✨,15011465829
34138,2,白小白在做小甜点🍩🍪🍮🍰,18612248396
34139,1,文欣,13717684336
34568,2,甜甜圈🐠马卡龙,18611214050
35035,2,🐻熊宝宝悦悦💋,13911189457
35281,2,鑫宝妈妈,18510588362
35293,1,wei 翟薇,18610888666
35538,2,小敏感💭,13426065999
35668,1,新疆美食-西域尚品-邵华,15011465829
35928,2,玉风如烟,13520179367
35987,2,喜羊羊@菲妈,13811656728
36030,2,琪晓然,13811005862
36037,2,小嘟嘟,15510386287
36046,2,A毛毛,15712928283
36054,2,白雪,13911098420
36092,2,施瑾,13601395713
36202,2,蓉儿,13911268180
36304,2, 小金鱼儿,13836196779
36475,2,大冷爽   ,13716073911
36640,2,Monica Zhao,18601322977
36684,2,莎莎,18911283701
36703,1,赵杰,13811485752
36797,2,凡凡,13520821969
36906,2,好心情一直都在,18686939930
36945,2,Casablanca,13811303442
37058,2,艳艳,13911296939
37185,2,Catherine•M,18500058056
37207,2,天儿,18600849109
37210,2,佐伊,13521635767
37399,2,谭玲|专注优质农特产,15201295969
37433,1,冯裤子有个兜兜,13810557795
37434,2,悦·景轩🇰🇷韩国,13701356420
37447,2,jasmine,15910790811
37480,1,王虹,13911211734
37570,2,夏天   ོ,15810110281
37659,2,大周和小周,13911410484
37712,2,涵馨,18510784303
37744,1,ZYJ,15227062357
37786,2,云水之间,13801055689
37801,2,阳光,15910787076
37879,2,我就是可乐乐妈,18910052618
37906,2,小猕猴 ‍微信超級會員,18518081589
37910,2,🍭🍭静儿💍💍,13911230260
37935,2,小辉,13910819250
38287,1,❤🐯咩咩,18518081616
38404,2,Grass,13880219807
38407,2,英$,18231101765
38416,2,康春,13469695555
38438,2,肉妈,15011110205
38441,2,贾玉娜,13910095598
38442,2,张韵浩,18910793687
38463,1,Carol,13501173477
38573,2,xx妹🍉,13540529890
38617,2,wangzj❤️kitty,18910626341
38643,2,自由飞翔,18638505026
38645,2,睿雪儿,13311359439
38710,1,呥呥升起💬,18610361669
38749,2,殇訫,18501160187
39163,2,晶晶,18618319269
39196,2,爱吃糖的六一,13582316646
39501,2,ROSE,13801207755
39546,2,王振※,18911339118
39564,2,婚礼策划·韩洁,15811050505
39692,1,Wang小芽,13691366880
39831,1,伊澜.我的甜蜜作坊,13141222200
39840,2,天线宝宝,13720051657
39877,1,Ai Hong,13910228158
39885,2,齐忻Queena,13520050270
39965,2,A松石文玩小小罗-湖北十堰总店,13669091006
40112,2,玲玲,13521650255
40180,1,宁呗儿,13910798110
40576,2,闺蜜🌺明明,15545123403
40604,2,小君🍭,18910019866
40673,1,嗷呦,13581683951
40805,2,酷卡王的🇰🇷小铺,13601063077
40815,2,程春梅,13693136772
40839,2,你是我的蔡,13911562626
40858,2,小轩,13936296130
41290,2,A源生原味侯建欣,18701116056
41511,2,张宇,13381058658
41566,2,云卷云舒,13651050380
41584,2,微凉,18631768731
41867,2,开心果,18610168168
41905,1,茉莉,13621085765
42147,2,云云,15901083901
42148,2,阿布グウ様♪( ´▽｀)💓,15810125723
42397,2,平平淡淡就好,13601059736
42419,2,末末妈,13845118697
42546,1,魏彦彦,13671263104
42900,2,安娜娜,18686999575
42914,2,💋微笑女王💋,18845215050
42996,1,何静波,13845205120
43018,1,殷,18910091559
43035,1,A艺文～🌺,15831883320
43151,1,灸舞-飞流,15001208762
43238,2,乐乐,13810695601
43271,2,森森,15011376993
43351,1,💓润丽💓,13910538310
43375,1,巴图麻麻,15201092232
43464,2,思思妈健康大使,13426301359
43517,1,雨打芭蕉,13503130086
43519,1,Wendy,13521088318
43590,1,郑丹（球球）,13684523938
43788,2,分享,13601386569
44035,2,jane,13305176030
44081,2,木子佳,13910679428
44248,2,李涵霖,13718698008
44388,2,淑丽,13717769349
44390,1,宏阳,13910078709
44549,1,歪歪妈妈,13651251440
44735,2,罗慎,15365033128
44851,2,金环,18618288099
45015,2,anna,13911288441
45027,2,红岩,15011591198
45391,1,莲@荷,13701331413
45396,1,小嵩💝（乐创教育罗斯福三楼）,13311258690
45427,2,毕晨红,13693328086
45492,1,梁婧,18501132821
45520,1,谭伟,13641034936
45547,1,Susie,15251858890
45571,1,冰夏雨南,15901095846
46159,2,黎黎汽车KTV,13901305041
46176,2,🍭锐锐妈💃,13911634458
46233,2,A0 🍬南瓜堡进口母婴🍬,18605183584
46392,2,木木💙L,15630101490
46395,2,邢微,13621335417
46780,1,裴艳蕾,13483049991
46833,2,宝妈,18601124261
46852,2,琪,13810787060
46952,2,李真,18910536277
47094,1,赵小洁,18500667778
47661,2,艾米💰💸💴💶💷💳,13521210818
47755,1,🎀 深蓝色 💖🍭,15811308665
47794,2,a孙晓宇,15666010302
47845,2,尚妈宝,18611100715
48381,1,Ace潇儿,18612271515
48464,1,吉吉,18519867659
48849,1,小坤,18610658180
49169,1,白🎉two💨🐾,18301515993
49840,2,雨夜,13888211624
50112,2, 爱吃俱乐部,13693353605
50138,2,大美妞雯雯,18009221368
50413,2,紫石,13911970665
50483,2,🌷🌷🌷王紫华🐮,18610736348
50817,2,吴瑞峰,18552745574
50818,2,靖江特产直营@双鱼肉脯,18707730793
51036,2,A👙小影子🍭,15046207992
51049,1,翼妈,13552742159
51059,1,好香,15610587890
51117,1,Cheོrry,13969802825
51193,1,AA胖美妞欧韩馆,13314665012
51233,1,张丹,13601375822
51472,2,DR王芳～wv下一站：澳门🇲🇴,15810356867
51516,1,潮宝贝，（韩国🇰🇷代购）,18846316336
51741,1,💋吃货朵儿,13845233244
52007,1,A🎀童衣战线🎀,15145008797
52470,1,小马驹妈妈,15845655592
52672,1,🎀贝贝,18045211516
52717,2,西西囧,13716754126
52718,2,红果果,18911106191
52852,1,妤文（玉洁）,15901155863
52872,2,张辉,13716434465
53068,1,佳佳,13911923501
53175,1,天道酬勤,15201092232
53183,1,唯诺💕萌萌,13763513626
53232,1,🌸果冻布丁🌸,17778033001
53233,1,.WoO、,18514590420
53568,2,玎妈,18811796029
53603,2,🍉墨宝_,13704522131
53849,1,J&#039;S,13910592695
54393,1,幸福人生,15201092232
54696,1,笑儿妈,15201092232
54775,2,正能量女王Tracy,13910882590
55281,2,我叫忒没溜,13911236017
55572,1,晓丽,13516851363
55609,2,💖琳琳♌️,13910052095
55612,2,灵静,13691120543
56716,1,小倩,13901098150
56826,1,妖怪,15201092232
56968,2,芮宏阳,15011401807
57037,2,lucyli,13681451380
57058,1,岁月静好,13810461260
57311,1,逝去的记忆,15201092232
57355,1,樂🎀樂❁҉҉҉҉҉҉҉҉,18645212999
57407,2,扬😚,13359579449
57512,1,周雨萱,13813152456
57580,1,吃货团长,15500203813
57612,2,因为喜欢,18201423236
57643,2,__Mina🌸,13251895888
57673,1,徐杨杨,15846139589
58096,1,sui满满🍧,15201092232
58281,2,朱艳华,13522827941
58314,2,娟子,13021234345
58448,2,洪明hemming,15901040605
58524,2,Zhou Tao,13801030636
58579,1,桉桉家,13810195590
58766,1,茉莉清香,15201092232
58767,1,欣然,15201092232
58960,1,丁佳蕊妈妈,18811102132
59435,2,依苒,18903621281
59562,2,平凡,13138640019
59622,2,陈陈妈咪,13785081089
59985,1,🌺小花小树妈🌳,13601066350
60027,1,王丽,18746836332
60036,2,爱雪麻麻,13910715657
60125,1,木豆鱼,13370130546
60141,1,肉肉,15811127289
60144,2,秋儿🌺,13811190409
60158,1,二锤,13910567959
60393,1,幸福馅,15201092232
60407,2,🍓喜洋洋吃货大街🍒,13836244944
60763,1,委屈宝宝🐶👻🐢,15133321930
60787,2,颜儿,18803130822
60821,2,吃货天堂,15210151207
60873,2,刘蕾,13811281589
60949,1,大明,18510887791
60999,1,吃吃吃,18500240433
61232,2,🙏弘晟🙏,13810377193
61315,2,👿锋哥🇨🇳🇨🇳👿,17710038206
61361,1,娟🌺Joanna,13911397849
61385,2, 小熊蜜糖 ҉٩(*^㉨^*)۶,18810084820
61458,2,雪英,18612119350
61463,2,月牙儿,13520027115
61496,2,金航妈,13810708038
61688,1,暖暖,13520598834
61769,2,相约。幸福,13784599251
62150,1,微笑,15201092232
62219,1,啪啦啪啦小魔女,18611821580
62301,1,🙏🙏🙏弘愿🙏🙏🙏,13810083888
62496,1,晴天小🐷🐷,15201092232
62588,1,秋景,15201092232
62590,1,哇哈哈,15011465829
62732,1,炫目,17710391610
62895,1,首席管家,18510887791
62914,1,吃货一枚,15810030015
62980,1,丫头,18611131770
63015,1,希瑞,13791221020
63159,1,雪飘梅香 🇨🇦,13146991308
63387,1,小棉袄🎀,18600378910
63409,1,Captain chan,15810715966
63502,2,秋天,15101511060
64328,1,💋happiness luo💗,15201092232
64512,1,-.🐻.娇,13766581391
64608,1,能吃是福,13521988922
64671,1,A沈静,13501038758
64734,1,王超,13810585516
64736,1,时光时光,13595011178
64995,2,吃美食享受生活,13439884601
64996,1,小回,13910185703
65028,1,王颖,18611765650
65501,2,妞妞酱肉小馆一一妞妞妈,13521302388
65654,2,🌺yuuu.,18510231707
65705,1,黄亚盟,13911133668
65819,1,李小美、要幸福,15101071616
65878,1,😊辰,18101115787
65887,2,龙宝儿,18911585597
65905,2,杨梦达,13810887381
66025,1,漠子,18637129657
66063,1,宁宁**蒙牛酸奶,15546294455
66213,2,俩孩子的妈🎃,18601150783
66306,2,♛Ꭶ̀ Regina懿 💃,15662177771
66402,2,蕊,18611559307
66602,2,淼淼,13691150934
66894,2,清,18005428057
66913,1,╭☞ 源 圈 💭,18601258956
66919,2,amily,13901328463
67079,1,数你,18184781771
67280,2,小圆儿,15811038680
67413,1,Eileenwxy,18600059718
67479,2,瑶瑶,13716936710
67498,2,平凡人,13623831121
67527,2,博妈在线,13661117967
67537,1,Kathy,13911700126
67730,1,好难瘦小姐 😝,18600120820
67771,2,卖美食的小女孩,18686940997
67813,1,Meg,13911049140
67861,1,纸鸢,17326860920
67902,2,💒石龙文化婚礼策划🚗🎎,13910162518
67957,2,淡泊,13801126387
67980,1,💓 "Oo.Zw_wZ.oO"●﹏●妞❕,18611641833
67995,2,湛，妈,13691316584
68055,2,cjz-2,13705034708
68059,2,A 👼 牛林林 ✨,18811313457
68103,1,静心,18002066888
68880,1,周力静-天木工艺,11100099901
68926,1,戴小念,15873091740
68931,1,郑小欠是天蝎座,13811161205
68959,1,诺大诺宝儿,18611161215
69440,2,都都,18601392805
69534,1,靖18500505980,18500505980
69544,1,逗鱼,13520598834
69561,1,❤️小猪✨,13520598834
69571,1,湘姚,13716716451
69611,1,A-D,13520598834
69624,2,太阳声起,13681212357
69771,1,mengxia梦霞,15135143895
69999,2,木青子争,13911835241
70087,1,A-鼻涕妞儿,15011542865
70133,1,A&amp;amp;Yy,13810896239
70178,2,♛ Queen .,15810691392
70207,1,首席妈妈团,13581701561
70405,2,李*^_^*晶,13693000287
70436,2,美睫师梁夏,18614233131
70457,2,刘丹,13718665166
70604,2,发现美食,18600131664
70814,1,S🌸S,13911733103
70878,2,薇风拂过,18618191022
70927,1,赵菲,15552865575
70944,1,小馋馋不拉理,18653140357
70998,1,青🌟青🍊🌴,15865512528
71120,2,试吃员,18611291980
71189,2,笑一笑,13153169262
71632,2,水晶晶,13426301760
71753,1,🍒霓🍒,18611516898
71759,1,小晨,18612696378
71800,1,NANA,13911152869
71962,1,关wei,12332434562
71989,1,玖天,18611518766
72134,2,巴图姐在西雅图,13501240219
72136,1,👶小萌🍼大菥（诚招加盟）,15810107370
72247,2,好人好梦,13946206060
72393,2,华,13520651455
72410,1,test1,15003227189
72500,2,~Ever~,18660109358
72577,2,小水,15652627729
72709,1,幽静,13693360772
72830,2,🌺米小米🌺✌,15001307578
72833,1,龙凤宝妈,15011465829
72834,2,eva,15911121236
72849,2,A吴春影,13370141010
72928,1,熙熙相印,15201092232
72949,2,123,15011154140
72979,1,王姝,18600806430
72993,1,💓萌萌巴黎购💓请加星标,18611626808
73190,2,可可妈💓（梦克拉）,13315135599
73198,1,萌萌妈咪0930,13041113809
73249,2, 幸福宝宝,13910166574
73339,2,齐达超,13811376983
73591,2,三杨开泰,15373277991
73671,2,蓝百合,18610313472
73692,2,槑完槑了,17746523007
73697,2,雪卿     ,13810011124
73707,1,💤💰💋️,18610695673
73741,1,A✨希望🎲,13701322664
73801,1,夏末秋芷💤,15810911604
73887,1,2,18511987953
74180,2,全学文(韩优淘),18604331260
74201,1,岳,15201092232
74484,1,💃恬妞儿麻麻💓,15201092232
74498,2,我行我素,13311195509
74536,2,李智丹@知丹养生堂,13301178969
74731,2,Li,15701363436
74778,2,一起陶吧,15831368565
74859,2,ʚ别理这个美男子ɞ,18810698705
74874,2,玉玲珑 保迪秀常营店,13681069967
75094,2,如愿的小马,13683023567
75098,1,高调唱情歌,18515505091
75130,2,吕玉荣,15801386069
75314,2,润儿,13526555730
75517,1,黄小卷儿,13699155709
75543,2,俏俏,18632626420
75600,2,周通,15110268429
75657,2,吴小仙儿,15010002376
75742,1,王 阳,15201092232
75818,2,A小太阳,18553139308
75872,2,Wei薇,13426288173
76042,2,MM豆,18518379370
76403,1,心情不错,15010305092
76596,2,上善若水,13601371339
76777,2,guofei,15001085041
76848,2,西城微平台,13161708811
77005,2,嗯哼👣,13361313371
77046,2,一米阳光👑,18611232272
77077,2,隋建平,13082688277
77083,2,Phoebe（月叔）,18610516638
77527,1,英美,13401115140
77545,2,Gloria,13810085574
77669,1,坨坨,13581792523
77726,2,🎀笑美丽👄,13671113949
77836,2,萌萌,13811092003
78036,1,✨景🎀景✨,15201092232
78080,1,瑜中鱼,15201092232
78097,1,花香袭人,15201092232
78161,1,Ada🌸,15810422083
78297,2,Jolie,13911270825
78479,1,清,13854162807
78808,2,swan,15889746517
78882,1,尤尤,13070159676
78912,1,美好人生,13517470957
78947,2,阿拉蕾💕,13801315929
78984,1,HOPE,13810722009
79121,1,Sheryl,18610056005
79174,1,活。该出色,15201092232
79176,2,RZ,13505460512
79191,1,🍭🍼🚁🚗关少,15010052887
79609,2,丹丹family 🐻,18612700789
79685,1,青￡涩崔崔,15034238252
79879,1,🎀微微旧好🎀,18612067977
80017,1,小猪哼哼,13611051151
80546,2,马丛,13671083913
80575,1,豆豆^(oo)^,18612621177
80725,2,妖儿,15373275289
81068,2,北京那丫头,13501165059
81255,1,念慈,18910199172
81267,2,笛子,18201680513
81343,1,哈哈镜(陶艺馆),15201092232
81423,1,华,15201092232
81544,2,潘昱如&Katherine,13510025299
81649,2,Tina糖堆儿家,18538710099
81894,1,李迤,15011465829
82071,1,宝儿,15201092232
82130,2,🌸7'小花…,15910870121
82158,2,阿丸教主,15910707008
82179,1,🍒Song🍒,15901512906
82193,2,Dyson妈🇨🇳🇨🇳🇨🇳,18611083777
82251,2,朱智新,15001216096
82397,2,棒棒糖,13911055594
82413,1,👧luna❤🐳💐,13581773273
82514,2,may,18931976658
82788,2,💋、小譚,13911908573
82917,2,          A❤霞   ,13261876883
82932,2,龙灵儿,13810012400
83365,2,小酒窝♀♀,13611028064
83495,2,Lily,15942865699
83502,2,周丽洁,18310991367
83520,2,蓉,18511248122
83727,1,🍒梓涵🍒,15201092232
83740,1,Miranda,13810220233
83749,2,矮油！王小瘦呀！,13810880822
83888,2,Monica 石朝旭,13911590809
83911,2,💝💝西西幺💝💝,13810074175
83993,2,陈文勇,15131003118
84143,2,长青木,13426290215
84154,2,An安静,15936287860
84249,2,xiaoxia noah,13601294873
84405,1,向日葵的青睐,15201092232
84620,2,,18513382269
84751,1,子亲,13521455929
84876,2,“包”治百病,13651012392
84920,1,🌶️小辣椒🌶️,18501971815
84978,2,奥妙果果,15081580799
85077,1,🌸LOST🌸,15611001618
85184,1,💤ZM💤,18801080711
85195,2,千珊分享好东西,13701172580
85403,1,✨👑大帆帆🌺💍✨♋,13911115283
85429,2,张梅 大专 本科国家承认学历,13693282560
85865,2,Tank妈咪招募云集店主,13633823133
86114,2,韩家小龙,15628950300
86119,2,蛮蛮o(^_-)O,13601271790
86204,1,AiMi童话,13910254761
86421,2,东华,18500060833
86474,2,莹,18654531389
86711,2,香菊,13513440823
86947,1,邱建,13693660207
86994,2,尚国旗,15210745887
87255,2,Beautlful  Crystal💋南宫🌹,18601272557
87262,2,娜小主,13811150586
87738,1,幽兰香,13978449642
87831,2,美味团长,15801399521
87951,1,Lord,13718280119
87961,1,👑嘟嘟💕,15201092232
88209,1,☔💍👗「墨墨」☔💍👗,17746595229
88242,1,玉霞,13520166187
88313,2,游飞,15954119111
88851,2,禁猎区-王尊义,13701164789
88974,2,好心情,13126669073
89032,1,孙小妖,13601361924
89033,1,嘵＇譿💃,18341009600
89067,1,BaBY,15333371923
89249,2,｀x 、Chen . 峰,15210286686
89317,1,R.,13811963746
89371,1,佳妞儿,13810778571
89491,2,smile િ😚ી洋洋💗💯,18516979685
89655,2,吴洁,13311370950
89657,1,Hitomi希多蜜美瞳网购包邮,15201092232
89874,2,王明,13910596913
90413,2,晖姑娘,18339249619
90423,2,娜小果,18638683213
90471,2,花满楼,18660117036
90485,2,小尾巴,15200025900
90506,1,刘轶娴,13681130778
90605,1,有好东西,13978449642
90641,1,Darling_zhang🍇🍒🍓🍗,15001250431
90759,2,庞小米,18811216520
91192,2,杨琳,18611610298
91357,2,刘鑫,15801570747
91498,2,EdisonLiu,13911417139
91625,1,晓晨,13552202233
92384,1,李丹,18610711816
92482,2,欣小主,13811810605
92742,2,大朵朵儿,15810300106
93285,1,梦如人生,15612340130
93333,2,一帆,18612281751
93715,2,Amber🎀黎黎,18610711816
93850,1,💗CYY💗,15201092232
94397,2,べ等一个晴天,18518706369
94451,2,薇,13834131226
94522,1,小菇凉,15001330733
94555,2,小米粒,18515132059
94790,2,王文倩,15110072009
94890,1,木木鱼,13739831983
94999,1,虎妞,13651135808
95424,2,实在人,15010073643
95600,1,亦风,13141373166
95983,2,︶郝（先生）|🇨🇳,17743003020
96059,1,侯艳ོ Alina,13910406540
96114,1,专业空气防护3D硅胶口罩,18618371616
96462,1,兔兔,17715081480
96572,1,囧小姐米亚💟ゆずき,13581715505
96613,1,～娇,13264239500
96677,1,Q7,18612647417
97076,2,永华,15321056600