59
237
261
273
290
316
320
349
368
376
430
1472
1568
3311
4258
4259
4285
4310
4340
4521
4874
4879
4880
4890
5130
5820
5828
7728
8050
8634
9547
9667
9711
10099
10733
10804
11623
11770
11853
12465
13257
13401
13752
14196
14804
14807
14897
15998
16238
16797
16995
17095
17870
18081
18373
18630
18964
19464
19482
19575
19921
20442
20492
20593
21019
21066
21162
21846
21849
21968
21975
23301
23358
23414
23443
23483
23502
23576
23776
23836
23938
24090
24668
24740
25016
25635
25716
25892
26436
27964
27980
27997
28497
28948
29204
29656
30625
31204
31356
31358
31426
31427
31433
31831
32251
32796
32944
33281
33433
33439
33792
34568
35507
35987
36030
36037
36202
36222
36776
37433
37447
37457
37480
37570
37879
37896
37910
38617
38911
39831
39840
40805
40858
41116
41290
42158
42544
42743
42744
42900
42902
43076
43287
43351
43517
44186
44360
45009
45335
45427
46085
46325
46833
46929
47190
47755
47991
48464
48964
48990
49169
49633
49859
50924
51036
51049
53143
53356
53849
54775
55926
55962
57580
57612
59537
59554
60036
60141
60407
60787
60873
61361
62454
62914
62980
63387
63472
64512
64629
65028
65177
65346
65819
65905
67048
67280
67413
67527
67604
67902
68266
68627
69440
69532
69624
70087
70133
70264
70506
70591
70927
71500
71509
71632
71674
71721
71753
71811
71861
72108
72127
73198
73591
73697
73741
74363
74484
74498
74503
75130
75156
75560
76950
77161
78114
78984
79590
80017
80846
81255
81560
81580
81860
82081
82179
82193
82481
83947
84265
84290
84584
84694
86021
86463
88024
88209
88623
89655
89874
89968
90003
90485
90878
90884
91192
91274
92044
92104
93433
93506
93595
93850
94689
95445
95894
95948
96114
96192
96669
97065
98259
98670
98736
99489
99535
100521
101107
101207
101369
102438
103027
103120
103142
103520
103861
104506
104832
104873
105432
105496
105630
105820
106725
107346
109034
109462
109825
110200
110221
110552
110588
110808
110839
110936
111039
111401
111493
112343
112801
113329
113653
113865
113868
113988
114338
115100
116955
116959
117765
118242
118729
119443
119824
120601
120702
120763
120770
120952
121791
121830
121876
122583
123031
123705
124016
125292
126012
126268
126594
127302
127540
127849
128141
128203
128219
128248
128249
128446
128620
129129
129266
129320
129752
130302
131234
131437
131521
131877
132306
133483
133840
133846
134289
134483
134510
134889
134920
134977
135063
135225
135529
135723
135759
135884
136082
136516
136682
136755
136788
137377
137489
137548
138259
138364
138530
138641
138658
139056
139457
139586
139648
139918
139973
140011
140291
140321
140983
141531
142240
142596
142982
143145
143390
143604
144063
144218
144236
144536
144604
144612
144689
144695
144841
145007
145089
145201
145287
145346
145393
145431
145519
145553
145957
146093
146119
146279
147650
147706
148123
148392
148430
148961
149364
149934
150342
150553
151140
151766
152284
152445
152539
152625
152937
153023
153343
153640
153725
154028
154100
154351
154403
154946
155463
155580
155705
156140
156188
156270
156301
156405
156605
156981
157405
157688
158275
158331
158343
158367
158458
158811
158883
159117
159829
160042
160357
160445
160730
160848
161121
161311
161643
161787
161809
161834
162213
162309
162539
163115
163205
163251
163319
165137
165315
165574
165609
166289
166743
166878
166964
167128
167319
167382
167490
167526
167704
168019
168023
168989
170109
170557
170599
170661
170806
171026
171362
171547
171601
171790
171882
172057
172062
172282
172793
172860
173130
173283
173878
174019
174200
174365
174595
174704
175216
175534
175581
175615
175880
176155
176328
176576
176580
177475
177589
177746
177942
178410
178957
180075
180416
181998
182079
182135
182172
182956
183572
184292
185462
185566
185765
186102
186272
186428
186507
186848
187074
187362
187436
187945
187996
188150
188218
189277
189428
189517
191499
192035
192063
192393
192563
192811
192837
193268
193297
193600
194835
196670
197796
197890
198633
199303
199372
200754
201016
201048
201728
202322
204683
204927
205158
206612
206760
206780
206908
208310
208620
209430
209952
210115
211250
211335
211593
212386
213879
213923
214487
215782
216697
217393
218715
219396
219681
220020
220373
220423
220508
220531
220610
220721
220766
221037
224053
224444
224898
225451
225539
228592
230252
230911
232356
232488
235478
237217
237797
239562
240797
242001
244157
245760
245816
245896
245897
247202
247344
248453
250598
251882
255332
256007
266777
270083
272973
