59
237
261
316
320
368
376
430
1472
1568
3311
4285
4310
4879
4880
5828
8634
9547
9711
10099
10733
10804
11623
11770
13257
13401
14196
14897
16995
17095
17870
18081
18373
18630
18964
19464
19482
19575
19921
20442
20492
20593
21019
21066
21846
21975
23301
23358
23414
23443
24668
24740
25016
25635
27964
27980
27997
28948
29656
31204
31426
31831
32251
33281
35507
35987
36030
36037
36202
37433
37447
37457
37480
38617
39831
40805
40858
41290
42544
42900
42902
43076
43287
43351
43517
44186
45427
46085
46325
47190
47755
47991
48464
48964
48990
49859
50924
51036
51049
53143
53849
54775
55926
57580
57612
59537
60141
64629
67048
67413
67527
67604
67902
70264
71500
71721
71811
73198
73741
74503
75130
75560
77161
78984
80846
81255
81560
81580
82081
82193
83947
84694
86021
90003
91192
91274
92104
93433
93506
94689
95948
96114
96192
96669
97065
99489
99535
100521
101207
103120
103520
104506
104873
105432
105496
110221
110552
111493
112343
112801
113653
113868
115100
116955
117765
118242
120601
120770
120952
122583
123705
124016
125292
126012
126268
126594
127540
127849
128446
128620
129266
129752
130302
131234
131877
133840
134289
134483
134510
134977
135063
135225
135529
135759
135884
136082
136682
136788
137377
138259
138641
138658
139056
139457
139918
140011
140983
142240
142982
143604
144063
144218
144536
144612
144689
144695
145089
145201
145287
145393
146119
147706
148123
148430
148961
152445
152539
152625
153725
154028
154351
154946
155580
156140
156188
156405
156605
157405
158275
159829
160445
161311
161787
161809
163205
166964
167319
167490
167704
168023
170109
171026
172282
172860
174019
174365
175615
175880
176155
176576
177475
178957
180416
182079
182172
185462
187362
187945
188150
188218
192035
192811
198633
199303
200754
201016
201728
202322
204683
204927
206612
208310
209952
212386
216697
218715
219681
220766
224053
225451
230252
244157
245816
245896
245897
255332
