237
316
320
368
430
1568
4310
4879
5828
8634
9547
10733
11623
11770
13257
14196
16995
17095
18373
18964
19464
19482
20442
20492
20593
24740
25635
27980
27997
28948
29656
31426
31831
35987
36030
36037
36202
37447
38617
40805
40858
41290
42900
43076
43287
43517
44186
47190
47755
47991
48964
49859
50924
51049
53143
53849
54775
57580
57612
60141
67413
70264
71500
71721
71811
73741
78984
81560
82081
82193
83947
86021
90003
91192
91274
92104
93506
96114
100521
103120
103520
105432
113653
113868
115100
120770
120952
122583
124016
126268
127540
128446
128620
129266
129752
131234
133840
134289
135063
135225
135529
135884
136788
137377
138658
139056
139457
140983
144063
144218
144536
144612
144695
145201
145393
147706
152445
155580
156405
156605
160445
163205
167319
170109
171026
174019
177475
180416
182079
187362
187945
188218
192811
200754
201016
204683
208310
224053
225451
