19709,11608216662147
19708,11608216662146
19693,11608216645112
19692,11608216645098
19690,11608216662145
19687,11608216645139
19686,11608216645111
19684,11608216644866
19683,11608216645097
19682,11608216645138
19681,11608216662144
19679,11608216644600
19678,11608216645110
19677,11608216645076
19676,11608216645116
19675,11608216645137
19674,11608216662142
19671,11608216645075
19662,11608216644865
19659,11608216645136
19658,11608216662141
19653,11608216645074
19650,11608216644599
19647,11608216644916
19641,11608216644611
19625,11608216644598
19624,11608216644610
19623,11608216645096
19622,11608216645109
19618,11608216645108
19617,11608216644915
19616,11608216645154
19612,11608216644914
19608,11608216644913
19606,11608216644912
19602,11608216644911
19599,11608216645107
19596,11608216644910
19594,11608216645095
19593,11608216645091
19592,11608216645106
19591,11608216662140
19588,11608216645153
19587,11608216645135
19584,11608216645152
19583,11608216645151
19582,11608216645150
19581,11608216662139
19580,11608216644909
19579,11608216644908
19577,11608216662138
19574,11608216644907
19571,11608216662137
19568,11608216645090
19565,11608216644904
19564,11608216644864
19562,11608216662136
19557,11608216644903
19556,11608216662135
19555,11608216662134
19554,11608216662133
19553,11608216644609
19552,11608216644863
19551,11608216644902
19550,11608216645089
19548,11608216645134
19543,11608216662132
19540,11608216644862
19539,11608216645149
19531,11608216662131
19528,11608216645132
19526,11608216662130
19522,11608216645115
19521,11608216644901
19520,11608216645114
19519,11608216644608
19518,11608216645131
19517,11608216645130
19516,11608216645148
19515,11608216662129
19514,11608216645105
19513,11608216645104
19509,11608216645147
19507,11608216645088
19504,11608216645103
19500,11608216644861
19498,11608216644900
19496,11608216662128
19494,11608216645102
19492,11608216662127
19490,11608216645146
19483,11608216645129
19482,11608216645128
19478,11608216645127
19476,11608216644860
19473,11608216645126
19468,11608216644899
19466,11608216644898
19465,11608216645087
19464,11608216644859
19463,11608216644607
19462,11608216644897
19461,11608216645086
19460,11608216645101
19457,11608216644896
19456,11608216645145
19455,11608216645144
19454,11608216645125
19453,11608216644894
19451,11608216662126
19440,11608216662125
19438,11608216644893
19437,11608216662124
19436,11608216645085
19434,11608216662123
19432,11608216662122
19431,11608216662121
19430,11608216644892
19429,11608216662120
19428,11608216662119
19426,11608216645124
19424,11608216662118
19423,11608216644606
19422,11608216644891
19421,11608216644890
19419,11608216645143
19412,11608216645113
19409,11608216645142
19404,11608216644605
19398,11608216644597
19390,11608216644858
19387,11608216644596
19382,11608216662117
19381,11608216644595
19379,11608216644594
19376,11608216662116
19374,11608216644857
19371,11608216644856
19370,11608216662115
19364,11608216662114
19362,11608216644889
19354,11608216645084
19348,11608216662113
19343,11608216644888
19342,11608216662112
19340,11608216644593
19339,11608216644855
19335,11608216662111
19333,11608216662101
19331,11608216644604
19328,11608216645083
19327,11608216645123
19323,11608216645122
19316,11608216662110
19314,11608216644887
19313,11608216644854
19311,11608216645082
19309,11608216644853
19308,11608216644886
19307,11608216645081
19301,11608216645121
19299,11608216644885
19294,11608216644884
19293,11608216662108
19292,11608216662100
19287,11608216645141
19282,11608216644852
19280,11608216644883
19279,11608216644592
19278,11608216662107
19276,11608216645080
19275,11608216645079
19274,11608216662106
19273,11608216645120
19272,11608216644882
19268,11608216644881
19266,11608216645119
19263,11608216645118
19262,11608216662105
19259,11608216644879
19258,11608216662103
19257,11608216644591
19256,11608216644878
19249,11608216644603
19246,11608216644602
19238,11608216645078
19236,11608216644877
19235,11608216662102
19233,11608216644876
19223,11608216644851
19222,11608216645140
19214,11608216644875
19211,11608216644874
19199,11608216644873
19154,11608216644850
19135,11608216644849
19126,11608216644871
19125,11608216644848
19113,11608216644870
19112,11608216645100
19100,11608216644847
19097,11608216644846
19094,11608216644845
19084,11608216645077
19063,11608216644844
19054,11608216644843
19047,11608216644842
19045,11608216644841
19044,11608216645099
19032,11608216644869
19026,11608216644840
19010,11608216644839
19009,11608216644838
19007,11608216644837
19006,11608216644836
19005,11608216644835
19004,11608216644834
19001,11608216644833
19000,11608216644832
18994,11608216644831
18993,11608216644830
18992,11608216644829
18989,11608216644828
18986,11608216644827
18982,11608216644826
18976,11608216644825
18973,11608216644824
18970,11608216644868
18966,11608216644823
18964,11608216644822
18963,11608216644821
18961,11608216644820
18958,11608216644819
18953,11608216644818
18933,11608216644590
18902,11608216644867
18899,11608216644817
18889,11608216644816
18877,11608216644601
18848,11608216644689
18838,11608216644688
18832,11608216644687
18827,11608216644686
18815,11608216644685
18814,11608216644684
18810,11608216644683
18809,11608216644682
18808,11608216644681
18805,11608216644680
18792,11608216644679
18787,11608216644678
18784,11608216644677
18779,11608216644676
18774,11608216644675
18773,11608216644674
18770,11608216644673
18768,11608216644672
18766,11608216644671
18763,11608216644670
18761,11608216644669
18749,11608216644668
18748,11608216644667
18747,11608216644666
18746,11608216644665
18743,11608216644664
18742,11608216644663
18740,11608216644662
18734,11608216644661
18733,11608216644660
18732,11608216644659
18730,11608216644658
18725,11608216644657
18721,11608216644656
18713,11608216644655
18711,11608216644654
18702,11608216644653
18699,11608216644652
18695,11608216644651
18693,11608216644650
18683,11608216644649
18682,11608216644648
18680,11608216644647
18679,11608216644646
18677,11608216644645
18676,11608216644644
18674,11608216644643
18673,11608216644642
18672,11608216644641
18668,11608216644640
18665,11608216644639
18664,11608216644638
18663,11608216644637
18662,11608216644636
18657,11608216644635
18655,11608216644634
18654,11608216644633
18653,11608216644632
18652,11608216644631
18651,11608216644630
18650,11608216644629
18649,11608216644628
18648,11608216644627
18647,11608216644626
18646,11608216644625
18645,11608216644624
18643,11608216644622
18641,11608216644621
18640,11608216644620
18639,11608216644619
18637,11608216644618
18636,11608216644617
18635,11608216644616
18634,11608216644615
18633,11608216644614
18632,11608216644613
18627,11608216644612
18612,11608216662099
