16
1
7
4
1
16
16
2
8
3
6
17
18
3
10
6
5
6
18
2
7
4
1
19
11
18
19
3
5
4
19
10
9
2
6
4
3
9
9
2
1
1
17
7
10
5
1
4
2
1
2
3
3
3
1
19
17
6
7
19
1
1
2
12
1
5
19
19
5
9
6
19
15
2
11
1
1
7
12
18
3
2
17
16
11
1
13
4
9
1
1
1
3
3
3
8
3
6
10
2
4
3
1
1
2
6
3
15
17
3
1
11
5
3
5
11
17
2
2
2
3
4
15
3
2
8
9
4
1
13
3
1
18
18
19
4
2
1
2
6
6
7
1
19
1
14
11
12
11
3
1
2
7
1
18
7
7
4
19
11
1
1
12
1
3
1
13
14
15
19
3
4
7
3
5
3
8
5
1
1
1
3
1
1
2
1
5
13
12
19
3
8
12
13
7
12
1
18
17
1
3
2
1
2
2
3
2
14
4
7
19
2
1
4
8
1
1
16
1
11
8
14
15
14
5
13
1
1
10
6
17
3
3
7
3
7
3
11
7
10
19
1
8
2
3
10
10
1
8
5
10
17
1
1
5
1
12
3
9
1
2
6
10
6
10
12
1
1
7
5
1
2
1
3
17
10
19
1
3
6
1
1
14
3
4
6
11
1
2
3
10
6
17
6
2
6
2
