1000018301201610310675504085
1000018301201610310674637261
1000018301201610310674569136
1000018301201610310674114652
1000018301201610310673362249
1000018301201610310673013842
1000018301201610310673123555
1000018301201610310672749269
1000018301201610310671551473
1000018301201610310669888281
1000018301201610310668973733
1000018301201610310668224960
1000018301201610310667648518
1000018301201610310667513526
1000018301201610310666030773
1000018301201610310665784320
1000018301201610310665082427
1000018301201610310665371054
1000018301201610310664101383
1000018301201610300663470885
1000018301201610300663243397
1000018301201610300663447002
1000018301201610300662901640
1000018301201610300662678518
1000018301201610300661219166
1000018301201610300660613526
1000018301201610300661001040
1000018301201610300659626245
1000018301201610300659370308
1000018301201610300659059529
1000018301201610300658681335
1000018301201610300658142623
1000018301201610300657793588
1000018301201610300657176977
1000018301201610300657171833
1000018301201610300657096389
1000018301201610300656946564
1000018301201610300656571956
1000018301201610300656859427
1000018301201610300656395272
1000018301201610300655021870
1000018301201610300655180230
1000018301201610300654004759
1000018301201610300653769102
1000018301201610300652992899
1000018301201610300653160518
1000018301201610300652459179
1000018301201610290650062769
1000018301201610290649505944
1000018301201610290648668700
1000018301201610290649384043
1000018301201610290647743682
1000018301201610290647230643
1000018301201610290646952617
1000018301201610290645953973
1000018301201610290645941791
1000018301201610290645511192
1000018301201610290640177414
1000018301201610290636960885
1000018301201610290636158864
1000018301201610290633454732
1000018301201610290634038238
1000018301201610290633092744
1000018301201610290630855009
1000018301201610290629678707
1000018301201610290628216885
1000018301201610290627302936
1000018301201610280625475850
1000018301201610280623630436
1000018301201610280624184018
1000018301201610280622624696
1000018301201610280621196905
1000018301201610280620529753
1000018301201610280620184633
1000018301201610280620394240
1000018301201610280619966283
1000018301201610280618867026
1000018301201610280614625167
1000018301201610280611636601
1000018301201610280611787378
1000018301201610280610816742
1000018301201610280607195786
1000018301201610280600274813
1000018301201610280599385860
1000018301201610280596800619
1000018301201610280594474088
1000018301201610280593229486
1000018301201610280592994408
1000018301201610280592427321
1000018301201610280592789138
1000018301201610280592678120
1000018301201610280591855606
1000018301201610280591184545
1000018301201610270589930698
1000018301201610270589653780
1000018301201610270589972082
1000018301201610270589713290
1000018301201610270589097824
1000018301201610270588788597
1000018301201610270586476990
1000018301201610270586476979
1000018301201610270586173185
1000018301201610270585786590
1000018301201610270583473627
1000018301201610270582964884
1000018301201610270582452982
1000018301201610270582407015
1000018301201610270581747133
1000018301201610270581213537
1000018301201610270580794711
1000018301201610270580483927
1000018301201610270579475716
1000018301201610270579294741
1000018301201610270579238725
1000018301201610270579470544
1000018301201610270578895990
1000018301201610260577073587
1000018301201610260576907546
1000018301201610260576757738
1000018301201610260576079440
1000018301201610260575090883
1000018301201610260575171245
1000018301201610260574698012
1000018301201610260573330341
1000018301201610260573099723
1000018301201610260573152525
1000018301201610260573160299
1000018301201610260572709009
1000018301201610260571952635
1000018301201610260571777684
1000018301201610260571897485
1000018301201610260571539565
1000018301201610260570959942
1000018301201610260569695348
1000018301201610260569064681
1000018301201610260569060376
1000018301201610260569107116
1000018301201610260568163693
1000018301201610260567781894
1000018301201610260568162137
1000018301201610260567577919
1000018301201610260568011290
1000018301201610260567968274
1000018301201610260567974261
1000018301201610260567811050
1000018301201610260567316557
1000018301201610260566833531
1000018301201610250566559651
1000018301201610250566427014
1000018301201610250564622300
1000018301201610250564231059
1000018301201610250563533170
1000018301201610250562820525
1000018301201610250562507689
1000018301201610250561702434
1000018301201610250561927093
1000018301201610250561329812
1000018301201610250561336560
1000018301201610250561526205
1000018301201610250561569005
1000018301201610250561271540
1000018301201610250561210659
1000018301201610250561378269
1000018301201610250560279204
1000018301201610250560152078
1000018301201610250559601199
1000018301201610250558930666
1000018301201610250558619579
1000018301201610250558634008
1000018301201610250558096848
1000018301201610250558212408
1000018301201610250558150301
1000018301201610250557881676
1000018301201610250557906532
1000018301201610250557818743
1000018301201610240554318652
1000018301201610240553098019
1000018301201610240552490614
1000018301201610240552342272
1000018301201610240552118606
1000018301201610240552298062
1000018301201610240551799955
1000018301201610240550912045
1000018301201610240550603383
1000018301201610240549260602
1000018301201610240549047427
1000018301201610240548134067
1000018301201610240548013201
1000018301201610240547585080
1000018301201610240547302400
1000018301201610240546554941
1000018301201610240546931058
1000018301201610240546227535
1000018301201610240546078677
1000018301201610240545814271
1000018301201610240545514639
1000018301201610240544920734
1000018301201610240544872607
1000018301201610240544682201
1000018301201610240544751003
1000018301201610240543710689
1000018301201610240544194014
1000018301201610240543589772
1000018301201610240543597593
1000018301201610240543963160
1000018301201610240542956425
1000018301201610240542894417
1000018301201610230542380462
1000018301201610230542314478
1000018301201610230542280206
1000018301201610230542054496
1000018301201610230542188349
1000018301201610230542107471
1000018301201610230541833832
1000018301201610230541903471
1000018301201610230540878909
1000018301201610230540850088
1000018301201610230539205209
1000018301201610230539209185
1000018301201610230538574772
1000018301201610230537623850
1000018301201610230537091181
1000018301201610230536719463
1000018301201610230535242531
1000018301201610230534943110
1000018301201610230534191360
1000018301201610230533069842
1000018301201610230532767696
1000018301201610230532752465
1000018301201610230532776307
1000018301201610230532494757
1000018301201610230532838107
1000018301201610230532269797
1000018301201610230532001472
1000018301201610220528740214
1000018301201610220528143712
1000018301201610220528426396
1000018301201610220527758623
1000018301201610220526910112
1000018301201610220526507487
1000018301201610220523660162
1000018301201610220522760531
1000018301201610220522576742
1000018301201610220522393959
1000018301201610220517750192
1000018301201610220517400469
1000018301201610220517482010
1000018301201610220516306403
1000018301201610220514940674
1000018301201610220514680860
1000018301201610220512174948
1000018301201610220512115774
1000018301201610220512013871
1000018301201610220511716019
1000018301201610220510826767
1000018301201610210508788986
1000018301201610210506002376
1000018301201610210504257321
1000018301201610210500150616
1000018301201610210499751498
1000018301201610210498468316
1000018301201610210498343104
1000018301201610210497934234
1000018301201610210495752517
1000018301201610210495225361
1000018301201610210494365255
1000018301201610210493167940
1000018301201610210489827472
1000018301201610210488782939
1000018301201610210485528803
1000018301201610210485324259
1000018301201610210484201145
1000018301201610210483349391
1000018301201610210482659328
1000018301201610210481455106
1000018301201610210480226366
1000018301201610210479998943
1000018301201610200479998856
1000018301201610200479047832
1000018301201610200477913871
1000018301201610200478544200
1000018301201610200477860458
1000018301201610200477919327
1000018301201610200475744822
1000018301201610200475884357
1000018301201610200475305844
1000018301201610200475196255
1000018301201610200475118375
1000018301201610200475241141
1000018301201610200474920155
1000018301201610200474342554
1000018301201610200473942080
1000018301201610200472985907
1000018301201610200471071866
1000018301201610200471333010
1000018301201610200471129380
1000018301201610200471036185
1000018301201610200470904546
1000018301201610200470771818
1000018301201610200470781228
1000018301201610200468216880
1000018301201610190467619543
1000018301201610190467832066
1000018301201610190467403400
1000018301201610190466305586
1000018301201610190466146186
1000018301201610190464338733
1000018301201610190463983833
1000018301201610190464219287
1000018301201610190464128265
1000018301201610190463816263
1000018301201610190463726048
1000018301201610190463369043
1000018301201610190460501714
1000018301201610190460226804
1000018301201610190458997483
1000018301201610190458975350
1000018301201610190458300156
1000018301201610190458120250
1000018301201610190457785416
1000018301201610190457640607
1000018301201610180456705079
1000018301201610180456257743
1000018301201610180456008886
1000018301201610180456150763
1000018301201610180454726801
1000018301201610180454654879
1000018301201610180452771394
1000018301201610180451392971
1000018301201610180450561425
1000018301201610180450311167
1000018301201610180447727322
1000018301201610180447482130
1000018301201610170444920478
1000018301201610170444465618
1000018301201610170444210071
1000018301201610170443906113
1000018301201610170443232884
1000018301201610170443346069
1000018301201610170441530946
1000018301201610170441022708
1000018301201610170440749639
1000018301201610170440328322
1000018301201610170439239478
1000018301201610170436674731
1000018301201610170436833282
1000018301201610170436055855
1000018301201610160433879835
1000018301201610160432550801
1000018301201610160432191252
1000018301201610160431030073
1000018301201610160430468789
1000018301201610160430070148
1000018301201610160429618636
1000018301201610160429433365
1000018301201610160429563012
1000018301201610160428798899
1000018301201610160427962668
1000018301201610160426446450
1000018301201610160425375639
1000018301201610160425037618
1000018301201610160425094101
1000018301201610160424615727
1000018301201610150423267249
1000018301201610150422883278
1000018301201610150422619272
1000018301201610150420734825
1000018301201610150418576560
1000018301201610150419036194
1000018301201610150418561188
1000018301201610150417619443
1000018301201610150415903298
1000018301201610150413502474
1000018301201610150413525270
1000018301201610150413384342
1000018301201610150412582946
1000018301201610150412358410
1000018301201610150410384004
1000018301201610150409353119
1000018301201610150407949566
1000018301201610150407646759
1000018301201610150406605605
1000018301201610150406180791
1000018301201610150406492222
1000018301201610150406119053
1000018301201610150405240803
1000018301201610150405215301
1000018301201610150404463953
1000018301201610150404643529
1000018301201610150403733279
1000018301201610140402983085
1000018301201610140401994353
1000018301201610140399245013
1000018301201610140396473666
1000018301201610140395313871
1000018301201610140395607117
1000018301201610140390291745
1000018301201610140388916742
1000018301201610140388436861
1000018301201610140388088274
1000018301201610140385810930
1000018301201610140386373199
1000018301201610140385013864
1000018301201610140385179688
1000018301201610140384926769
1000018301201610140385672404
1000018301201610140384527962
1000018301201610140385882225
1000018301201610140385185433
1000018301201610140384694628
1000018301201610140381683493
1000018301201610140381038926
1000018301201610140381068824
1000018301201610140380340902
1000018301201610140377640939
1000018301201610140378517370
1000018301201610140376035734
1000018301201610140376526398
1000018301201610140376282113
1000018301201610140375374764
1000018301201610140375305696
1000018301201610140374429538
1000018301201610140373752955
1000018301201610130373569830
1000018301201610130372478705
1000018301201610130371775955
1000018301201610130371795518
1000018301201610130371656880
1000018301201610130370965202
1000018301201610130369515769
1000018301201610130369436892
1000018301201610130368559905
1000018301201610130367979632
1000018301201610130367803179
1000018301201610130367444747
1000018301201610130366306996
1000018301201610130366542461
1000018301201610130366510438
1000018301201610130366537401
1000018301201610130365369595
1000018301201610130365447337
1000018301201610130365194323
1000018301201610130364882625
1000018301201610130365123031
1000018301201610130364930416
1000018301201610130365048013
1000018301201610130364593845
1000018301201610130364920254
1000018301201610130364915242
1000018301201610120363965055
1000018301201610120362842690
1000018301201610120362646614
1000018301201610120362640510
1000018301201610120362083986
1000018301201610120362213562
1000018301201610120362125131
1000018301201610120361988096
1000018301201610120360916545
1000018301201610120359816465
1000018301201610120359944003
1000018301201610120359892253
1000018301201610120359461378
1000018301201610120359294379
1000018301201610120359093133
1000018301201610120357946866
1000018301201610120357969230
1000018301201610120357520571
1000018301201610120356734476
1000018301201610120356761042
1000018301201610120356492381
1000018301201610120356252383
1000018301201610120355916436
1000018301201610120355772387
1000018301201610120355611902
1000018301201610120355654625
1000018301201610120355769303
1000018301201610120355786174
1000018301201610120355824120
1000018301201610120355244822
1000018301201610110353082404
1000018301201610110352816491
1000018301201610110351826996
1000018301201610110351872816
1000018301201610110351053411
1000018301201610110349949982
1000018301201610110348913672
1000018301201610110348711626
1000018301201610110348965230
1000018301201610110347699507
1000018301201610110346847526
1000018301201610110346780438
1000018301201610110346857158
1000018301201610110346354316
1000018301201610110345533527
1000018301201610110345443703
1000018301201610110345513363
1000018301201610110345109597
1000018301201610110345327227
1000018301201610110345385134
1000018301201610110345221295
1000018301201610110345393072
1000018301201610110344608722
1000018301201610110344575639
1000018301201610110344855112
1000018301201610110344020614
1000018301201610100343702601
1000018301201610100343817320
1000018301201610100343664791
1000018301201610100343163966
1000018301201610100342881941
1000018301201610100343175230
1000018301201610100341945451
1000018301201610100341615740
1000018301201610100341399971
1000018301201610100341400836
1000018301201610100341019859
1000018301201610100341212599
1000018301201610100341475070
1000018301201610100339903706
1000018301201610100339692240
1000018301201610100339461566
1000018301201610100339358501
1000018301201610100337939999
1000018301201610100336479339
1000018301201610100336596159
1000018301201610100334909699
1000018301201610100335240107
1000018301201610100334807585
1000018301201610100335191081
1000018301201610100335149093
1000018301201610100334579712
1000018301201610100334895010
1000018301201610090332466750
1000018301201610090332473247
1000018301201610090332404090
1000018301201610090331073794
1000018301201610090330776103
1000018301201610090328657751
1000018301201610090327753742
1000018301201610090327191684
1000018301201610090327336376
1000018301201610090327010515
1000018301201610090326595472
1000018301201610090326729058
1000018301201610090326521101
1000018301201610090326126755
1000018301201610090326170285
1000018301201610090326086331
1000018301201610090325857563
1000018301201610090325943478
1000018301201610090326007095
1000018301201610090325921156
1000018301201610090325867172
1000018301201610090325204947
1000018301201610090325664055
1000018301201610090325373499
1000018301201610090324917414
1000018301201610090324539492
1000018301201610090324276968
1000018301201610090324505143
1000018301201610090324031796
1000018301201610090324053869
1000018301201610080323043940
1000018301201610080322926506
1000018301201610080322736489
1000018301201610080322272264
1000018301201610080321950730
1000018301201610080321743275
1000018301201610080321648499
1000018301201610080320500227
1000018301201610080319861721
1000018301201610080319787046
1000018301201610080319550601
1000018301201610080319171909
1000018301201610080319388353
1000018301201610080318567142
1000018301201610080318668317
1000018301201610080318278776
1000018301201610080318421532
1000018301201610080318272439
1000018301201610080317974395
1000018301201610080318152153
1000018301201610080317666346
1000018301201610080316837791
1000018301201610080317564136
1000018301201610080317435194
1000018301201610080317424049
1000018301201610080317300235
1000018301201610080317048845
1000018301201610080316590345
1000018301201610080316513133
1000018301201610080316134229
1000018301201610080315810674
1000018301201610080314857217
1000018301201610080314422814
1000018301201610080313533787
1000018301201610080313630661
1000018301201610080313593544
1000018301201610080313910031
1000018301201610080313396565
1000018301201610080312800397
1000018301201610080312475918
1000018301201610080312677568
1000018301201610080312508943
1000018301201610080312552741
1000018301201610080312726372
1000018301201610080312656405
1000018301201610070310451586
1000018301201610070310019131
1000018301201610070308878325
1000018301201610070308795431
1000018301201610070308493439
1000018301201610070308011593
1000018301201610070307382846
1000018301201610070306010560
1000018301201610070305226704
1000018301201610070304703824
1000018301201610070303211817
1000018301201610070303116551
1000018301201610070302706500
1000018301201610070302214491
1000018301201610070301954017
1000018301201610070301653394
1000018301201610070301479402
1000018301201610060299414978
1000018301201610060298743927
1000018301201610060293609117
1000018301201610060293190315
1000018301201610060292750199
1000018301201610060292372164
1000018301201610060292030357
1000018301201610060291580938
1000018301201610060291418706
1000018301201610060291915008
1000018301201610060291574539
1000018301201610050289396947
1000018301201610050285834902
1000018301201610050285603495
1000018301201610050283674434
1000018301201610050282969902
1000018301201610050282368777
1000018301201610050282433375
1000018301201610050281711980
1000018301201610050281645411
1000018301201610050280751472
1000018301201610050280868033
1000018301201610050280612401
1000018301201610050280502410
1000018301201610050280405201
1000018301201610050279945949
1000018301201610050279655835
1000018301201610040277913052
1000018301201610040274921821
1000018301201610040270513693
1000018301201610040269936029
1000018301201610040269223838
1000018301201610040269574116
1000018301201610040269215722
1000018301201610040269186578
1000018301201610040269416201
1000018301201610040269016704
1000018301201610030267692400
1000018301201610030267483261
1000018301201610030267658015
1000018301201610030264031662
1000018301201610030262412629
1000018301201610030259486383
1000018301201610030259573100
1000018301201610030258943275
1000018301201610030258292214
1000018301201610030257893812
1000018301201610030258344086
1000018301201610030257407902
1000018301201610020253187775
1000018301201610020246711857
1000018301201610020245551341
1000018301201610020242108574
1000018301201610020240857332
1000018301201610020239191965
1000018301201610020238503814
1000018301201610020237456960
1000018301201610010236510725
1000018301201610010233157137
1000018301201610010230812229
1000018301201610010227075571
1000018301201610010226205464
1000018301201610010226268119
1000018301201610010226114069
1000018301201610010225433182
1000018301201610010223654436
1000018301201610010218967583
1000018301201610010218677856
1000018301201610010218372865
1000018301201610010217534746
1000018301201610010217334971
1000018301201610010217867030
1000018301201610010217163519
1000018301201610010215982752

