1005550341160926145915920466
1005550382160927091439654707
1005550356160928064245380504
1005550370160923145300760768
1005550383161002052706675507
1005550364160924120206984324
1005550384161003065343770526
1005550384161003070501100339
1005550345160926235545305462
1005550364160927085323136910
1005550384161004014309506913
1005550365161003232506132720
1005550364160927084709831546
1005550326161005045051101061
1005550345160925113944036153
1005550364160927093722908518
1005550372161006112954139893
1005550326160927150235909339
1005550341160926120105953108
1005550341160926120148138253
1005550341160926122225690999
1005550341160926124248243894
1005550341160926124317376389
1005550341160926124355497919
1005550372161007015328091569
1005550341161004030027824590
1005550350161006130527536153
1005550350161006130905087622
1005550350161006131125268331
1005550350161006131232715323
1005550350161006131351593340
1005550350161006133731393593
1005550348161006123722077059
1005550326160927095215348875
1005550354161002232737643860
1005550341161003131536259308
1005550364160928043907624638
1005550365161006061903524718
1005550350161008075440309080
1005550365160927105042106620
1005550372161007114211222654
1005550349160929032350184727
1005550326161008040435077731
1005550364160924145810652976
1005550351161008031447641187
1005550372161008133106787081
1005550364160927091052443625
1005550382160924225023572653
1005550372161008101217702253
1005550382161001114211053166
1005550349160929085553864395
1005550349161006063157201767
1005550349160928231839433497
1005550349161005090907115010
1005550348161006053521019895
1005550348161009065721953309
1005550349160929031230538385
1005550364160919132019060190
1005550349160929032552715237
1005550349161005041614444340
1005550349160928141146912013
1005550349161006233236119327
1005550364160928115601702505
1005550364161009073813922561
1005550345161009125501205342
1005550349161007014642905040
1005550349160927095943933538
1005550349160928034637392350
1005550349160929030056604481
1005550382160929130420385103
1005550326161009002036306017
1005550364160928073818627175
1005550349161006124457029027
1005550364160928091253435760
1005550382161008085007533718
1005550349161004104043308679
1005550385161008125931419733
1005550365161009042523595715
1005550384161004091332370243
1005550384160927151724414797
1005550382161005041434222395
1005550341160926084551062477
1005550387161010123120773030
1005550384160929050129755105
1005550384160929023212672508
1005550384161004063256730473
1005550352161003011852382947
1005550341161003150904507886
1005550348161009131052192095
1005550385161010121240675298
1005550383161010143817612137
1005550326161009005224450475
1005550382161009083751115905
1005550382161009054516950513
1005550385161010014636032643
1005550375161010023019631491
1005550345161005094737621959
1005550341160929150754292913
1005550387161010143218983225
1005550375160928055051960212
1005550326161011060850242583
1005550372161010151728399585
1005550326161007130420100874
1005550374161011111644026362
1005550351161011103834658814
1005550365161011075433979892
1005550385161009071457887930
1005550387161010155453209880
1005550365161005154010987289
1005550351161011090330557021
1005550387161010134105995294
1005550385161011103341935159
1005550382161010032409693041
1005550382161009153947803174
1005550387161011094038036735
1005550382161010064157904555
1005550326161009112639940415
1005550384160930133947879537
1005550349160927093309069392
1005550375161011025605073262
1005550326161009130310534162
1005550384160928015253210329
1005550382160923123016458392
1005550384161011032222540996
1005550384161011032447647441
1005550326160927142809916014
1005550365161011123407062616
1005550372161012080116408684
1005550372161012012644068581
1005550350161011123223851254
1005550341161010122251116285
1005550372161012081015943186
1005550348161012030112345921
1005550387161010142523265420
1005550384161001033814939869
1005550390161013123031291498
1005550390161013132853355124
1005550390161013135252155137
1005550390161013120606526993
1005550387161011004012838192
1005550390161013124659317510
1005550374161009121411380575
1005550341161009015006862861
1005550390161013122817087775
1005550390161013120259345762
1005550388161013111222884595
1005550348160930082130677708
1005550372161013022708126374
1005550390161013124245031513
1005550390161013143804921659
1005550390161013125510281130
1005550388161013133546165179
1005550390161013133729425577
1005550387161013062101043913
1005550390161013130548776372
1005550390161013130202728574
1005550390161013125405753042
1005550341161012034416882212
1005550390161013134257825118
1005550390161013142427749042
1005550390161013123505653049
1005550390161013133856946163
1005550390161013125759469072
1005550387161013035258153262
1005550390161013125218466597
1005550390161013141512365848
1005550387161013015640299932
1005550390161013233845036816
1005550390161013155622934884
1005550390161013125811635080
1005550390161014061531120815
1005550372161014061558910305
1005550372161011132935795176
1005550390161013124019692194
1005550345161011062442777396
1005550390161013145737147460
1005550348161007130716297203
1005550390161014124930222829
1005550374161013152916441173
1005550326161014025545780332
1005550326161014025512386870
1005550326161014025530223392
1005550326161014030953072638
1005550390161014064018470168
1005550390161013120431573616
1005550386161014040257617005
1005550365161014103154092423
1005550390161013141944454525
1005550390161014001819365531
1005550390161013124251141077
1005550390161014023212124773
1005550390161013233343169920
1005550388161014121711629732
1005550390161013121829132297
1005550385161014113725720315
1005550326160927104344790308
1005550390161013132815523610
1005550390161014003158089839
1005550375161014004209550871
1005550390161014013550842789
1005550390161013225130520086
1005550390161014091459936870
1005550388161014101421288035
1005550390161014101308714229
1005550390161013135410225275
1005550365161015003524549104
1005550365161014153011375767
1005550326161012003508131517
1005550390161015093531607970
1005550390161015093425398841
1005550390161015093459975817
1005550372160928002515340370
1005550388161014123041561227
1005550372160927232407303764
1005550385161008155847015054
1005550384161015042309127655
1005550326161012035236828750
1005550390161015130712555275
1005550390161015103128798561
1005550390161014231831856724
1005550387161010142130717155
1005550390161014094536461576
1005550390161016142938903106
1005550390161015120222507733
1005550390161016064122903623
1005550390161016012214803049
1005550326160929092249239786
1005550387161015153645324883
1005550365161016020729725047
1005550365161016020822129297
1005550365161016022238399858
1005550390161013131415735086
1005550365161014120311928726
1005550390161016135647614010
1005550365161014071307498302
1005550372161017012949031438
1005550390161017023443910666
1005550387161010123053368435
1005550390161017025328745241
1005550390161017033151483381
1005550390161017041451753447
1005550326161014115007240324
1005550390161016131447860236
1005550390161017033114860516
1005550390161017033850237649
1005550168161017064528691415
1005550168161017064528691415
1005550168161017064844331127
1005550390161017054952052817
1005550391161017075544355932
1005550390161017100202278130
1005550314160926123027028786
1005550390161017102141974116
1005550365161014144155465390
1005550374161017113541195804
1005550365161017060639077297
1005550390161017124828423174
1005550390161014050307949123
1005550390161017053135266570
1005550392161018133444242181
1005550366161018095340544568
1005550390161018011404801652
1005550354161018065644571419
1005550346161018060847159659
1005550390161017070050868424
1005550392161018140605741938
1005550390161017130811081864
1005550392161018140512157040
1005550392161018130619995732
1005550314161017091947665325
1005550389161018051845754910
1005550392161018121003638977
1005550390161017053809852780
1005550375161018061303668609
1005550390161018132118080200
1005550354161018132634113851
1005550390161016104730975330
1005550392161018131210788648
1005550387161018141046480888
1005550389161018110236863800
1005550372161018142250250874
1005550345161014021028284508
1005550341161016141549742123
1005550345161008103827970802
1005550390161013233721834618
1005550345161018115052437381
1005550375161018131343628533
1005550392161018113412836603
1005550341160926140333619206
1005550387161019003202636360
1005550390161019013612648351
1005550388161013123323067750
1005550390161016134137369594
1005550388161013233135614831
1005550393161019120850242946
1005550365161019110113074581
1005550390161019012821513647
1005550391161019051336240002
1005550391161019051628389363
1005550388161016085311137788
1005550393161019121320861555
1005550393161019122124949635
1005550389161019024742530631
1005550392161019051200897626
1005550390161019091120118393
1005550392161019040034335214
1005550392161019061857878771
1005550390161017075213055176
1005550392161019012311281433
1005550392161019021110247614
1005550385161019085946094113
1005550392161019124839201714
1005550392161019042842317828
1005550392161019060434430538
1005550372161019124524717258
1005550392161018134640745105
1005550392161019092938396306
1005550345161004101730370628
1005550390161013124916271074
1005550392161019003858096130
1005550345161019123840653148
1005550392161019043404553536
1005550392161018121214871032
1005550375161018162601948546
1005550390161020025728926222
1005550390161020024919354835
1005550391161020094320649473
1005550383161020094556083202
1005550388161013121602636355
1005550390161018040144562930
1005550391161020051031635791
1005550390161020045220868118
1005550345161015094240404632
1005550390161013132423278993
1005550394161020123040038267
1005550393161020022524471628
1005550372161020035113548473
1005550392161019142503641602
1005550390161019143838871963
1005550392161019072743359486
1005550390161013125809278088
1005550365161020041445204304
1005550390161020041149764287
1005550390161020030821603948
1005550390161020024645405099
1005550365161018005711034379
1005550393161019143734820716
1005550390161020000315925877
1005550391161019141631561668
1005550393161020003746213461
1005550390161019080548405284
1005550392161019080633328543
1005550390161020060212731256
1005550390161020031236863268
1005550392161019143733634496
1005550390161020070113413504
1005550390161020110050071841
1005550348161020072555576380
1005550390161016135408496572
1005550390161020053024301027
1005550391161020130238769898
1005550388161020080744462892
1005550351161020031341444522
1005550390161018052546567891
1005550390161020030804785230
1005550375161020031313944959
1005550372161019163220243323
1005550374161020013827480831
1005550394161020115039927475
1005550389161017130113571416
1005550391161021081947833223
1005550388161014005602662264
1005550365161021094029690664
1005550391161020144301437857
1005550365161021065023770020
1005550365161021094021753676
1005550366161018013122741875
1005550390161020141737808021
1005550394161020155339430781
1005550372161021035953948896
1005550168161021084958448102
1005550372161019042613687515
1005550391161021041608244368
1005550390161020125745241082
1005550365161021115618464301
1005550366161021070832451280
1005550365161021023455277699
1005550392161018135859575033
1005550392161018135803035840
1005550392161018135838403963
1005550392161018135712305933
1005550392161018135736401224
1005550393161019125814547887
1005550393161019134839305649
1005550393161021163826349304
1005550341161021124308689534
1005550348160919060456088673
1005550392161021083416819112
1005550391161021083005212503
1005550365161021121730239654
1005550388161022102317426419
1005550388161022111107525279
1005550365161021135817750647
1005550372161023110638932753
1005550394161021145249744867
1005550389161022062441873835
1005550388161021105230408472
1005550365161021124226977382
1005550383161021122820504804
1005550384161022115442608034
1005550384161022071724202523
1005550372161023074529585997
1005550366161023085718279690
1005550372161023105311310518
1005550372161022134659374237
1005550365161021110644158784
1005550372161023042140758088
1005550394161022204612820719
1005550390161022204458022618
1005550372161023025451383145
1005550372161022075736513798
1005550372161023015305395023
1005550372161023100635822574
1005550395161022042838116533
1005550372161022123254815722
1005550372161022123453235360
1005550390161014125859786972
1005550395161022023540344672
1005550365161022135515083687
1005550341161022135703490885
1005550390161022135918927507
1005550372161023104135121144
1005550365161022114614006765
1005550372161022102140984353
1005550372161023044937560461
1005550395161022145006918099
1005550390161015131758016887
1005550390161022050120858013
1005550385161008134202975686
1005550366161022034933088799
1005550365161021144933546258
1005550390161019060216199929
1005550372161023025440939746
1005550390161016143401387913
1005550390161018035133201284
1005550388161017143200414348
1005550366161023114831155117
1005550390161014020829434755
1005550390161013123234950797
1005550365161021114254250035
1005550390161018054513014616
1005550388161024071443594593
1005550365161020085348646798
1005550366161023115844405916
1005550365161024131853447499
1005550395161021133135421544
1005550372161022153358909086
1005550397161025121854063479
1005550396161025090551475509
1005550391161025070619263353
1005550388161019053134377391
1005550390161020001100883157
1005550365161019112542814995
1005550365161021113703009162
1005550345161024123835346142
1005550388161023113021820526
1005550390161017100003840657
1005550392161018123321062681
1005550390161013130359724242
1005550384161024051702067077
1005550390161020104922588356
1005550372161023000628538782
1005550372161023113920737796
1005550396161024115446942043
1005550372161025002303719008
1005550384161022143246825290
1005550390161018123446230122
1005550345161024130849447201
1005550366161023121233849141
1005550372161025020757564173
1005550385161024153149176587
1005550391161025055516655687
1005550392161019094926484321
1005550393161020035357750285
1005550393161021070615088419
1005550396161024124612131948
1005550398161026043643355693
1005550390161019022643847433
1005550397161025124416719675
1005550393161019135732567188
1005550345161024115057866460
1005550396161026042346456157
1005550391161026111836027345
1005550393161019144736987982
1005550396161024121900266808
1005550397161025123440920310
1005550365161025151130401817
1005550390161020121412150034
1005550390161016054818557241
1005550390161013142847880963
1005550390161013155109224914
1005550390161020064457197184
1005550399161026120642702030
1005550365161026085224348595
1005550390161019141025749171
1005550388161025133823522506
1005550393161023145101864414
1005550392161019093333542499
1005550392161019093211271404
1005550398161026090743610124
1005550396161025154501179860
1005550397161025123722428500
1005550388161026025946433913
1005550390161024035523927349
1005550390161026045821445548
1005550372161021004109627486
1005550397161026074603777700
1005550393161019111845829511
1005550392161022125338426427
1005550387161024141842155573
1005550393161019124929122869
1005550390161016141745658776
1005550350161010080854025247
1005550351161027004623251628
1005550348161026122916881637
1005550383161027071044181309
1005550390161027071122869967
1005550397161026140711272557
1005550393161025083210515797
1005550365161026103809046446
1005550388161026133026643015
1005550397161025144931716300
1005550365161026050207106991
1005550394161020131704388713
1005550365161027010131689717
1005550365161026071441981721
1005550388161026150734992348
1005550393161023113420675090
1005550326161027015811120699
1005550390161014114112771931
1005550390161015074635925043
1005550391161027071229248207
1005550390161013130259423652
1005550390161018135726324081
1005550391161027031440449586
1005550384161015144301732281
1005550384161022150012089133
1005550399161027043126594070
1005550397161026113130733473
1005550390161019052040100881
1005550390161026120510395211
1005550385161026122110538886
1005550388161019032338043627
1005550390161013140836328986
1005550385161027025859474799
1005550390161020105930353287
1005550390161020105010876758
1005550390161019063759469742
1005550390161017042152893240
1005550390161017060254510208
1005550390161016144644232761
1005550390161015041411107359
1005550390161016145551126532
1005550390161013124323959107
1005550326161027142024064263
1005550390161020004101112048
1005550390161028042428722525
1005550326161025020459049338
1005550326161028041243272160
1005550390161017081603851840
1005550390161023062017934546
1005550390161019024610028250
1005550390161017030937888685
1005550390161020100347101276
1005550382161010051019069950
1005550390161013133241566122
1005550390161020100421205499
1005550390161013131311825351
1005550390161019080950791632
1005550390161014022453552329
1005550390161016122142352053
1005550365161028131142901555
1005550394161028132129601826
1005550390161020111343243858
1005550390161013142437639888
1005550345161018134229470114
1005550390161019002914050229
1005550390161019073119179979
1005550390161020112024892465
1005550390161013143907075418
1005550390161019103028601130
1005550390161018091902969557
1005550348161027115030216997
1005550390161028035545960808
1005550397161025155405095977
1005550391161027121623971819
1005550390161019065107975997
1005550390161019084505639197
1005550390161019144010488699
1005550390161020094350852211
1005550387161026080805906535
1005550390161013124759068826
1005550390161022161614201422
1005550372160927122042526635
1005550390161019141549110486
1005550390161014094507849594
1005550390161016064427384092
1005550390161013123420561394
1005550390161013232329570173
1005550390161017061227055540
1005550390161014031450078877
1005550390161028100748213376
1005550390161019073638238103
1005550390161014061707339156
1005550390161013132857220169
1005550390161020103631887958
1005550390161014061054270271
1005550390161015110434774793
1005550341161028105353064382
1005550390161014123417490824
1005550390161020065102324899
1005550390161013124143963055
1005550390161019024528254131
1005550390161014082918757894
1005550390161014023002485008
1005550390161013124906589815
1005550390161013123716762962
1005550391161028124954509960
1005550390161020081949308714
1005550404161028113627803390
1005550390161028063930599176
1005550365161028015327826674
1005550365161028022622097040
1005550372161023132834303940
1005550390161029061611398448
1005550390161029075522831550
1005550390161014134439820940
1005550390161016130329332411
1005550390161017105836697237
1005550365161029063715907967
1005550390161029061531937157
1005550390161020134721090648
1005550390161014113507306721
1005550390161014065709767412
1005550390161029090141548772
1005550390161019061827149061
1005550390161013132948000869
1005550397161026111634871795
1005550397161026103606830231
1005550390161014005812489681
1005550390161013144002388500
1005550390161014120722168880
1005550390161016093850984513
1005550375161028234554606414
1005550390161013221514415977
1005550390161013125411100182
1005550390161013174644392851
1005550390161020031031246668
1005550390161017073829951412
1005550390161017053747243258
1005550390161017050640691769
1005550345161018091049907002
1005550390161016130215352014
1005550390161019111317304863
1005550393161026135043244520
1005550390161018122317999579
1005550390161028144329863288
1005550390161015034351326237
1005550390161013142940154447
1005550390161019013530779812
1005550390161017051118304478
1005550393161029100947974603
1005550390161017090244584488
1005550390161013165352392476
1005550326161028052009087034
1005550390161013132354990246
1005550390161019135303985987
1005550390161014092420765940
1005550365161021130227763738
1005550390161014000242094606
1005550390161014135133827002
1005550390161013131019128528
1005550390161013230817462491
1005550372161029102232579825
1005550391161029102123096276
1005550392161029102206305609
1005550385161029125243935046
1005550390161017115656069869
1005550390161019073837652820
1005550365161027092830047487
1005550392161029130446438783
1005550390161013122904471038
1005550390161017101512563816
1005550365161028043806342326
1005550390161013130912943191
1005550390161029021653413073
1005550390161016092708289430
1005550390161019065020167856
1005550390161014003624761890
1005550396161029150750922291
1005550390161017130025642127
1005550396161024130943659233
1005550395161029120401219216
1005550390161016141718834374
1005550390161013234401480160
1005550365161029055732190526
1005550392161028051942800642
1005550390161019013444804045
1005550396161025012525069637
1005550390161013123945069341
1005550390161029134754605909
1005550390161015140024526185
1005550390161030052246809906
1005550390161030051733416720
1005550390161019134248734298
1005550390161020062354870243
1005550390161029020441884039
1005550390161017003513229226
1005550390161019074323798999
1005550396161029112601026380
1005550390161020151910477708
1005550366161029092103661120
1005550397161025121633871270
1005550390161020032048812270
1005550390161017045543341440
1005550390161020054441721997
1005550390161020153850538630
1005550345161021095224736254
1005550390161028053202232673
1005550390161018100923938713
1005550390161014093503824430
1005550345161026003410369692
1005550390161019045809803112
1005550390161014042434318055
1005550372161025094526221689
1005550390161013161247539951
1005550390161018130032463357
1005550365161029093236198097
1005550390161019014208328899
1005550348161030061824436337
1005550390161020134125185978
1005550390161027093936946662
1005550390161017140010102496
1005550396161024135319905925
1005550390161029122542270155
1005550390161018054010467569
1005550390161019065433873820
1005550384161022111727921585
1005550390161014044419230559
1005550395161030052446852234
1005550390161016132721737874
1005550390161019063445741599
1005550365161021145425693372
1005550390161017094824626056
1005550395161025111900572350
1005550390161020005349570748
1005550390161029105011067716
1005550390161013123222875974
1005550395161030012542070833
1005550390161019122631659487
1005550390161015045157593000
1005550390161029114040030586
1005550390161019064417082422
1005550400161030065159645790
1005550402161031033613285833
1005550390161019065136431804
1005550366161018144105601634
1005550390161029034046571030
1005550390161027084812106456
1005550372161028141252872428
1005550390161016144741668753
1005550390161020120112169465
1005550366161029080022206320
1005550390161018124914574408
1005550390161030135233444490
1005550390161020061457990481
1005550390161030082917585379
1005550399161030153337397756
1005550390161015014051805352
1005550396161030090643689161
1005550390161018124017730620
1005550400161030104735438264
1005550390161017094144738876
1005550396161025024722887910
1005550390161017021502663483
1005550392161029144828347382
1005550372161031123521416424
1005550390161030022424475326
1005550396161031034138351827
1005550390161030135815806119
1005550390161020143630170035
1005550390161020034516005465
1005550388161030062419821869
1005550348161031133912136654
1005550399161031133742125266
1005550383161031134022648601
1005550389161027113437135441
1005550341161030083013393800
1005550390161020052957498085
1005550348161031132810467721
1005550390161031133004913446
1005550390161013232750045721
1005550390161031134009509360
1005550390161029144418128346
1005550390161013142538112095
1005550390161013214825752516
1005550390161031061906464056
1005550365161027131013177671
1005550365161028092058051736
1005550390161030092632761524
1005550374161031061143592784
1005550395161030093358541225
1005550390161016093549992313