天·－·云(3, 3311, 0)
├┈┈白滟🍃(1, 51, 1)
├┈┈┈┈老古董(1, 9491, 2)
├┈┈┈┈土豆(1, 783841, 2)
├┈┈亦彤🤓(5, 17095, 1)
├┈┈┈┈💕Lu Lu zhen💒(1, 17287, 2)
├┈┈┈┈莹(1, 18119, 2)
├┈┈┈┈niudm(2, 18171, 2)
├┈┈┈┈┈┈伊伊(2, 42544, 3)
├┈┈┈┈┈┈┈┈odd_wu🍀🌟(1, 156479, 4)
├┈┈┈┈┈┈┈┈🙈潇(1, 206780, 4)
├┈┈┈┈┈┈┈┈┈┈喵了个咪的(1, 226540, 5)
├┈┈┈┈┈┈┈┈墨居(1, 226395, 4)
├┈┈┈┈┈┈┈┈┈┈烈火凤凰(1, 229239, 5)
├┈┈┈┈┈┈┈┈┈┈康～(1, 229867, 5)
├┈┈┈┈┈┈┈┈┈┈山色空蒙(1, 236269, 5)
├┈┈┈┈┈┈┈┈┈┈琳琳(1, 238530, 5)
├┈┈┈┈┈┈┈┈┈┈┈┈高 娟娟(1, 362140, 6)
├┈┈┈┈┈┈┈┈┈┈李佳艺(1, 242545, 5)
├┈┈┈┈┈┈┈┈┈┈┈┈尹志忠－万寿路店－防损部课长(1, 279162, 6)
├┈┈┈┈┈┈┈┈┈┈秦媛(1, 246697, 5)
├┈┈┈┈┈┈┈┈┈┈幽兰679-生态保养17710327516(1, 334207, 5)
├┈┈┈┈┈┈┈┈田星(1, 955316, 4)
├┈┈┈┈┈┈杨莹(1, 137733, 3)
├┈┈┈┈vicky(4, 18373, 2)
├┈┈┈┈┈┈甜点心（盈盈妈妈）(1, 19872, 3)
├┈┈┈┈┈┈┈┈冰雕女(1, 304858, 4)
├┈┈┈┈┈┈┈┈songsong(1, 313144, 4)
├┈┈┈┈┈┈Lin(1, 19895, 3)
├┈┈┈┈┈┈刘杰💋(1, 19967, 3)
├┈┈┈┈┈┈💎 我是小寒(1, 39340, 3)
├┈┈┈┈┈┈┈┈梵大集团招商部经理孙海涛(1, 490153, 4)
├┈┈┈┈┈┈春喜酱👒(1, 152823, 3)
├┈┈┈┈┈┈┈┈依辰(1, 18292, 4)
├┈┈┈┈┈┈┈┈琪葩♌️～丫丫🦁️(1, 820974, 4)
├┈┈┈┈┈┈sunny(1, 187281, 3)
├┈┈┈┈┈┈┈┈A💋Visionaries(1, 754412, 4)
├┈┈┈┈┈┈┈┈望京～后沙峪～顾蔚(1, 759184, 4)
├┈┈┈┈┈┈┈┈冰指、绕温柔(1, 764967, 4)
├┈┈┈┈┈┈👧🏻相濡💑以沫👧🏻(1, 299215, 3)
├┈┈┈┈┈┈签签儿(1, 785936, 3)
├┈┈┈┈Minmin(2, 18679, 2)
├┈┈┈┈┈┈北京唐大夫(1, 326236, 3)
├┈┈┈┈┈┈琳(1, 338314, 3)
├┈┈┈┈┈┈Olivia_feifei(1, 339393, 3)
├┈┈┈┈┈┈┈┈jingwen(1, 334636, 4)
├┈┈┈┈┈┈┈┈Passing(1, 429988, 4)
├┈┈┈┈┈┈┈┈┈┈Cerella🌳(1, 342264, 5)
├┈┈┈┈┈┈敏(1, 367659, 3)
├┈┈┈┈王俊焕(3, 19482, 2)
├┈┈┈┈┈┈🌸郭🦋巍🌸(4, 120952, 3)
├┈┈┈┈┈┈┈┈张弘(1, 20006, 4)
├┈┈┈┈┈┈┈┈杰仔妈咪(3, 153257, 4)
├┈┈┈┈┈┈┈┈┈┈伊梅(1, 16647, 5)
├┈┈┈┈┈┈┈┈┈┈xxm梅(2, 318498, 5)
├┈┈┈┈┈┈┈┈┈┈┈┈鱼儿（徐小凤）(1, 365471, 6)
├┈┈┈┈┈┈┈┈┈┈┈┈Doris(1, 375769, 6)
├┈┈┈┈┈┈┈┈┈┈高高(1, 333243, 5)
├┈┈┈┈┈┈┈┈┈┈任钰淼妈妈(1, 348448, 5)
├┈┈┈┈┈┈┈┈王菲(3, 162870, 4)
├┈┈┈┈┈┈┈┈┈┈XingJing(1, 218198, 5)
├┈┈┈┈┈┈┈┈┈┈🙊随心王小晴🦀(1, 219137, 5)
├┈┈┈┈┈┈┈┈┈┈┈┈郭小帅(1, 359678, 6)
├┈┈┈┈┈┈┈┈┈┈田儿老大(2, 318483, 5)
├┈┈┈┈┈┈┈┈┈┈┈┈申小伟jerry(1, 345805, 6)
├┈┈┈┈┈┈┈┈┈┈┈┈A石园邮储银行小田(1, 367908, 6)
├┈┈┈┈┈┈┈┈┈┈┈┈ff(1, 457714, 6)
├┈┈┈┈┈┈┈┈┈┈┈┈┈┈WW(1, 346360, 7)
├┈┈┈┈┈┈┈┈┈┈杨蕾(1, 320673, 5)
├┈┈┈┈┈┈┈┈┈┈鸿艳～豆妈(1, 364711, 5)
├┈┈┈┈┈┈┈┈美妙的音乐湖水(1, 162882, 4)
├┈┈┈┈┈┈┈┈┈┈兜兜(1, 281876, 5)
├┈┈┈┈┈┈┈┈栖霞小桑..诚招代理快递物流(1, 169879, 4)
├┈┈┈┈┈┈┈┈柳叶儿(2, 173878, 4)
├┈┈┈┈┈┈┈┈┈┈冰冰(1, 276148, 5)
├┈┈┈┈┈┈┈┈┈┈┈┈党党(1, 345185, 6)
├┈┈┈┈┈┈┈┈┈┈会计(1, 280593, 5)
├┈┈┈┈┈┈┈┈D.Y.(2, 205291, 4)
├┈┈┈┈┈┈┈┈王海莲^ _ ^(5, 213852, 4)
├┈┈┈┈┈┈┈┈┈┈高莹莹(2, 294990, 5)
├┈┈┈┈┈┈┈┈┈┈┈┈幸福🌸颖(1, 419782, 6)
├┈┈┈┈┈┈┈┈┈┈┈┈小幸福(1, 419847, 6)
├┈┈┈┈┈┈┈┈┈┈┈┈┈┈咏蘅嘚耐(1, 958995, 7)
├┈┈┈┈┈┈┈┈┈┈┈┈明知花有主还要扒拉花的土(1, 843703, 6)
├┈┈┈┈┈┈┈┈┈┈┈┈任强-兴达鑫盛电器有限公司(1, 923916, 6)
├┈┈┈┈┈┈┈┈┈┈┈┈罗冬冬(1, 1013587, 6)
├┈┈┈┈┈┈┈┈┈┈丹三🌸魏莉红(1, 297061, 5)
├┈┈┈┈┈┈┈┈┈┈┈┈一个人的剧本(1, 571127, 6)
├┈┈┈┈┈┈┈┈┈┈┈┈┈┈山高水长(1, 1142997, 7)
├┈┈┈┈┈┈┈┈┈┈醉兰清沙(2, 298977, 5)
├┈┈┈┈┈┈┈┈┈┈┈┈有好东西(1, 310733, 6)
├┈┈┈┈┈┈┈┈┈┈┈┈┈┈@chenhongru(1, 875955, 7)
├┈┈┈┈┈┈┈┈┈┈┈┈刘兴华Victor(1, 431468, 6)
├┈┈┈┈┈┈┈┈┈┈┈┈翟娜(1, 436482, 6)
├┈┈┈┈┈┈┈┈┈┈┈┈┈┈æç¿ (1, 1107053, 7)
├┈┈┈┈┈┈┈┈┈┈┈┈希望就在眼前，努力(2, 521886, 6)
├┈┈┈┈┈┈┈┈┈┈┈┈┈┈🎀公主病🎀(1, 679906, 7)
├┈┈┈┈┈┈┈┈┈┈┈┈┈┈娟(1, 681631, 7)
├┈┈┈┈┈┈┈┈┈┈马小桃(1, 323932, 5)
├┈┈┈┈┈┈┈┈┈┈马玉(3, 328372, 5)
├┈┈┈┈┈┈┈┈┈┈┈┈🌞(2, 476278, 6)
├┈┈┈┈┈┈┈┈┈┈┈┈雪梅(1, 887708, 6)
├┈┈┈┈┈┈┈┈┈┈┈┈┈┈啦啦啦(1, 221883, 7)
├┈┈┈┈┈┈┈┈┈┈┈┈┈┈┈┈郑秋宾(1, 912303, 8)
├┈┈┈┈┈┈┈┈┈┈┈┈┈┈闫(1, 893126, 7)
├┈┈┈┈┈┈┈┈┈┈┈┈┈┈小新💕(1, 894794, 7)
├┈┈┈┈┈┈┈┈┈┈禅意(1, 329161, 5)
├┈┈┈┈┈┈┈┈┈┈王征(2, 353055, 5)
├┈┈┈┈┈┈┈┈┈┈┈┈青菜虫(3, 356231, 6)
├┈┈┈┈┈┈┈┈┈┈┈┈┈┈有好东西(1, 651808, 7)
├┈┈┈┈┈┈┈┈┈┈┈┈┈┈┈┈我是吕海铭(1, 732464, 8)
├┈┈┈┈┈┈┈┈┈┈┈┈┈┈┈┈┈┈🐱毛毛🐱(1, 742870, 9)
├┈┈┈┈┈┈┈┈┈┈┈┈┈┈┈┈┈┈張蓓^•^(1, 743125, 9)
├┈┈┈┈┈┈┈┈┈┈┈┈┈┈┈┈┈┈┈┈cherish(1, 752695, 10)
├┈┈┈┈┈┈┈┈┈┈┈┈┈┈┈┈┈┈┈┈┈┈洋妈(1, 763824, 11)
├┈┈┈┈┈┈┈┈┈┈┈┈┈┈┈┈┈┈沁芷驿(1, 752390, 9)
├┈┈┈┈┈┈┈┈┈┈┈┈┈┈┈┈有好东西(1, 742940, 8)
├┈┈┈┈┈┈┈┈┈┈┈┈┈┈┈┈CC(1, 743042, 8)
├┈┈┈┈┈┈┈┈┈┈┈┈┈┈┈┈🐯小北(1, 743354, 8)
├┈┈┈┈┈┈┈┈┈┈┈┈┈┈┈┈A、微笑💗代购(1, 743445, 8)
├┈┈┈┈┈┈┈┈┈┈┈┈┈┈┈┈vivian(1, 752606, 8)
├┈┈┈┈┈┈┈┈┈┈┈┈┈┈┈┈倔强💗微笑(1, 857388, 8)
├┈┈┈┈┈┈┈┈┈┈🎉 豚豚🐬(1, 431080, 5)
├┈┈┈┈┈┈┈┈┈┈雯雯妈(3, 560367, 5)
├┈┈┈┈┈┈┈┈┈┈┈┈爱宝妈妈2(1, 838343, 6)
├┈┈┈┈┈┈┈┈┈┈┈┈阳光移动课堂(1, 1026843, 6)
├┈┈┈┈┈┈┈┈┈┈苹果(1, 847054, 5)
├┈┈┈┈┈┈┈┈┈┈杰傲不逊(1, 1044681, 5)
├┈┈┈┈┈┈┈┈宋欢欢(3, 219877, 4)
├┈┈┈┈┈┈┈┈┈┈ 丁丁 (1, 320938, 5)
├┈┈┈┈┈┈┈┈┈┈h.s.c(2, 320980, 5)
├┈┈┈┈┈┈┈┈┈┈小彭(1, 351222, 5)
├┈┈┈┈┈┈┈┈┈┈老陈(2, 384817, 5)
├┈┈┈┈┈┈┈┈┈┈┈┈potato(1, 818513, 6)
├┈┈┈┈┈┈┈┈┈┈然然(2, 412474, 5)
├┈┈┈┈┈┈┈┈┈┈li's my soul(1, 598983, 5)
├┈┈┈┈┈┈刘焕(1, 140321, 3)
├┈┈┈┈┈┈┈┈马湘秀(1, 322126, 4)
├┈┈┈┈┈┈李宁(2, 142295, 3)
├┈┈┈┈┈┈┈┈洪新(1, 164761, 4)
├┈┈┈┈┈┈┈┈┈┈扯闲篇儿(1, 830495, 5)
├┈┈┈┈┈┈┈┈陇原雨(1, 203099, 4)
├┈┈┈┈┈┈白凤华(1, 142296, 3)
├┈┈┈┈┈┈额娘(1, 142338, 3)
├┈┈┈┈┈┈┈┈淡淡荷香(1, 174566, 4)
├┈┈┈┈┈┈吃饱了才有力气减肥(2, 142563, 3)
├┈┈┈┈┈┈神者关羽(2, 142637, 3)
├┈┈┈┈┈┈华仔(1, 144681, 3)
├┈┈┈┈┈┈┈┈岁月友情(1, 795095, 4)
├┈┈┈┈┈┈┈┈惊叹不已(1, 801778, 4)
├┈┈┈┈┈┈┈┈包子(1, 836083, 4)
├┈┈┈┈┈┈西茜(1, 180328, 3)
├┈┈┈┈┈┈祥祥小象(1, 183391, 3)
├┈┈┈┈┈┈米米Emily (1, 216031, 3)
├┈┈┈┈┈┈棣晨(1, 225085, 3)
├┈┈┈┈┈┈┈┈s gL孙国玲(1, 239340, 4)
├┈┈┈┈┈┈吴志敏(1, 342360, 3)
├┈┈┈┈琳祺(5, 19575, 2)
├┈┈┈┈┈┈加菲（无我相）(1, 19529, 3)
├┈┈┈┈┈┈grace(5, 24090, 3)
├┈┈┈┈┈┈┈┈辉(2, 11756, 4)
├┈┈┈┈┈┈┈┈┈┈NA&NA(1, 427523, 5)
├┈┈┈┈┈┈┈┈┈┈┈┈刘秀丽(1, 444737, 6)
├┈┈┈┈┈┈┈┈┈┈┈┈┈┈张越翔的妈妈(1, 418817, 7)
├┈┈┈┈┈┈┈┈┈┈孙立辉(2, 427791, 5)
├┈┈┈┈┈┈┈┈┈┈爱未央(1, 441611, 5)
├┈┈┈┈┈┈┈┈┈┈┈┈铭铭(1, 456049, 6)
├┈┈┈┈┈┈┈┈┈┈球(1, 445630, 5)
├┈┈┈┈┈┈┈┈┈┈elle(1, 463002, 5)
├┈┈┈┈┈┈┈┈┈┈ 小花(1, 473414, 5)
├┈┈┈┈┈┈┈┈┈┈小新(1, 1030383, 5)
├┈┈┈┈┈┈┈┈Ace潇儿(1, 48381, 4)
├┈┈┈┈┈┈┈┈┈┈buy+生活(1, 136453, 5)
├┈┈┈┈┈┈┈┈┈┈┈┈在墨尔本的小瘦子(1, 64362, 6)
├┈┈┈┈┈┈┈┈┈┈┈┈Cynthia✨⌇宏⃕ൢ༻💤(1, 692957, 6)
├┈┈┈┈┈┈┈┈┈┈程宝儿(1, 260190, 5)
├┈┈┈┈┈┈┈┈┈┈Rainbow(1, 260870, 5)
├┈┈┈┈┈┈┈┈┈┈琳(1, 553712, 5)
├┈┈┈┈┈┈┈┈Cindy(1, 48383, 4)
├┈┈┈┈┈┈┈┈┈┈penny(1, 106680, 5)
├┈┈┈┈┈┈┈┈┈┈An_kerrr(1, 760531, 5)
├┈┈┈┈┈┈┈┈Peggy(3, 48449, 4)
├┈┈┈┈┈┈┈┈┈┈小丁(1, 410586, 5)
├┈┈┈┈┈┈┈┈┈┈luckymum(1, 1128896, 5)
├┈┈┈┈┈┈┈┈粉儿(1, 48892, 4)
├┈┈┈┈┈┈┈┈┈┈侯健(1, 122522, 5)
├┈┈┈┈┈┈┈┈┈┈叶子(1, 945855, 5)
├┈┈┈┈┈┈┈┈┈┈斐(1, 946112, 5)
├┈┈┈┈┈┈┈┈狼娃(2, 50655, 4)
├┈┈┈┈┈┈┈┈┈┈有好东西(1, 604364, 5)
├┈┈┈┈┈┈┈┈┈┈ 红豆(1, 604531, 5)
├┈┈┈┈┈┈┈┈懿一(1, 50875, 4)
├┈┈┈┈┈┈┈┈┈┈冰(1, 439642, 5)
├┈┈┈┈┈┈┈┈Alice(ꈍᴗꈍ(1, 58388, 4)
├┈┈┈┈┈┈┈┈葛恩烨(2, 66953, 4)
├┈┈┈┈┈┈┈┈🎀文小姐🎀🌸🌸🌸(2, 67159, 4)
├┈┈┈┈┈┈┈┈A小苹果(1, 78498, 4)
├┈┈┈┈┈┈┈┈┈┈椰子(1, 449334, 5)
├┈┈┈┈┈┈┈┈┈┈cherry(1, 449336, 5)
├┈┈┈┈┈┈刘书伊(5, 24668, 3)
├┈┈┈┈┈┈┈┈东京Style(1, 61948, 4)
├┈┈┈┈┈┈┈┈Linda_Bao(1, 62054, 4)
├┈┈┈┈┈┈┈┈徐静(2, 62499, 4)
├┈┈┈┈┈┈┈┈┈┈黄晓杰(1, 781169, 5)
├┈┈┈┈┈┈┈┈傅傅 拥抱美好🏝感恩每一天(1, 63278, 4)
├┈┈┈┈┈┈┈┈感恩的心(2, 63288, 4)
├┈┈┈┈┈┈┈┈┈┈邹怡君(1, 67092, 5)
├┈┈┈┈┈┈┈┈┈┈zhao💕婕(1, 75924, 5)
├┈┈┈┈┈┈┈┈┈┈小丽(1, 457118, 5)
├┈┈┈┈┈┈┈┈┈┈艾老师(1, 845214, 5)
├┈┈┈┈┈┈┈┈┈┈蜜璇儿(1, 847950, 5)
├┈┈┈┈┈┈┈┈┈┈Catherine(1, 848418, 5)
├┈┈┈┈┈┈┈┈┈┈月月(1, 853321, 5)
├┈┈┈┈┈┈┈┈┈┈孙志超(1, 923268, 5)
├┈┈┈┈┈┈┈┈乐乐(1, 64798, 4)
├┈┈┈┈┈┈┈┈Eileenwxy笑笑(5, 67413, 4)
├┈┈┈┈┈┈┈┈┈┈默默(4, 96599, 5)
├┈┈┈┈┈┈┈┈┈┈┈┈贾圆圆(2, 288029, 6)
├┈┈┈┈┈┈┈┈┈┈┈┈┈┈李蕊(1, 481505, 7)
├┈┈┈┈┈┈┈┈┈┈┈┈┈┈🐭yuong**(1, 689941, 7)
├┈┈┈┈┈┈┈┈┈┈┈┈┈┈┈┈小竹竹(1, 736291, 8)
├┈┈┈┈┈┈┈┈┈┈┈┈LOVE雨点点🇨🇳(1, 289452, 6)
├┈┈┈┈┈┈┈┈┈┈┈┈┈┈★﹋毛〃小熊﹏☆(1, 308195, 7)
├┈┈┈┈┈┈┈┈┈┈┈┈可心💗依依の妈妈(1, 294157, 6)
├┈┈┈┈┈┈┈┈┈┈┈┈💐云💐(2, 297931, 6)
├┈┈┈┈┈┈┈┈┈┈┈┈┈┈虹(2, 312468, 7)
├┈┈┈┈┈┈┈┈┈┈┈┈┈┈┈┈段香兰136439290微信号(1, 855888, 8)
├┈┈┈┈┈┈┈┈┈┈┈┈┈┈禾苗  🌱🍒🍓(3, 322102, 7)
├┈┈┈┈┈┈┈┈┈┈┈┈┈┈┈┈feng(2, 263350, 8)
├┈┈┈┈┈┈┈┈┈┈┈┈┈┈┈┈┈┈飞飞(2, 675925, 9)
├┈┈┈┈┈┈┈┈┈┈┈┈┈┈┈┈┈┈┈┈余生。(1, 706330, 10)
├┈┈┈┈┈┈┈┈┈┈┈┈┈┈┈┈┈┈┈┈狗啃的齐刘海💃🏻(1, 721213, 10)
├┈┈┈┈┈┈┈┈┈┈┈┈┈┈┈┈┈┈┈┈九十九夜(1, 722005, 10)
├┈┈┈┈┈┈┈┈┈┈┈┈┈┈┈┈┈┈┈┈大爽（爆品）(1, 1048929, 10)
├┈┈┈┈┈┈┈┈┈┈┈┈┈┈┈┈┈┈宝石拌饭(1, 676014, 9)
├┈┈┈┈┈┈┈┈┈┈┈┈┈┈┈┈┈┈┈┈丹丹(1, 726047, 10)
├┈┈┈┈┈┈┈┈┈┈┈┈┈┈┈┈Ai fox 萌(1, 446271, 8)
├┈┈┈┈┈┈┈┈┈┈┈┈┈┈┈┈🎀妖妖🎀(2, 460462, 8)
├┈┈┈┈┈┈┈┈┈┈┈┈┈┈┈┈魏静(1, 526403, 8)
├┈┈┈┈┈┈┈┈┈┈┈┈┈┈┈┈┈┈高@盈(1, 350967, 9)
├┈┈┈┈┈┈┈┈┈┈┈┈┈┈┈┈┈┈关超(1, 531295, 9)
├┈┈┈┈┈┈┈┈┈┈┈┈┈┈┈┈┈┈小不点(1, 533395, 9)
├┈┈┈┈┈┈┈┈┈┈┈┈┈┈┈┈┈┈a张磊(1, 534183, 9)
├┈┈┈┈┈┈┈┈┈┈┈┈┈┈┈┈┈┈远(1, 558789, 9)
├┈┈┈┈┈┈┈┈┈┈┈┈┈┈陶莉(2, 322566, 7)
├┈┈┈┈┈┈┈┈┈┈┈┈┈┈┈┈雷立辉(1, 439946, 8)
├┈┈┈┈┈┈┈┈┈┈┈┈┈┈┈┈娟娟-Janny(1, 659826, 8)
├┈┈┈┈┈┈┈┈┈┈┈┈┈┈┈┈茉莉(1, 729045, 8)
├┈┈┈┈┈┈┈┈┈┈┈┈┈┈┈┈┈┈止水(1, 634666, 9)
├┈┈┈┈┈┈┈┈┈┈┈┈┈┈┈┈代建芳(1, 929095, 8)
├┈┈┈┈┈┈┈┈┈┈┈┈┈┈芦娟娟(1, 345878, 7)
├┈┈┈┈┈┈┈┈┈┈┈┈┈┈心语(1, 350307, 7)
├┈┈┈┈┈┈┈┈┈┈┈┈毛毛虫  (1, 299155, 6)
├┈┈┈┈┈┈┈┈┈┈┈┈小🍃子 ∩_∩(1, 322530, 6)
├┈┈┈┈┈┈┈┈┈┈高蕾(2, 105630, 5)
├┈┈┈┈┈┈┈┈┈┈┈┈开心^_^(1, 267883, 6)
├┈┈┈┈┈┈┈┈┈┈┈┈起翁~穷(1, 829546, 6)
├┈┈┈┈┈┈┈┈┈┈乐儿(2, 107251, 5)
├┈┈┈┈┈┈┈┈┈┈┈┈水晶豆(1, 646495, 6)
├┈┈┈┈┈┈┈┈┈┈刘镓菥😝👻(2, 107540, 5)
├┈┈┈┈┈┈┈┈┈┈┈┈瑶瑶(3, 154064, 6)
├┈┈┈┈┈┈┈┈┈┈┈┈┈┈summer倩🐰(1, 346187, 7)
├┈┈┈┈┈┈┈┈┈┈┈┈┈┈┈┈🌳响响响🏝🍃🌻🌷(1, 693051, 8)
├┈┈┈┈┈┈┈┈┈┈┈┈┈┈ohy(1, 686325, 7)
├┈┈┈┈┈┈┈┈┈┈┈┈┈┈余小夏(1, 698087, 7)
├┈┈┈┈┈┈┈┈┈┈┈┈┈┈桃●子君(1, 721675, 7)
├┈┈┈┈┈┈┈┈┈┈┈┈┈┈┈┈Daisy@(1, 786696, 8)
├┈┈┈┈┈┈┈┈┈┈┈┈ amy (2, 294756, 6)
├┈┈┈┈┈┈┈┈┈┈┈┈┈┈天蝎座狂想曲(1, 296029, 7)
├┈┈┈┈┈┈┈┈┈┈蒋松雪(3, 109638, 5)
├┈┈┈┈┈┈┈┈┈┈┈┈玛德琳(2, 228859, 6)
├┈┈┈┈┈┈┈┈┈┈┈┈┈┈我是猪(1, 306951, 7)
├┈┈┈┈┈┈┈┈┈┈┈┈┈┈┈┈👑WangH👧(1, 405504, 8)
├┈┈┈┈┈┈┈┈┈┈┈┈┈┈🐬 柠檬 🐬(1, 326432, 7)
├┈┈┈┈┈┈┈┈┈┈┈┈┈┈果果(1, 334025, 7)
├┈┈┈┈┈┈┈┈┈┈┈┈┈┈┈┈辣椒不辣(1, 520246, 8)
├┈┈┈┈┈┈┈┈┈┈┈┈猫言猫语(1, 233644, 6)
├┈┈┈┈┈┈┈┈┈┈┈┈┈┈Matcha(1, 557473, 7)
├┈┈┈┈┈┈┈┈┈┈┈┈杨红强(2, 242929, 6)
├┈┈┈┈┈┈┈┈┈┈┈┈┈┈Carita浦晓敏(1, 1082356, 7)
├┈┈┈┈┈┈┈┈┈┈┈┈杨大厨(1, 243054, 6)
├┈┈┈┈┈┈┈┈┈┈┈┈曹硕(1, 248445, 6)
├┈┈┈┈┈┈┈┈┈┈┈┈┈┈蛋蛋(1, 1114922, 7)
├┈┈┈┈┈┈┈┈┈┈┈┈萱(1, 252895, 6)
├┈┈┈┈┈┈┈┈┈┈┈┈吕薇(1, 284748, 6)
├┈┈┈┈┈┈┈┈┈┈┈┈努力先生（H&L）(1, 590260, 6)
├┈┈┈┈┈┈┈┈┈┈亮亮(4, 110546, 5)
├┈┈┈┈┈┈┈┈┈┈┈┈🌸糖豆儿🌸(1, 451805, 6)
├┈┈┈┈┈┈┈┈┈┈┈┈张绍欣(1, 532058, 6)
├┈┈┈┈┈┈┈┈┈┈┈┈sammy(1, 532065, 6)
├┈┈┈┈┈┈┈┈┈┈┈┈┈┈茁子(1, 546676, 7)
├┈┈┈┈┈┈┈┈┈┈┈┈厨房老妖(2, 549744, 6)
├┈┈┈┈┈┈┈┈┈┈┈┈┈┈董方晓～资产保全及传承(1, 401266, 7)
├┈┈┈┈┈┈┈┈┈┈┈┈┈┈灵芝(1, 597041, 7)
├┈┈┈┈┈┈┈┈┈┈┈┈┈┈宋琪（木玉）(2, 601291, 7)
├┈┈┈┈┈┈┈┈┈┈┈┈┈┈┈┈狮子座的王壮壮不爱吃榴莲(1, 822185, 8)
├┈┈┈┈┈┈┈┈┈┈┈┈┈┈现代的古典主义(1, 609064, 7)
├┈┈┈┈┈┈┈┈┈┈┈┈┈┈2005sjks(1, 609072, 7)
├┈┈┈┈┈┈┈┈┈┈┈┈┈┈qi(1, 609719, 7)
├┈┈┈┈┈┈┈┈┈┈┈┈┈┈┈┈承喆(1, 112227, 8)
├┈┈┈┈┈┈┈┈┈┈┈┈┈┈🌸YoYo🍀(1, 619245, 7)
├┈┈┈┈┈┈┈┈┈┈┈┈┈┈┈┈游^_^游(1, 622026, 8)
├┈┈┈┈┈┈┈┈┈┈┈┈源源(1, 550961, 6)
├┈┈┈┈┈┈┈┈┈┈┈┈jessica(1, 709514, 6)
├┈┈┈┈┈┈┈┈┈┈小淘气宝(1, 110635, 5)
├┈┈┈┈┈┈┈┈┈┈┈┈毒༒蘑菇(1, 493890, 6)
├┈┈┈┈┈┈┈┈┈┈┈┈┈┈小琪🏆(1, 1064246, 7)
├┈┈┈┈┈┈┈┈┈┈米莱(1, 110896, 5)
├┈┈┈┈┈┈┈┈┈┈李怡琳（美慧）(1, 112607, 5)
├┈┈┈┈┈┈┈┈┈┈袁林(2, 113972, 5)
├┈┈┈┈┈┈┈┈┈┈┈┈我爱乐桐(2, 475027, 6)
├┈┈┈┈┈┈┈┈┈┈┈┈┈┈向日葵(2, 492512, 7)
├┈┈┈┈┈┈┈┈┈┈┈┈┈┈秀秀²⁰¹⁸(1, 492535, 7)
├┈┈┈┈┈┈┈┈┈┈┈┈┈┈童雁(1, 499921, 7)
├┈┈┈┈┈┈┈┈┈┈蝈蝈(1, 115795, 5)
├┈┈┈┈┈┈┈┈┈┈二师兄的耙(2, 128141, 5)
├┈┈┈┈┈┈┈┈┈┈┈┈方园(1, 109631, 6)
├┈┈┈┈┈┈┈┈┈┈┈┈臭奇(1, 184922, 6)
├┈┈┈┈┈┈┈┈┈┈┈┈雅（紫轩）(3, 220610, 6)
├┈┈┈┈┈┈┈┈┈┈┈┈┈┈林芳(1, 96877, 7)
├┈┈┈┈┈┈┈┈┈┈┈┈┈┈┈┈陈R(1, 621847, 8)
├┈┈┈┈┈┈┈┈┈┈┈┈┈┈┈┈西西(1, 621870, 8)
├┈┈┈┈┈┈┈┈┈┈┈┈┈┈┈┈lomy(1, 621886, 8)
├┈┈┈┈┈┈┈┈┈┈┈┈┈┈┈┈玲(1, 622610, 8)
├┈┈┈┈┈┈┈┈┈┈┈┈┈┈晓跑兒(1, 138924, 7)
├┈┈┈┈┈┈┈┈┈┈┈┈┈┈蚕道婆，睡一晚就上瘾的桑蚕丝被(1, 147957, 7)
├┈┈┈┈┈┈┈┈┈┈┈┈┈┈出版编辑高冉（时事）(2, 150417, 7)
├┈┈┈┈┈┈┈┈┈┈┈┈┈┈┈┈某心 🌹 👄(2, 291000, 8)
├┈┈┈┈┈┈┈┈┈┈┈┈┈┈┈┈┈┈赵囡囡(1, 439357, 9)
├┈┈┈┈┈┈┈┈┈┈┈┈┈┈┈┈┈┈┈┈云儿(1, 605085, 10)
├┈┈┈┈┈┈┈┈┈┈┈┈┈┈┈┈┈┈彦Y🌸💋(1, 439409, 9)
├┈┈┈┈┈┈┈┈┈┈┈┈┈┈┈┈┈┈┈┈WL(1, 464550, 10)
├┈┈┈┈┈┈┈┈┈┈┈┈┈┈┈┈高小梅(1, 291682, 8)
├┈┈┈┈┈┈┈┈┈┈┈┈┈┈宇洋妈(2, 244147, 7)
├┈┈┈┈┈┈┈┈┈┈┈┈┈┈┈┈✨Lina✨(1, 244415, 8)
├┈┈┈┈┈┈┈┈┈┈┈┈┈┈┈┈秦妈(1, 260826, 8)
├┈┈┈┈┈┈┈┈┈┈┈┈┈┈┈┈于*丽(1, 528356, 8)
├┈┈┈┈┈┈┈┈┈┈┈┈┈┈Dāīsy💓 靜 💓^_€(2, 244520, 7)
├┈┈┈┈┈┈┈┈┈┈┈┈┈┈┈┈我要飞翔(1, 251108, 8)
├┈┈┈┈┈┈┈┈┈┈┈┈┈┈红酒💕  咖啡💕(1, 244682, 7)
├┈┈┈┈┈┈┈┈┈┈┈┈┈┈┈┈一道闪电(1, 267132, 8)
├┈┈┈┈┈┈┈┈┈┈┈┈┈┈┈┈┈┈月亮(1, 337468, 9)
├┈┈┈┈┈┈┈┈┈┈┈┈┈┈王丽娟(1, 246471, 7)
├┈┈┈┈┈┈┈┈┈┈┈┈┈┈Ada(1, 255727, 7)
├┈┈┈┈┈┈┈┈┈┈┈┈┈┈Suki(1, 265293, 7)
├┈┈┈┈┈┈┈┈┈┈┈┈┈┈广岛(1, 387498, 7)
├┈┈┈┈┈┈┈┈┈┈┈┈┈┈丸小桃(1, 443907, 7)
├┈┈┈┈┈┈┈┈┈┈┈┈┈┈良平银饰-蔡美璇(1, 522386, 7)
├┈┈┈┈┈┈┈┈┈┈┈┈┈┈李欣(1, 886662, 7)
├┈┈┈┈┈┈┈┈┈┈┈┈王茜(1, 223401, 6)
├┈┈┈┈┈┈┈┈┈┈喜芬儿(1, 128272, 5)
├┈┈┈┈┈┈┈┈┈┈茵儿(2, 131089, 5)
├┈┈┈┈┈┈┈┈┈┈┈┈球球(1, 876328, 6)
├┈┈┈┈┈┈┈┈┈┈馋猫(6, 135884, 5)
├┈┈┈┈┈┈┈┈┈┈┈┈薛慧413(1, 15377, 6)
├┈┈┈┈┈┈┈┈┈┈┈┈┈┈富足天使(1, 812205, 7)
├┈┈┈┈┈┈┈┈┈┈┈┈小鑫er(1, 53298, 6)
├┈┈┈┈┈┈┈┈┈┈┈┈爱吃鬼(4, 105643, 6)
├┈┈┈┈┈┈┈┈┈┈┈┈┈┈…… 空白格……(1, 314011, 7)
├┈┈┈┈┈┈┈┈┈┈┈┈┈┈欣儿.百货(1, 342096, 7)
├┈┈┈┈┈┈┈┈┈┈┈┈┈┈果果妈咪(1, 462925, 7)
├┈┈┈┈┈┈┈┈┈┈┈┈┈┈婷婷(1, 674010, 7)
├┈┈┈┈┈┈┈┈┈┈┈┈Nirvana璐(4, 106155, 6)
├┈┈┈┈┈┈┈┈┈┈┈┈┈┈层层层(1, 219087, 7)
├┈┈┈┈┈┈┈┈┈┈┈┈┈┈tony(1, 649792, 7)
├┈┈┈┈┈┈┈┈┈┈┈┈┈┈sunzy(1, 650599, 7)
├┈┈┈┈┈┈┈┈┈┈┈┈┈┈小武(1, 653007, 7)
├┈┈┈┈┈┈┈┈┈┈┈┈┈┈超人💗(1, 653127, 7)
├┈┈┈┈┈┈┈┈┈┈┈┈┈┈Jing(2, 656845, 7)
├┈┈┈┈┈┈┈┈┈┈┈┈┈┈┈┈80后de🎊小尾巴🎉(1, 793471, 8)
├┈┈┈┈┈┈┈┈┈┈┈┈┈┈┈┈安心(1, 805248, 8)
├┈┈┈┈┈┈┈┈┈┈┈┈┈┈┈┈君君(1, 816750, 8)
├┈┈┈┈┈┈┈┈┈┈┈┈┈┈┈┈┈┈喜乐Vivi(1, 843720, 9)
├┈┈┈┈┈┈┈┈┈┈┈┈┈┈小小小小小沫姐(1, 680871, 7)
├┈┈┈┈┈┈┈┈┈┈┈┈┈┈┈┈yinyuehan(1, 673290, 8)
├┈┈┈┈┈┈┈┈┈┈┈┈┈┈┈┈睿颜(1, 830091, 8)
├┈┈┈┈┈┈┈┈┈┈┈┈┈┈┈┈┈┈🌺影儿🍭(1, 1025659, 9)
├┈┈┈┈┈┈┈┈┈┈┈┈┈┈┈┈┈┈简单(1, 1026577, 9)
├┈┈┈┈┈┈┈┈┈┈┈┈┈┈^ω^我是我的^ω^(1, 705727, 7)
├┈┈┈┈┈┈┈┈┈┈┈┈┈┈🍀时间匣(2, 710704, 7)
├┈┈┈┈┈┈┈┈┈┈┈┈┈┈┈┈猫小点(1, 210623, 8)
├┈┈┈┈┈┈┈┈┈┈┈┈┈┈┈┈fanfan(1, 822529, 8)
├┈┈┈┈┈┈┈┈┈┈┈┈┈┈┈┈沫小沫(1, 846883, 8)
├┈┈┈┈┈┈┈┈┈┈┈┈┈┈┈┈┈┈李婷婷(1, 874151, 9)
├┈┈┈┈┈┈┈┈┈┈┈┈┈┈┈┈‍张梦瑶‍微信超級會員(1, 868301, 8)
├┈┈┈┈┈┈┈┈┈┈┈┈┈┈mila(2, 748297, 7)
├┈┈┈┈┈┈┈┈┈┈┈┈┈┈┈┈动次打次小胖子(1, 850512, 8)
├┈┈┈┈┈┈┈┈┈┈┈┈┈┈┈┈命里缺知识(1, 888742, 8)
├┈┈┈┈┈┈┈┈┈┈┈┈┈┈婉💝婉美优品1店(1, 748795, 7)
├┈┈┈┈┈┈┈┈┈┈┈┈┈┈Lily (1, 757332, 7)
├┈┈┈┈┈┈┈┈┈┈┈┈┈┈郑焱Suzy(1, 781412, 7)
├┈┈┈┈┈┈┈┈┈┈┈┈晗晗玩儿(1, 116354, 6)
├┈┈┈┈┈┈┈┈┈┈┈┈刘晓薇(1, 142937, 6)
├┈┈┈┈┈┈┈┈┈┈┈┈轻颦浅笑(1, 165708, 6)
├┈┈┈┈┈┈┈┈┈┈┈┈Grape(1, 176129, 6)
├┈┈┈┈┈┈┈┈┈┈┈┈傅小宴(1, 178229, 6)
├┈┈┈┈┈┈┈┈┈┈┈┈周洁(3, 193600, 6)
├┈┈┈┈┈┈┈┈┈┈┈┈┈┈杜小婧(1, 285623, 7)
├┈┈┈┈┈┈┈┈┈┈┈┈┈┈┈┈🐰依燃🐰(1, 993110, 8)
├┈┈┈┈┈┈┈┈┈┈┈┈┈┈薛旸(1, 287426, 7)
├┈┈┈┈┈┈┈┈┈┈┈┈🍃揣揣卡™(1, 203824, 6)
├┈┈┈┈┈┈┈┈┈┈┈┈┈┈申宏伟sen(1, 906089, 7)
├┈┈┈┈┈┈┈┈┈┈┈┈张宏伟(1, 233694, 6)
├┈┈┈┈┈┈┈┈┈┈┈┈成玉(1, 260914, 6)
├┈┈┈┈┈┈┈┈┈┈┈┈查希(1, 264145, 6)
├┈┈┈┈┈┈┈┈┈┈┈┈┈┈布 口袋👧🏻(1, 512285, 7)
├┈┈┈┈┈┈┈┈┈┈┈┈ff_smile(2, 362916, 6)
├┈┈┈┈┈┈┈┈┈┈┈┈┈┈🌹A～snow🌹(1, 589315, 7)
├┈┈┈┈┈┈┈┈┈┈┈┈木木(2, 369209, 6)
├┈┈┈┈┈┈┈┈┈┈┈┈西西cici(3, 415058, 6)
├┈┈┈┈┈┈┈┈┈┈┈┈┈┈邹大雁(1, 436486, 7)
├┈┈┈┈┈┈┈┈┈┈┈┈┈┈┈┈振玉(1, 512389, 8)
├┈┈┈┈┈┈┈┈┈┈┈┈┈┈┈┈旋旋(1, 513089, 8)
├┈┈┈┈┈┈┈┈┈┈┈┈┈┈┈┈小小鱼(1, 566491, 8)
├┈┈┈┈┈┈┈┈┈┈┈┈┈┈┈┈陶景华(1, 566606, 8)
├┈┈┈┈┈┈┈┈┈┈┈┈┈┈┈┈A水晶Q(1, 570202, 8)
├┈┈┈┈┈┈┈┈┈┈┈┈┈┈执(1, 436544, 7)
├┈┈┈┈┈┈┈┈┈┈┈┈┈┈好滋味(1, 436668, 7)
├┈┈┈┈┈┈┈┈┈┈┈┈┈┈赵一(2, 437821, 7)
├┈┈┈┈┈┈┈┈┈┈┈┈┈┈MM(1, 439999, 7)
├┈┈┈┈┈┈┈┈┈┈┈┈┈┈┈┈靓颖(1, 485703, 8)
├┈┈┈┈┈┈┈┈┈┈┈┈┈┈❤爱小小帅✨(1, 441536, 7)
├┈┈┈┈┈┈┈┈┈┈┈┈┈┈馋馋(1, 453076, 7)
├┈┈┈┈┈┈┈┈┈┈┈┈┈┈杜猫猫(1, 462107, 7)
├┈┈┈┈┈┈┈┈┈┈┈┈┈┈馋嘴淘(1, 486885, 7)
├┈┈┈┈┈┈┈┈┈┈┈┈┈┈水(1, 486987, 7)
├┈┈┈┈┈┈┈┈┈┈┈┈┈┈┈┈娟(1, 493202, 8)
├┈┈┈┈┈┈┈┈┈┈┈┈┈┈┈┈张云鹏(1, 502946, 8)
├┈┈┈┈┈┈┈┈┈┈┈┈┈┈┈┈李莉15689066812(1, 503130, 8)
├┈┈┈┈┈┈┈┈┈┈┈┈┈┈┈┈辰心儿(1, 505334, 8)
├┈┈┈┈┈┈┈┈┈┈┈┈┈┈AAAAA吃货小妞更懂生活～(1, 515533, 7)
├┈┈┈┈┈┈┈┈┈┈┈┈🎈yncheung(4, 435654, 6)
├┈┈┈┈┈┈┈┈┈┈┈┈┈┈西太后(3, 459540, 7)
├┈┈┈┈┈┈┈┈┈┈┈┈┈┈┈┈Sep(1, 207352, 8)
├┈┈┈┈┈┈┈┈┈┈┈┈┈┈┈┈┈┈王峥(1, 502462, 9)
├┈┈┈┈┈┈┈┈┈┈┈┈┈┈┈┈👾小吧👾行走の小🍼(1, 374198, 8)
├┈┈┈┈┈┈┈┈┈┈┈┈┈┈┈┈我是小绿豆^_^哈(1, 493799, 8)
├┈┈┈┈┈┈┈┈┈┈┈┈┈┈┈┈天涯芳草心💖(1, 493858, 8)
├┈┈┈┈┈┈┈┈┈┈┈┈┈┈┈┈曼陀花开(1, 493870, 8)
├┈┈┈┈┈┈┈┈┈┈┈┈┈┈┈┈┈┈李震乾(1, 601891, 9)
├┈┈┈┈┈┈┈┈┈┈┈┈┈┈┈┈杨扬(2, 494505, 8)
├┈┈┈┈┈┈┈┈┈┈┈┈┈┈┈┈来东东(1, 495515, 8)
├┈┈┈┈┈┈┈┈┈┈┈┈┈┈┈┈👑 kumi(1, 496098, 8)
├┈┈┈┈┈┈┈┈┈┈┈┈┈┈┈┈小张(1, 498299, 8)
├┈┈┈┈┈┈┈┈┈┈┈┈┈┈┈┈小婵(1, 499475, 8)
├┈┈┈┈┈┈┈┈┈┈┈┈┈┈透明(2, 459592, 7)
├┈┈┈┈┈┈┈┈┈┈┈┈┈┈┈┈肥团团喵(1, 526704, 8)
├┈┈┈┈┈┈┈┈┈┈┈┈┈┈王蛋蛋(1, 459619, 7)
├┈┈┈┈┈┈┈┈┈┈┈┈┈┈👑🎀neverbooboo🦄💒(4, 459656, 7)
├┈┈┈┈┈┈┈┈┈┈┈┈┈┈┈┈马娜(3, 459596, 8)
├┈┈┈┈┈┈┈┈┈┈┈┈┈┈┈┈┈┈科学猫(1, 198034, 9)
├┈┈┈┈┈┈┈┈┈┈┈┈┈┈┈┈┈┈rita(2, 493887, 9)
├┈┈┈┈┈┈┈┈┈┈┈┈┈┈┈┈Te'er(2, 463984, 8)
├┈┈┈┈┈┈┈┈┈┈┈┈┈┈┈┈┈┈👼梦(1, 409914, 9)
├┈┈┈┈┈┈┈┈┈┈┈┈┈┈┈┈┈┈蔤(2, 471313, 9)
├┈┈┈┈┈┈┈┈┈┈┈┈┈┈┈┈┈┈┈┈💚Super C🔥💰♥️(1, 538566, 10)
├┈┈┈┈┈┈┈┈┈┈┈┈┈┈┈┈┈┈路(1, 471644, 9)
├┈┈┈┈┈┈┈┈┈┈┈┈┈┈┈┈┈┈晓荷(1, 494641, 9)
├┈┈┈┈┈┈┈┈┈┈┈┈┈┈┈┈┈┈王凤英(1, 507049, 9)
├┈┈┈┈┈┈┈┈┈┈┈┈┈┈┈┈┈┈萌恩小铺(1, 949936, 9)
├┈┈┈┈┈┈┈┈┈┈┈┈┈┈┈┈❤左右为楠 ❤(1, 464020, 8)
├┈┈┈┈┈┈┈┈┈┈┈┈┈┈┈┈慧飞的燕子(1, 464161, 8)
├┈┈┈┈┈┈┈┈┈┈┈┈┈┈┈┈CiCi🎄(2, 467017, 8)
├┈┈┈┈┈┈┈┈┈┈┈┈┈┈┈┈┈┈昕潼(1, 484335, 9)
├┈┈┈┈┈┈┈┈┈┈┈┈┈┈┈┈┈┈吴笑笑🌻🌻(1, 527899, 9)
├┈┈┈┈┈┈┈┈┈┈┈┈┈┈┈┈┈┈PLA(1, 540372, 9)
├┈┈┈┈┈┈┈┈┈┈┈┈┈┈┈┈tifanny(2, 483857, 8)
├┈┈┈┈┈┈┈┈┈┈┈┈┈┈┈┈┈┈邢(1, 595285, 9)
├┈┈┈┈┈┈┈┈┈┈┈┈┈┈┈┈Ms N@uGhtY偲(1, 497817, 8)
├┈┈┈┈┈┈┈┈┈┈┈┈┈┈┈┈洛汐(1, 562833, 8)
├┈┈┈┈┈┈┈┈┈┈┈┈┈┈┈┈付萌-必虎科技(1, 669256, 8)
├┈┈┈┈┈┈┈┈┈┈┈┈┈┈大亮(1, 1133214, 7)
├┈┈┈┈┈┈┈┈┈┈┈┈陈明珺(1, 440281, 6)
├┈┈┈┈┈┈┈┈┈┈┈┈┈┈JJ(1, 335568, 7)
├┈┈┈┈┈┈┈┈┈┈┈┈┈┈┈┈笑亦欢颜(1, 583991, 8)
├┈┈┈┈┈┈┈┈┈┈┈┈大王(2, 443382, 6)
├┈┈┈┈┈┈┈┈┈┈┈┈┈┈静静(1, 196542, 7)
├┈┈┈┈┈┈┈┈┈┈┈┈┈┈Phoebe 小月月(1, 464881, 7)
├┈┈┈┈┈┈┈┈┈┈┈┈刘茜(1, 479341, 6)
├┈┈┈┈┈┈┈┈┈┈┈┈🌺格桑旺姆🌺孙小美(2, 488044, 6)
├┈┈┈┈┈┈┈┈┈┈┈┈┈┈美(1, 130602, 7)
├┈┈┈┈┈┈┈┈┈┈┈┈┈┈飘(1, 244216, 7)
├┈┈┈┈┈┈┈┈┈┈┈┈┈┈岩- Jessie(1, 511773, 7)
├┈┈┈┈┈┈┈┈┈┈┈┈兔兔🐰(1, 493105, 6)
├┈┈┈┈┈┈┈┈┈┈┈┈💋北💞京🎀小💅驴🙏(5, 494868, 6)
├┈┈┈┈┈┈┈┈┈┈┈┈┈┈贝贝_nunu(1, 271692, 7)
├┈┈┈┈┈┈┈┈┈┈┈┈┈┈🐰盈兔儿🐰(1, 404856, 7)
├┈┈┈┈┈┈┈┈┈┈┈┈┈┈┈┈宝宝(1, 609215, 8)
├┈┈┈┈┈┈┈┈┈┈┈┈┈┈┈┈dxy      🐝(1, 732176, 8)
├┈┈┈┈┈┈┈┈┈┈┈┈┈┈王科Kitty(2, 506801, 7)
├┈┈┈┈┈┈┈┈┈┈┈┈┈┈秋罗(1, 506802, 7)
├┈┈┈┈┈┈┈┈┈┈┈┈┈┈┈┈付娟(1, 538544, 8)
├┈┈┈┈┈┈┈┈┈┈┈┈┈┈┈┈┈┈高阳(1, 756269, 9)
├┈┈┈┈┈┈┈┈┈┈┈┈┈┈多多妈(2, 506809, 7)
├┈┈┈┈┈┈┈┈┈┈┈┈┈┈┈┈Fairy°雅赞(1, 525888, 8)
├┈┈┈┈┈┈┈┈┈┈┈┈┈┈┈┈俊  👀 ✨(1, 525914, 8)
├┈┈┈┈┈┈┈┈┈┈┈┈┈┈┈┈vivi(1, 528034, 8)
├┈┈┈┈┈┈┈┈┈┈┈┈┈┈┈┈轩宝妈(1, 530882, 8)
├┈┈┈┈┈┈┈┈┈┈┈┈┈┈┈┈萱宝妈 亲子时光(1, 533943, 8)
├┈┈┈┈┈┈┈┈┈┈┈┈┈┈┈┈汉堡🍔(1, 533948, 8)
├┈┈┈┈┈┈┈┈┈┈┈┈┈┈┈┈┈┈大周❤禹舟(1, 702363, 9)
├┈┈┈┈┈┈┈┈┈┈┈┈┈┈┈┈┈┈Alli son(1, 703039, 9)
├┈┈┈┈┈┈┈┈┈┈┈┈┈┈┈┈┈┈松子^O^郭郭^O^鸡血藤(1, 707289, 9)
├┈┈┈┈┈┈┈┈┈┈┈┈┈┈┈┈┈┈新娘跟妆师，婚礼甜品蛋糕，冷餐(1, 711961, 9)
├┈┈┈┈┈┈┈┈┈┈┈┈┈┈┈┈┈┈┈┈庞德轱拥不动(1, 714066, 10)
├┈┈┈┈┈┈┈┈┈┈┈┈┈┈┈┈┈┈┈┈┈┈Mic李老师18031911427(1, 714678, 11)
├┈┈┈┈┈┈┈┈┈┈┈┈┈┈┈┈┈┈┈┈┈┈想变瘦的王_㎡(1, 715271, 11)
├┈┈┈┈┈┈┈┈┈┈┈┈┈┈┈┈┈┈┈┈李不言(1, 714849, 10)
├┈┈┈┈┈┈┈┈┈┈┈┈┈┈┈┈┈┈Doublesun 李丽霞(1, 713701, 9)
├┈┈┈┈┈┈┈┈┈┈┈┈┈┈┈┈┈┈智慧(1, 714070, 9)
├┈┈┈┈┈┈┈┈┈┈┈┈┈┈┈┈┈┈太阳花(1, 791623, 9)
├┈┈┈┈┈┈┈┈┈┈┈┈┈┈┈┈┈┈粉红@猪猪(1, 806183, 9)
├┈┈┈┈┈┈┈┈┈┈┈┈┈┈┈┈┈┈云兮(1, 806791, 9)
├┈┈┈┈┈┈┈┈┈┈┈┈┈┈張錦雲(2, 506819, 7)
├┈┈┈┈┈┈┈┈┈┈┈┈┈┈ 我 (2, 506861, 7)
├┈┈┈┈┈┈┈┈┈┈┈┈┈┈郭效晗(1, 507032, 7)
├┈┈┈┈┈┈┈┈┈┈┈┈┈┈蓝雨❤️(1, 507349, 7)
├┈┈┈┈┈┈┈┈┈┈┈┈┈┈雨(2, 507357, 7)
├┈┈┈┈┈┈┈┈┈┈┈┈┈┈April(1, 507388, 7)
├┈┈┈┈┈┈┈┈┈┈┈┈┈┈黄丹丹(1, 507393, 7)
├┈┈┈┈┈┈┈┈┈┈┈┈┈┈┈┈伟(1, 643795, 8)
├┈┈┈┈┈┈┈┈┈┈┈┈┈┈Superman's mother(1, 508254, 7)
├┈┈┈┈┈┈┈┈┈┈┈┈┈┈张允 DeDe(1, 508426, 7)
├┈┈┈┈┈┈┈┈┈┈┈┈┈┈┈┈🐳 ✨翊娜✨(1, 624759, 8)
├┈┈┈┈┈┈┈┈┈┈┈┈┈┈X°(1, 509079, 7)
├┈┈┈┈┈┈┈┈┈┈┈┈┈┈👀「嘛嘛赵」คิดถึง(2, 509399, 7)
├┈┈┈┈┈┈┈┈┈┈┈┈┈┈┈┈沉默是金(1, 368680, 8)
├┈┈┈┈┈┈┈┈┈┈┈┈┈┈┈┈ A  you（整形顾问）(1, 556240, 8)
├┈┈┈┈┈┈┈┈┈┈┈┈┈┈┈┈┈┈gao_鑫(1, 596512, 9)
├┈┈┈┈┈┈┈┈┈┈┈┈┈┈┈┈┈┈🍒冰🍒(1, 639821, 9)
├┈┈┈┈┈┈┈┈┈┈┈┈┈┈┈┈┈┈┈┈大微微(1, 662926, 10)
├┈┈┈┈┈┈┈┈┈┈┈┈┈┈┈┈宋晖(1, 556289, 8)
├┈┈┈┈┈┈┈┈┈┈┈┈┈┈┈┈『 高雪 』จุ๊บ(1, 556298, 8)
├┈┈┈┈┈┈┈┈┈┈┈┈┈┈┈┈李贺(1, 556650, 8)
├┈┈┈┈┈┈┈┈┈┈┈┈┈┈┈┈┈┈一碗细面24°C(1, 563037, 9)
├┈┈┈┈┈┈┈┈┈┈┈┈┈┈┈┈┈┈宅达(1, 862980, 9)
├┈┈┈┈┈┈┈┈┈┈┈┈┈┈┈┈┈┈晶晶(1, 949869, 9)
├┈┈┈┈┈┈┈┈┈┈┈┈┈┈┈┈疯一样滴女人(1, 556881, 8)
├┈┈┈┈┈┈┈┈┈┈┈┈┈┈┈┈布丁麻麻(1, 586376, 8)
├┈┈┈┈┈┈┈┈┈┈┈┈┈┈┈┈天天乐！(1, 619877, 8)
├┈┈┈┈┈┈┈┈┈┈┈┈┈┈┈┈🎀赵赵「潮品大都会」🎀(1, 624968, 8)
├┈┈┈┈┈┈┈┈┈┈┈┈┈┈┈┈夏子依(1, 625374, 8)
├┈┈┈┈┈┈┈┈┈┈┈┈┈┈┈┈高蕊(1, 636793, 8)
├┈┈┈┈┈┈┈┈┈┈┈┈┈┈┈┈A减肥👙招商15810248266(1, 648285, 8)
├┈┈┈┈┈┈┈┈┈┈┈┈┈┈拿铁💋LR(1, 509759, 7)
├┈┈┈┈┈┈┈┈┈┈┈┈┈┈┈┈朱朱+1(1, 1005952, 8)
├┈┈┈┈┈┈┈┈┈┈┈┈┈┈┈┈ 熊熊 (1, 1006034, 8)
├┈┈┈┈┈┈┈┈┈┈┈┈┈┈┈┈┈┈晶(1, 1074328, 9)
├┈┈┈┈┈┈┈┈┈┈┈┈┈┈A幸福狐狸品牌经理Coco(1, 510860, 7)
├┈┈┈┈┈┈┈┈┈┈┈┈┈┈安安 早安(1, 511367, 7)
├┈┈┈┈┈┈┈┈┈┈┈┈┈┈王硕宇(2, 511694, 7)
├┈┈┈┈┈┈┈┈┈┈┈┈┈┈┈┈🎀小金🐯Ives(1, 440280, 8)
├┈┈┈┈┈┈┈┈┈┈┈┈┈┈┈┈曹雅芝(1, 507364, 8)
├┈┈┈┈┈┈┈┈┈┈┈┈┈┈悦荟万科～joeyliu 刘汲(1, 516893, 7)
├┈┈┈┈┈┈┈┈┈┈┈┈┈┈兔宝儿(1, 520471, 7)
├┈┈┈┈┈┈┈┈┈┈┈┈┈┈cicely(1, 522249, 7)
├┈┈┈┈┈┈┈┈┈┈┈┈┈┈刘津(1, 522301, 7)
├┈┈┈┈┈┈┈┈┈┈┈┈┈┈┈┈莫莫(1, 858501, 8)
├┈┈┈┈┈┈┈┈┈┈┈┈┈┈Rebecca🎐(1, 523122, 7)
├┈┈┈┈┈┈┈┈┈┈┈┈┈┈郭馨鸿(1, 523470, 7)
├┈┈┈┈┈┈┈┈┈┈┈┈┈┈王菲(1, 526961, 7)
├┈┈┈┈┈┈┈┈┈┈┈┈┈┈小俊俊(1, 529462, 7)
├┈┈┈┈┈┈┈┈┈┈┈┈┈┈┈┈盼盼(1, 533319, 8)
├┈┈┈┈┈┈┈┈┈┈┈┈┈┈┈┈，，，，，，(1, 537783, 8)
├┈┈┈┈┈┈┈┈┈┈┈┈┈┈┈┈阿澡(1, 540232, 8)
├┈┈┈┈┈┈┈┈┈┈┈┈┈┈┈┈盼(1, 543853, 8)
├┈┈┈┈┈┈┈┈┈┈┈┈┈┈馨悦(1, 530093, 7)
├┈┈┈┈┈┈┈┈┈┈┈┈┈┈锴娴～(1, 533133, 7)
├┈┈┈┈┈┈┈┈┈┈┈┈┈┈┈┈💗锴～💗(1, 548547, 8)
├┈┈┈┈┈┈┈┈┈┈┈┈┈┈菁(1, 535964, 7)
├┈┈┈┈┈┈┈┈┈┈┈┈┈┈LIANG(1, 537426, 7)
├┈┈┈┈┈┈┈┈┈┈┈┈┈┈左岸天空(1, 546319, 7)
├┈┈┈┈┈┈┈┈┈┈┈┈┈┈姚利娟(2, 555265, 7)
├┈┈┈┈┈┈┈┈┈┈┈┈┈┈┈┈星光四月(1, 563543, 8)
├┈┈┈┈┈┈┈┈┈┈┈┈┈┈晓曦(1, 558028, 7)
├┈┈┈┈┈┈┈┈┈┈┈┈┈┈1971(1, 578491, 7)
├┈┈┈┈┈┈┈┈┈┈┈┈┈┈唐超(1, 578662, 7)
├┈┈┈┈┈┈┈┈┈┈┈┈┈┈我走路带风。²⁰¹⁷₀₅.₂₅(1, 581408, 7)
├┈┈┈┈┈┈┈┈┈┈┈┈┈┈虹玖(1, 584130, 7)
├┈┈┈┈┈┈┈┈┈┈┈┈┈┈Katherine(1, 598653, 7)
├┈┈┈┈┈┈┈┈┈┈┈┈┈┈李工(1, 619356, 7)
├┈┈┈┈┈┈┈┈┈┈┈┈┈┈二战专家(1, 621287, 7)
├┈┈┈┈┈┈┈┈┈┈┈┈┈┈     L.(1, 648825, 7)
├┈┈┈┈┈┈┈┈┈┈┈┈┈┈晶晶(1, 661742, 7)
├┈┈┈┈┈┈┈┈┈┈┈┈┈┈小辉烤冷面，烤鸭肠(1, 664193, 7)
├┈┈┈┈┈┈┈┈┈┈┈┈┈┈马东升(1, 665648, 7)
├┈┈┈┈┈┈┈┈┈┈┈┈┈┈小娜子(1, 667632, 7)
├┈┈┈┈┈┈┈┈┈┈┈┈┈┈sniper24(1, 672812, 7)
├┈┈┈┈┈┈┈┈┈┈┈┈┈┈卷卷兔(1, 697125, 7)
├┈┈┈┈┈┈┈┈┈┈┈┈┈┈隔壁老王(1, 701763, 7)
├┈┈┈┈┈┈┈┈┈┈┈┈┈┈吴赛(1, 702179, 7)
├┈┈┈┈┈┈┈┈┈┈┈┈┈┈我淡定你自信(1, 704556, 7)
├┈┈┈┈┈┈┈┈┈┈┈┈┈┈^_^S^_^(1, 712317, 7)
├┈┈┈┈┈┈┈┈┈┈┈┈┈┈AQUA(1, 712960, 7)
├┈┈┈┈┈┈┈┈┈┈┈┈┈┈高蕾(1, 713004, 7)
├┈┈┈┈┈┈┈┈┈┈┈┈┈┈沐阳(1, 716969, 7)
├┈┈┈┈┈┈┈┈┈┈┈┈┈┈Jeeper(1, 728237, 7)
├┈┈┈┈┈┈┈┈┈┈┈┈┈┈王鹤宇(1, 734576, 7)
├┈┈┈┈┈┈┈┈┈┈┈┈┈┈踏宝莲(1, 734698, 7)
├┈┈┈┈┈┈┈┈┈┈┈┈┈┈香山寒士(1, 734746, 7)
├┈┈┈┈┈┈┈┈┈┈┈┈┈┈土狼(1, 736825, 7)
├┈┈┈┈┈┈┈┈┈┈┈┈┈┈哚哚💗辅食达人(1, 738273, 7)
├┈┈┈┈┈┈┈┈┈┈┈┈┈┈贝佳专业小儿推拿 18831195120(1, 747372, 7)
├┈┈┈┈┈┈┈┈┈┈┈┈┈┈贡云梅(1, 751398, 7)
├┈┈┈┈┈┈┈┈┈┈┈┈┈┈ zy(1, 761844, 7)
├┈┈┈┈┈┈┈┈┈┈┈┈┈┈可新(1, 765944, 7)
├┈┈┈┈┈┈┈┈┈┈┈┈┈┈石头(1, 782237, 7)
├┈┈┈┈┈┈┈┈┈┈┈┈┈┈窗外心语(1, 791402, 7)
├┈┈┈┈┈┈┈┈┈┈┈┈┈┈神仙姐姐(1, 793838, 7)
├┈┈┈┈┈┈┈┈┈┈┈┈┈┈云傲晴川(1, 793924, 7)
├┈┈┈┈┈┈┈┈┈┈┈┈┈┈梅(1, 793941, 7)
├┈┈┈┈┈┈┈┈┈┈┈┈┈┈小西(1, 805677, 7)
├┈┈┈┈┈┈┈┈┈┈┈┈┈┈橋(1, 840203, 7)
├┈┈┈┈┈┈┈┈┈┈┈┈┈┈局外人(1, 851855, 7)
├┈┈┈┈┈┈┈┈┈┈┈┈┈┈徵(1, 852326, 7)
├┈┈┈┈┈┈┈┈┈┈┈┈┈┈🎀L^ 蕾～💕(1, 857511, 7)
├┈┈┈┈┈┈┈┈┈┈┈┈┈┈我爱你生生世世(1, 863318, 7)
├┈┈┈┈┈┈┈┈┈┈┈┈Wendy(4, 541067, 6)
├┈┈┈┈┈┈┈┈┈┈┈┈┈┈晖姑娘🔯(1, 123748, 7)
├┈┈┈┈┈┈┈┈┈┈┈┈┈┈奇妙妙🦌🐇(1, 184583, 7)
├┈┈┈┈┈┈┈┈┈┈┈┈┈┈┈┈米宝麻麻(1, 910050, 8)
├┈┈┈┈┈┈┈┈┈┈┈┈┈┈┈┈┈┈Nicecic 静(1, 919876, 9)
├┈┈┈┈┈┈┈┈┈┈┈┈┈┈Merry信(1, 263594, 7)
├┈┈┈┈┈┈┈┈┈┈┈┈┈┈┈┈暖暖妈(1, 804016, 8)
├┈┈┈┈┈┈┈┈┈┈┈┈┈┈┈┈贾萍萍(1, 804109, 8)
├┈┈┈┈┈┈┈┈┈┈┈┈┈┈┈┈飞扬(1, 804993, 8)
├┈┈┈┈┈┈┈┈┈┈┈┈┈┈┈┈一笑鑫晴(1, 810093, 8)
├┈┈┈┈┈┈┈┈┈┈┈┈┈┈臭菲🌺(1, 310858, 7)
├┈┈┈┈┈┈┈┈┈┈┈┈┈┈👑安可美好🎀(1, 448838, 7)
├┈┈┈┈┈┈┈┈┈┈┈┈┈┈Chris(1, 558970, 7)
├┈┈┈┈┈┈┈┈┈┈┈┈┈┈微微凉(1, 559065, 7)
├┈┈┈┈┈┈┈┈┈┈┈┈┈┈peggy🐧滴妈咪(1, 559600, 7)
├┈┈┈┈┈┈┈┈┈┈┈┈┈┈Anna(1, 563530, 7)
├┈┈┈┈┈┈┈┈┈┈┈┈┈┈小漺💋🎉(1, 563536, 7)
├┈┈┈┈┈┈┈┈┈┈┈┈┈┈小宇Sylvia(1, 575127, 7)
├┈┈┈┈┈┈┈┈┈┈┈┈┈┈楚天，梦然(1, 619909, 7)
├┈┈┈┈┈┈┈┈┈┈┈┈┈┈蜈蚣 | 小宝妈(3, 648609, 7)
├┈┈┈┈┈┈┈┈┈┈┈┈┈┈┈┈妍(1, 500176, 8)
├┈┈┈┈┈┈┈┈┈┈┈┈┈┈┈┈┈┈🎀葑^訫琐^嗳²⁰¹7'🎀(1, 737958, 9)
├┈┈┈┈┈┈┈┈┈┈┈┈┈┈┈┈┈┈小老虎(1, 800316, 9)
├┈┈┈┈┈┈┈┈┈┈┈┈┈┈┈┈┈┈实现梦想(1, 800365, 9)
├┈┈┈┈┈┈┈┈┈┈┈┈┈┈┈┈┈┈ping(1, 800425, 9)
├┈┈┈┈┈┈┈┈┈┈┈┈┈┈┈┈┈┈秋千(1, 868770, 9)
├┈┈┈┈┈┈┈┈┈┈┈┈┈┈┈┈┈┈郭姐(1, 868798, 9)
├┈┈┈┈┈┈┈┈┈┈┈┈┈┈┈┈吴佩蓉(1, 671655, 8)
├┈┈┈┈┈┈┈┈┈┈┈┈┈┈┈┈菜菜(1, 671783, 8)
├┈┈┈┈┈┈┈┈┈┈┈┈┈┈┈┈艾然Wendy(1, 672229, 8)
├┈┈┈┈┈┈┈┈┈┈┈┈┈┈┈┈🎃(1, 674095, 8)
├┈┈┈┈┈┈┈┈┈┈┈┈┈┈┈┈洋妈(1, 674228, 8)
├┈┈┈┈┈┈┈┈┈┈┈┈┈┈┈┈赵惠美琳(1, 679902, 8)
├┈┈┈┈┈┈┈┈┈┈┈┈┈┈大MAn(1, 674323, 7)
├┈┈┈┈┈┈┈┈┈┈┈┈┈┈關關•Smiley(1, 674368, 7)
├┈┈┈┈┈┈┈┈┈┈┈┈我爱美食(1, 554396, 6)
├┈┈┈┈┈┈┈┈┈┈┈┈黑土(2, 576590, 6)
├┈┈┈┈┈┈┈┈┈┈┈┈柳 M.D. Liu(1, 658689, 6)
├┈┈┈┈┈┈┈┈┈┈┈┈冰娃子(2, 681987, 6)
├┈┈┈┈┈┈┈┈┈┈┈┈┈┈w y h(1, 570126, 7)
├┈┈┈┈┈┈┈┈┈┈┈┈┈┈┈┈不动声色(1, 979678, 8)
├┈┈┈┈┈┈┈┈┈┈┈┈┈┈雨楠🍒(1, 717034, 7)
├┈┈┈┈┈┈┈┈┈┈┈┈┈┈航杭(1, 717051, 7)
├┈┈┈┈┈┈┈┈┈┈┈┈┈┈┈┈陈丽萍 语可(1, 1089727, 8)
├┈┈┈┈┈┈┈┈┈┈┈┈┈┈鸟尔(1, 717686, 7)
├┈┈┈┈┈┈┈┈┈┈┈┈┈┈悟空(1, 727926, 7)
├┈┈┈┈┈┈┈┈┈┈┈┈┈┈得之则喜(1, 727927, 7)
├┈┈┈┈┈┈┈┈┈┈┈┈┈┈孟禹希(1, 746652, 7)
├┈┈┈┈┈┈┈┈┈┈┈┈┈┈奇妙旅程糊涂蛋(1, 753629, 7)
├┈┈┈┈┈┈┈┈┈┈┈┈┈┈孙晓华(1, 753760, 7)
├┈┈┈┈┈┈┈┈┈┈┈┈┈┈sunli(1, 767872, 7)
├┈┈┈┈┈┈┈┈┈┈┈┈┈┈温暖如馨-Milly妈(1, 825586, 7)
├┈┈┈┈┈┈┈┈┈┈┈┈顺其自然(2, 823257, 6)
├┈┈┈┈┈┈┈┈┈┈┈┈┈┈杨涛(1, 112260, 7)
├┈┈┈┈┈┈┈┈┈┈┈┈┈┈天边的云(1, 904957, 7)
├┈┈┈┈┈┈┈┈┈┈┈┈Aw兰兰(1, 924034, 6)
├┈┈┈┈┈┈┈┈┈┈┈┈菲菲(1, 936987, 6)
├┈┈┈┈┈┈┈┈┈┈┈┈Yana＜晓婷＞(3, 996261, 6)
├┈┈┈┈┈┈┈┈┈┈┈┈┈┈快乐人生(1, 1070564, 7)
├┈┈┈┈┈┈┈┈┈┈┈┈刘涟(1, 1043990, 6)
├┈┈┈┈┈┈┈┈┈┈┈┈新天地艺术中心宋丽君(1, 1102874, 6)
├┈┈┈┈┈┈┈┈┈┈巴颜(2, 189196, 5)
├┈┈┈┈┈┈┈┈┈┈┈┈🎀🐶toffee 🍭💗(1, 315995, 6)
├┈┈┈┈┈┈┈┈┈┈┈┈┈┈土豆丝(1, 630463, 7)
├┈┈┈┈┈┈┈┈┈┈┈┈罗碎碎(1, 330286, 6)
├┈┈┈┈┈┈┈┈┈┈┈┈鲍松(1, 525679, 6)
├┈┈┈┈┈┈┈┈田小圈儿(1, 71183, 4)
├┈┈┈┈┈┈┈┈Ashley(1, 71961, 4)
├┈┈┈┈┈┈┈┈西溪💕保险人纪效梅(2, 105773, 4)
├┈┈┈┈┈┈┈┈┈┈赵晖(1, 376211, 5)
├┈┈┈┈┈┈┈┈渔儿Jane(1, 143934, 4)
├┈┈┈┈┈┈┈┈A简单的美好(1, 250691, 4)
├┈┈┈┈┈┈┈┈┈┈财富风险管理顾问 费志红(1, 1133269, 5)
├┈┈┈┈┈┈┈┈美食时光(1, 287036, 4)
├┈┈┈┈┈┈┈┈┈┈杨(1, 687552, 5)
├┈┈┈┈┈┈┈┈Queenie☀🍬🍭🗿(1, 501170, 4)
├┈┈┈┈┈┈Lea【田雅歌】(1, 31119, 3)
├┈┈┈┈┈┈┈┈李吉祥(1, 175672, 4)
├┈┈┈┈┈┈┈┈kathy5(1, 233798, 4)
├┈┈┈┈┈┈┈┈热血刺猬(1, 984956, 4)
├┈┈┈┈┈┈┈┈李昱(1, 1040125, 4)
├┈┈┈┈┈┈辉💄🐒💍🐴(2, 31717, 3)
├┈┈┈┈┈┈┈┈阿兜(2, 525970, 4)
├┈┈┈┈┈┈┈┈┈┈杨光(1, 392738, 5)
├┈┈┈┈┈┈┈┈┈┈┈┈董思源(1, 1098159, 6)
├┈┈┈┈┈┈┈┈┈┈李连峰(1, 979331, 5)
├┈┈┈┈┈┈┈┈┈┈┈┈笑笑妈-郭燕(1, 1033056, 6)
├┈┈┈┈┈┈┈┈┈┈┈┈猫小财(1, 1033893, 6)
├┈┈┈┈┈┈┈┈┈┈晶จุ๊บ(2, 1017140, 5)
├┈┈┈┈┈┈┈┈┈┈┈┈苗(1, 286976, 6)
├┈┈┈┈┈┈┈┈┈┈┈┈张小什(1, 477870, 6)
├┈┈┈┈┈┈┈┈┈┈┈┈┈┈Amy🌳🕊(1, 1034595, 7)
├┈┈┈┈┈┈┈┈┈┈┈┈┈┈梦一062744(1, 1042845, 7)
├┈┈┈┈┈┈┈┈┈┈┈┈陆煜(1, 1033071, 6)
├┈┈┈┈┈┈┈┈┈┈┈┈快乐简单(1, 1039686, 6)
├┈┈┈┈┈┈┈┈┈┈┈┈┈┈猪茉茉(1, 520070, 7)
├┈┈┈┈┈┈┈┈┈┈┈┈┈┈┈┈燕儿(1, 282839, 8)
├┈┈┈┈┈┈┈┈┈┈┈┈┈┈┈┈大颖子🐰凯儿得樂(1, 592735, 8)
├┈┈┈┈┈┈┈┈┈┈┈┈┈┈┈┈A·周桐羽จุ๊บ微店(1, 1033926, 8)
├┈┈┈┈┈┈┈┈┈┈┈┈┈┈┈┈SweetMiss FOTO(1, 1094025, 8)
├┈┈┈┈┈┈┈┈┈┈┈┈┈┈┈┈😋(1, 1159307, 8)
├┈┈┈┈┈┈┈┈┈┈┈┈┈┈燕子来时(1, 1072025, 7)
├┈┈┈┈┈┈┈┈┈┈┈┈┈┈┈┈泙默若水(1, 1099851, 8)
├┈┈┈┈┈┈┈┈┈┈┈┈┈┈┈┈小鱼快跑(1, 1110540, 8)
├┈┈┈┈┈┈┈┈┈┈┈┈W.⛵(1, 1040340, 6)
├┈┈┈┈┈┈┈┈┈┈┈┈找商品@我(1, 1058829, 6)
├┈┈┈┈┈┈┈┈┈┈┈┈轩(1, 1062114, 6)
├┈┈┈┈┈┈┈┈┈┈Yss(1, 1033036, 5)
├┈┈┈┈┈┈┈┈┈┈┈┈Ann(1, 1045204, 6)
├┈┈┈┈┈┈┈┈┈┈┈┈🐻Crystal77Cheung(1, 1045230, 6)
├┈┈┈┈┈┈┈┈┈┈┈┈༺斯文༻(1, 1045452, 6)
├┈┈┈┈┈┈┈┈┈┈┈┈葡萄老祖(1, 1045465, 6)
├┈┈┈┈┈┈┈┈┈┈┈┈Zoé💃(1, 1059937, 6)
├┈┈┈┈┈┈聂语馨(2, 37299, 3)
├┈┈┈┈┈┈Leon(1, 37642, 3)
├┈┈┈┈┈┈jennyjiang(1, 38903, 3)
├┈┈┈┈┈┈┈┈Sally (1, 52340, 4)
├┈┈┈┈┈┈┈┈linawang123(1, 673711, 4)
├┈┈┈┈┈┈盛洁(4, 39030, 3)
├┈┈┈┈┈┈┈┈Tina💋RetroRevo Luxury·Living(1, 146977, 4)
├┈┈┈┈┈┈┈┈FOOD(1, 147150, 4)
├┈┈┈┈┈┈┈┈葛馨遥(1, 147165, 4)
├┈┈┈┈┈┈┈┈蒋骏燕(1, 147250, 4)
├┈┈┈┈┈┈┈┈徐冬琴(1, 147300, 4)
├┈┈┈┈┈┈┈┈🎀祝鹤淑婷🎀(1, 149141, 4)
├┈┈┈┈┈┈┈┈┈┈珠💋珠  日本GO(1, 980145, 5)
├┈┈┈┈┈┈┈┈陈恩曦(1, 712842, 4)
├┈┈┈┈┈┈尚炜(1, 46193, 3)
├┈┈┈┈┈┈┈┈尚尚(1, 1018585, 4)
├┈┈┈┈┈┈┈┈🐟(1, 1036316, 4)
├┈┈┈┈┈┈🌸风景🍀(2, 153021, 3)
├┈┈┈┈┈┈邱少人民(1, 262382, 3)
├┈┈┈┈┈┈┈┈Cherio(1, 398756, 4)
├┈┈┈┈┈┈┈┈🍡马大昕昕🐰(1, 1033579, 4)
├┈┈┈┈吉静(2, 20697, 2)
├┈┈┈┈┈┈二姐家🦄🐍🐶(1, 27619, 3)
├┈┈┈┈桃之夭夭(1, 22610, 2)
├┈┈┈┈吴东辰（Cathy）(1, 28045, 2)
├┈┈┈┈🌻扎西珍措🌻(1, 45574, 2)
├┈┈┈┈┈┈孟菲(1, 274581, 3)
├┈┈┈┈┈┈楠楠(1, 703750, 3)
├┈┈┈┈┈┈hairitei(1, 771217, 3)
├┈┈┈┈┈┈薇薇(1, 774791, 3)
├┈┈┈┈┈┈┈┈夏天✨(1, 778705, 4)
├┈┈┈┈┈┈张明杰(1, 774807, 3)
├┈┈┈┈┈┈┈┈春暖花开(1, 785178, 4)
├┈┈┈┈┈┈🍀张芳🌲(1, 775446, 3)
├┈┈┈┈┈┈刘景瑜(1, 777359, 3)
├┈┈┈┈┈┈Apple燕子(1, 778246, 3)
├┈┈┈┈┈┈瑛子 (1, 778355, 3)
├┈┈┈┈┈┈雪崑(1, 778663, 3)
├┈┈┈┈┈┈郭琨(1, 778744, 3)
├┈┈┈┈┈┈Peace(1, 779063, 3)
├┈┈┈┈┈┈北京一马艳芳(1, 780146, 3)
├┈┈┈┈┈┈suzy(1, 780422, 3)
├┈┈┈┈┈┈叫我Master(1, 780859, 3)
├┈┈┈┈┈┈静静的白桦林(1, 803681, 3)
├┈┈┈┈娇娘(1, 284224, 2)
├┈┈┈┈Misslady(1, 468282, 2)
├┈┈朱琳(2, 231577, 1)
├┈┈┈┈隽一(2, 577446, 2)
├┈┈┈┈┈┈金曲儿(1, 369289, 3)
├┈┈┈┈┈┈陈旭(1, 667792, 3)
├┈┈┈┈┈┈小树(1, 670117, 3)
├┈┈┈┈┈┈洋．洋(1, 672893, 3)
├┈┈┈┈┈┈Joanna(1, 692812, 3)
├┈┈┈┈┈┈lisa小娜(1, 709410, 3)
├┈┈┈┈┈┈莫沁杰(1, 732178, 3)
├┈┈┈┈┈┈大白菜(1, 747515, 3)
├┈┈┈┈┈┈莉Li(1, 786167, 3)
├┈┈FASHION(1, 648526, 1)
├┈┈┈┈王丹(1, 688985, 2)
├┈┈左玲燕(1, 753992, 1)
├┈┈马小惠(1, 829055, 1)
├┈┈平生浮云(1, 943231, 1)
├┈┈还好吧(1, 964621, 1)
├┈┈ﺭNA(1, 1066737, 1)
├┈┈┈┈è¥å¦¹å¦¹åç´å§å§(1, 1066767, 2)