127375,1
127376,1
127377,3
127378,30.03
127379,11
127383,256
127385,9.47
127400,1.34
127405,22.3
127411,1.27
127413,1150
127416,170
127418,1
127424,16.96
127427,26
127449,28
127467,19
127471,15.06
127479,3000
127480,133.87
127486,200
127493,28
127494,9.93
127504,73.54
127507,168.44
127521,18.1
127532,179.91
127542,28.71
127543,5.68
127544,5400
127545,33.59
127546,2.18
127547,16.24
127548,57.27
127549,139.67
127550,75
127551,149.64
127552,106
127553,1000
127554,406.15
127555,13.22
127556,325.87
127557,11.05
127558,115.64
127559,26.11
127560,31
127562,69.32
127563,4.07
127564,310.81
127565,2700
127566,92.65
127567,15.16
127568,572
127569,6.13
127570,579.45
127571,5.04
127572,13.7
127573,20.56
127574,95.63
127575,34.93
127576,57.08
127577,20.88
127578,7.1
127579,1045
127580,600.77
127581,80.34
127582,46.33
127583,45.99
127584,28.32
127585,104
127586,22.57
127587,6.68
127588,86.99
127589,6.13
127590,29
127591,41.77
127592,126.61
127593,5.06
127594,281.41
127595,1060.78
127596,1527
127597,4.26
127598,14.64
127599,830
127600,351.48
127601,72
127602,26.12
127603,7.68
127604,23.78
127605,18.6
127606,89
127607,62.4
127608,14.16
127609,70.9
127610,577
127611,150.05
127612,428.97
127613,173.6
127614,2
127615,15.19
127616,26.38
127617,21.75
127618,439.81
127619,56.97
127620,24.78
127621,4.94
127622,500
127623,57.51
127624,94
127625,11.15
127626,16.76
127627,100
127628,24.35
127629,166.87
127630,52.95
127631,12.34
127632,68.27
127633,39.97
127634,29100
127635,97
127636,129.75
127637,176.6
127638,304.76
127639,100
127640,21.11
127641,505.87
127642,19.05
127643,8
127644,339
127645,2233.14
127646,75.38
127647,7.22
127648,22.39
127649,100
127650,407
127651,84.52
127652,159
127653,1378.12
127654,45
127655,1447.32
127656,226.46
127657,128.24
127658,7.08
127659,3326.64
127660,15.48
127661,22.72
127662,37.2
127663,1000
127664,148.97
127665,55
127666,16.58
127667,17
127668,3269.44
127669,15.5
127670,179.99
127671,22.37
127672,20.61
127673,160
127674,3.78
127675,6828.32
127676,71.9
127677,13.91
127678,32.34
127679,592.04
127680,128
127681,92.48
127682,120.75
127683,22.41
127684,47.05
127685,3.48
127687,500
127689,732
127690,5.58
127691,580
127692,6.91
127693,31.69
127694,107
127695,53.59
127696,29.93
127697,6
127698,174
127699,30.21
127700,278.78
127701,200
127703,68.63
127704,71.1
127705,58.13
127706,115.59
127707,54
127708,2900
127709,9.2
127710,43.67
127711,662.4
127712,5.7
127713,14.5
127714,2.91
127715,35.59
127716,160
127717,84.48
127718,100
127719,1200
127720,4.65
127721,8
127722,507
127723,84.53
127724,268
127725,6.6
127726,33.81
127727,15.74
127728,210.29
127729,48.62
127730,185.2
127731,11.04
127732,103
127733,5.35
127734,10.86
127735,15833.62
127736,18.76
127737,200
127738,249
127739,63.19
127740,192.17
127741,25.65
127742,6.36
127743,35.29
127745,42.91
127746,82.81
127747,8.89
127748,130
127749,20.47
127750,250
127751,176.3
127752,1646
127753,769
127754,30.2
127756,77.4
127757,19.57
127758,130.33
127759,39.74
127760,45.48
127761,23.82
127762,300
127763,400
127764,217.45
127765,5.82
127766,53.95
127767,34
127768,100.32
127769,7.27
127770,216.89
127771,34.98
127772,2.17
127773,2.91
127774,8.53
127775,41.84
127776,180.4
127777,14.97
127778,3.1
127779,100
127780,200
127781,410
127782,100
127783,11.46
127784,766
127785,60
127786,188.71
127787,100.9
127788,49
127789,3817.25
127790,178
127791,359.07
127792,51.09
127793,91.25
127794,71.22
127795,101.71
127796,420.18
127797,667
127798,19.87
127799,6.83
127800,199.59
127801,158.62
127802,8.46
127803,50
127804,129.66
127805,193.58
127806,255
127807,59
127808,64.4
127809,8.13
127810,47.06
127811,24.52
127812,4.65
127813,110
127814,26.69
127815,22.05
127816,14
127817,5.07
127818,17.98
127819,56.7
127820,54.84
127821,21.65
127822,143.11
127823,324
127824,45
127825,130
127826,39.6
127827,109.79
127828,116.81
127829,255
127830,200
127831,450
127832,103
127833,59.25
127841,7.27
127842,131.47
127843,500
127844,50.38
127845,298
127847,65
127848,738.43
127849,12.69
127851,36.01
127852,12.66
127853,75
127854,104.83
127855,166.82
127856,25.02
127858,1400
127859,165
127860,16.45
127861,1099.11
127862,100
127863,18.28
127864,10.47
127865,46.51
127866,12
127867,10.13
127868,2313
127869,68.62
127870,18.9
127871,5.18
127872,21.64
127873,224.79
127874,149.22
127875,44.59
127876,5
127877,373
127878,28.58
127880,96.89
127881,12.74
127882,167.94
127883,317
127884,64
127885,30
127886,48.33
127887,46.92
127888,12.85
127891,147.36
127892,98.63
127893,200
127894,12.68
127895,102.44
127896,23.97
127897,25.64
127898,2000
127899,28
127900,17.81
127901,100
127902,16.4
127903,2.28
127904,46.77
127905,19.97
127906,26.04
127907,19.71
127908,11.17
127909,56.01
127910,38.2
127911,26.83
127912,16.05
127913,101.26
127914,90
127915,104.21
127916,492.29
127917,162.31
127918,148
127919,60.49
127920,70.24
127921,4.26
127922,7.45
127923,573
127924,13.71
127925,20.34
127926,5.12
127927,118
127928,1590
127929,110
127930,7.08
127931,149.3
127932,30.32
127933,49.4
127934,432.38
127935,13.42
127936,18.62
127937,25.65
127938,292
127939,22.34
127940,600
127941,38.14
127942,500
127943,73.49
127944,10.85
127945,154
127946,62
127947,701
127948,28.55
127949,5
127950,3.16
127951,167.76
127952,115.2
127953,58.2
127954,7.9
127955,53.64
127956,35.45
127957,815.75
127958,41.43
127959,1003.8
127960,100
127961,6.13
127962,14.79
127963,108
127965,360
127966,48.3
127967,21.85
127968,226
127969,836
127970,95
127971,112
127972,24.34
127973,25.18
127974,30
127975,21.77
127976,10.84
127977,38.57
127978,800
127979,90.79
127980,2925.86
127981,1000
127982,60
127983,152.3
127984,1639.12
127985,20.41
127986,100
127987,319.38
127988,171.54
127989,24000
127990,500
127991,100
127992,173.7
127993,15.3
127994,91.29
127995,22.34
127996,115
127997,12.64
127998,373
127999,11.22
128000,1583
128001,10.65
128002,13.34
128003,9
128004,1334.29
128005,343.95
128006,100
128007,80.96
128008,72
128009,58.3
128010,18.61
128011,20.94
128012,28.26
128013,70
128014,5.42
128015,110.48
128016,176
128017,4.03
128018,17.2
128019,108.5
128020,28.55
128021,74.64
128022,31.36
128023,179
128024,8.46
128025,6.35
128026,89
128027,144
128028,400
128029,42
128030,7.59
128031,35.13
128032,41.41
128033,100
128034,6.14
128035,96.57
128036,5.81
128037,15.55
128038,12.75
128039,110
128040,1502.51
128041,44
128042,85.01
128043,23.41
128044,75.58
128045,120
128046,5
128047,151.19
128048,14.3
128049,2600
128050,1178.18
128051,14.02
128052,1565.63
128053,146.39
128054,100
128055,197.95
128056,785
128057,198.42
128058,259.04
128059,298
128060,5.86
128061,67.54
128062,9.84
128063,180
128064,211.66
128065,22.5
128066,48.34
128067,100
128068,45.35
128069,600
128070,66.32
128071,32.35
128072,437.24
128073,111.47
128076,49.68
128077,230
128078,16.12
128079,3.54
128080,1000
128081,153.81
128082,10.81
128083,59.12
128084,31.38
128085,7.06
128086,8.51
128087,100
128088,137.35
128089,2.02
128090,12.01
128091,312.97
128092,107.45
128093,4.24
128094,46.79
128095,130
128096,180.35
128097,450
128098,5.12
128099,116.37
128100,800
128101,39.59
128102,82.27
128103,660
128104,132
128106,133.6
128107,15.47
128108,494
128109,64.35
128110,109
128111,8.78
128112,55.99
128113,16.4
128114,46.46
128115,61
128116,599
128117,31
128118,66.13
128119,14.48
128120,4.25
128121,32.45
128122,144.46
128123,29.93
128124,16.07
128125,599.63
128126,41.86
128127,902.51
128128,28.72
128129,5.48
128130,15.81
128131,184.55
128132,11.01
128133,63
128134,40.33
128135,29
128136,412
128137,15.64
128138,35.16
128139,1258.92
128140,7.08
128141,41.45
128142,47.44
128143,45
128144,9.45
128145,42.65
128146,65.57
128147,23.58
128148,78
128149,188.07
128150,50
128151,7.95
128152,12.42
128153,6.57
128154,7.15
128155,45
128156,154.12
128158,8.83
128159,15
128160,66.08
128161,32.53
128162,81.64
128163,500
128164,110.19
128166,54
128168,385.42
128170,16.87
128171,104.48
128172,109.8
128173,28.36
128174,495.7
128175,114.59
128176,586.33
128177,24.78
128178,383
128179,2.51
128180,192
128181,56
128182,10.66
128183,65.05
128185,26.64
128186,123.06
128188,8.15
128189,372.2
128190,41.72
128191,2200
128192,800
128193,530
128195,15.59
128196,19
128198,54.62
128199,13.71
128200,53.49
128201,145
128202,100
128203,138
128204,21
128205,72.49
128206,62
128212,46.96
128213,10.85
128214,90
128215,311
128216,16.22
128217,2200
128218,28
128219,575.9
128220,59
128221,150
128222,48
128223,32
128225,720
128226,173.99
128227,5.9
128228,2400
128229,33.76
128230,39.49
128231,95.7
128232,116
128233,523.25
128234,100
128235,13.63
128236,52.07
128237,988
128238,100
128239,7.27
128240,87.46
128241,16.06
128242,4.54
128243,11.36
128244,4.6
128245,433.98
128246,13.47
128247,152
128248,23.46
128249,500
128250,30.18
128251,1525.04
128252,154.96
128253,29.82
128254,80
128255,77.35
128256,30
128257,23.96
128258,763.69
128259,100
128260,3000
128261,300
128262,24.79
128263,192.18
128264,21.92
128265,200.42
128266,7.1
128267,35.97
128268,4.3
128269,2.17
128270,91.57
128271,17.36
128272,8067.63
128273,5.82
128274,200
128275,75.68
128276,134.45
128277,52.8
128278,20.67
128279,55
128280,187.62
128281,7.75
128282,95.46
128283,81.67
128284,25
128285,276
128286,390.04
128287,5.28
128288,4.58
128289,150
128290,92.48
128291,46.71
128292,54.43
128293,43
128295,111.84
128296,14.84
128297,23.64
128298,406.95
128299,10.7
128300,1141.47
128301,14.49
128302,39.27
128303,14.16
128304,177.71
128305,600
128306,3.19
128307,6.96
128308,66.76
128309,51
128310,8.84
128311,8
128312,120.35
128313,4.77
128314,44.48
128315,87
128316,650.74
128317,20
128319,24.83
128320,23.2
128321,5.42
128322,13.52
128323,97
128324,54.25
128325,5.9
128326,400
128327,4500
128328,75.11
128329,14.17
128330,12.94
128331,90.92
128332,6.78
128333,3500
128334,58.3
128335,221
128336,29.45
128337,38.1
128338,3.87
128339,235
128340,83.98
128341,20.02
128342,16.05
128343,13.88
128344,100
128345,42.95
128346,337.63
128347,19.31
128348,20.63
128349,247.67
128350,83.79
128351,35.54
128352,31.64
128353,349.38
128354,14.05
128355,67
128356,287.09
128357,5.42
128358,37
128359,50.31
128360,569.56
128361,300
128362,88.2
128363,1700
128364,76.67
128365,278.33
128366,261
128367,84
128368,2000
128369,82.8
128370,12.76
128371,5.27
128372,1073
128373,314
128374,52
128375,8.07
128376,45.99
128377,81
128378,283.27
128379,84.85
128380,6.31
128381,16.12
128382,324
128383,7.29
128384,80.97
128385,65.43
128386,39.8
128387,11.45
128388,100
128389,68.21
128390,105
128391,32.38
128392,106.91
128393,35
128394,543.44
128395,123.05
128396,14.55
128398,199
128399,150
128400,127.23
128401,35.37
128402,32.74
128403,330
128404,170
128405,23.68
128406,100
128407,324.92
128408,36
128409,548.35
128410,6.2
128411,31
128412,3.87
128413,1362
128414,4.11
128415,203.66
128416,11.12
128417,44.71
128419,95.67
128420,168
128421,157
128422,6.96
128423,13
128424,107.44
128425,229.91
128426,91.49
128427,108.66
128428,183
128429,6.29
128430,200
128431,6.27
128432,7.93
128433,135.11
128435,500
128436,6.26
128437,11750
128438,700
128439,4
128440,32.07
128441,259.87
128442,115
128443,334
128444,15.11
128445,18.86
128447,55.8
128448,5.65
128449,26.99
128450,210
128451,258
128452,300
128453,19.14
128454,220
128455,11.54
128456,222.59
128457,4.87
128458,13.17
128459,38
128460,83
128461,16.88
128462,200
128463,24.87
128464,103.82
128465,16.11
128466,123.52
128467,100
128468,37.25
128469,415
128470,2.09
128471,3
128472,334
128473,25.39
128474,18.94
128475,49.03
128476,48.88
128477,59
128478,35.03
128479,264
128480,9.62
128481,363
128482,35.08
128483,486
128484,247
128485,342.16
128486,22.33
128487,2.02
128488,900
128489,700
128490,17.53
128491,2503
128492,14.3
128493,98
128494,860.97
128495,80
128496,560.58
128497,11.9
128498,400
128499,350
128500,52.15
128501,52.86
128502,5000
128503,22.04
128504,71
128505,231.14
128506,153.25
128507,210.35
128508,114.99
128509,10000
128510,186.28
128511,187
128512,1000
128513,10.41
128514,78.26
128515,256
128516,10.38
128517,24
128518,6.76
128519,27.13
128520,52.45
128521,99
128522,43.57
128523,27
128524,10.01
128525,23
128526,25
128527,150
128528,41.5
128529,101.57
128530,1112
128534,7.97
128535,1187
128536,41
128537,7.75
128538,21
128539,145.37
128540,19
128541,28.3
128542,8.46
128543,30.37
128544,46.48
128545,196.44
128546,450
128547,9.98
128548,12.18
128549,5.56
128550,26.27
128551,16.05
128552,38.52
128553,253.86
128554,36.07
128555,500
128556,370.14
128557,124
128558,7.45
128559,297.28
128560,248
128561,73.73
128562,383
128563,12.47
128564,430.46
128565,5.96
128566,170.62
128567,65.06
128568,49.89
128569,14.9
128570,51.45
128571,32.25
128572,74.5
128573,6.5
128574,17.57
128575,30.53
128576,316.4
128577,19.73
128578,3.44
128579,60
128580,21.39
128581,47.67
128582,27.25
128583,29
128584,64.43
128585,47
128586,142.9
128587,14.71
128588,15.54
128589,1143.61
128590,58.38
128591,62.99
128592,41.76
128593,31.09
128594,15.42
128595,10.65
128596,100
128597,800
128598,600
128599,25.82
128600,16.83
128601,7.68
128602,120.28
128603,4.73
128604,51.47
128605,7.27
128606,106.26
128607,808.03
128608,400
128609,20.49
128610,61.3
128611,4
128612,1290
128613,59.82
128614,250
128615,268
128616,15.34
128617,81.06
128618,38.88
128619,42.39
128620,7.19
128621,20.48
128624,6660
128625,25.25
128626,5.04
128627,369
128628,56.73
128629,27.37
128630,150
128631,177.05
128632,1386
128633,62.44
128634,85.44
128635,310
128636,6.59
128637,33.47
128638,39.76
128639,77
128640,17
128641,49
128642,204.11
128643,150.47
128644,77.48
128645,10
128646,56.47
128647,20
128648,78.78
128649,17.23
128650,42.86
128651,59.91
128652,25.44
128653,358.69
128654,480
128655,28.82
128656,240.03
128657,75.32
128658,44.89
128659,72.35
128660,100
128661,203
128662,43
128663,2.02
128664,9.85
128665,5.12
128666,183.61
128667,500
128669,4.05
128670,7.57
128671,2500
128672,128.52
128673,120
128674,65.74
128675,18.78
128676,42.85
128677,5.35
128678,405
128679,19.95
128680,217.77
128681,225
128682,284.28
128683,32.09
128684,152.17
128685,64.12
128686,290
128687,500
128688,223.08
128689,370
128690,1800
128691,85.92
128692,21.03
128693,13.89
128694,50
128695,262.23
128696,171
128697,32
128698,26.75
128699,121.05
128700,1.22
128701,47.89
128702,152.95
128703,3
128704,250
128705,5.47
128706,11.87
128707,119.02
128708,60.98
128709,14.13
128710,409
128711,185.97
128712,41.78
128713,200
128714,16.05
128715,8.91
128716,98.97
128717,500
128718,99.12
128719,272
128720,25.66
128721,12.67
128722,117
128723,48.14
128724,26
128725,100
128726,44.07
128727,52.34
128728,18
128729,92.91
128731,50.98
128732,96.77
128733,15
128734,17.9
128735,28.84
128736,32.81
128737,72.96
128738,129.76
128739,18
128740,4.81
128741,1000
128742,160.69
128743,114.46
128744,200
128745,884
128746,400
128747,86.02
128748,20.56
128749,4.6
128750,23.29
128751,27.29
128752,20.99
128753,145
128754,13.89
128755,9.78
128756,6.83
128757,39.61
128758,100
128759,1000
128760,67
128761,101.44
128762,1456.67
128763,1048.15
128764,191.84
128765,384
128766,200
128767,5.76
128768,12.26
128769,136
128770,632.65
128771,7.29
128772,60.15
128773,104.2
128774,177.57
128775,63.89
128776,87
128777,281.54
128778,2385.93
128779,191.37
128780,8.29
128781,89
128782,7.74
128783,5.74
128784,114.93
128785,92.73
128786,19.72
128787,198
128788,44
128790,771.08
128791,2
128792,32.99
128793,26.28
128794,38.95
128795,2000
128796,67.51
128797,450
128798,261
128799,2100
128800,200
128801,26
128802,13.89
128803,598.66
128805,467
128806,14.49
128807,600
128808,13.89
128809,10.77
128810,145
128811,38.04
128812,26.26
128813,1660
128814,42.03
128815,3.87
128816,45.17
128817,24.55
128818,15.19
128819,780
128820,110
128821,66.41
128822,267
128824,708
128825,82
128826,4.66
128827,35.01
128828,3.1
128829,41.1
128830,14.49
128831,1500
128832,5.8
128833,10.46
128834,26.72
128835,287.21
128836,100
128838,325.24
128839,4
128840,6.42
128841,5
128842,79
128844,6.13
128845,135
128846,20.67
128847,190
128848,166.46
128849,37
128850,44
128851,76.6
128852,30.53
128853,570
128854,70
128855,18.34
128856,93.73
128857,59.47
128858,10.7
128859,34.69
128861,5.73
128862,194
128863,1.52
128864,1009
128865,14
128866,32.96
128867,15.55
128868,104.16
128869,77.72
128870,13
128871,40
128872,165
128873,100
128874,5.43
128875,117.73
128876,900
128877,5.8
128878,74.22
128879,99
128880,5.12
128881,190
128882,101
128883,39.17
128884,29.24
128885,80.06
128886,94
128887,98.73
128888,68
128889,902.64
128890,4.58
128891,3115
128892,8130.99
128893,418
128894,13.88
128895,14.37
128896,55.78
128897,310
128898,11.33
128899,54.44
128900,800
128901,31.5
128902,25.56
128903,5.04
128904,33.26
128905,15.66
128906,83
128907,578
128908,246.82
128909,431.63
128910,44.24
128911,52.17
128912,19.98
128913,13.5
128915,8.63
128916,39.19
128917,22.72
128918,40.8
128920,32.67
128921,7.9
128922,94.27
128923,1000
128924,111.75
128925,23.59
128927,100
128928,156.95
128929,100
128930,4651.76
128931,94.03
128932,27.68
128933,18.21
128934,6.05
128935,88.61
128936,189.11
128937,52.86
128938,6.05
128939,232
128940,99.12
128941,190
128942,10.92
128943,17.45
128944,90
128945,100
128946,137.02
128947,123.59
128948,800
128949,100
128950,2000
128951,890
128952,21.91
128953,30
128954,11.56
128955,6.1
128956,14
128957,39.66
128958,23.83
128959,152.47
128961,141.6
128962,100
128963,500
128964,26.85
128965,7.25
128966,33.03
128967,56.71
128968,175
128969,194.5
128970,3
128971,99.32
128972,49.25
128973,100
128974,8.17
128975,8.53
128976,100
128977,8.85
128978,3.81
128979,106
128980,42
128981,180.34
128982,40.06
128983,13.82
128984,63
128985,3.27
128986,28.42
128987,6.87
128988,96.19
128989,650.97
128990,65.48
128991,14.59
128992,212
128993,48.42
128994,294
128995,6.78
128996,245
128997,26.26
128998,71.35
128999,16.74
129000,9.23
129002,500
129003,15.32
129004,10.73
129005,30
129006,20.88
129007,144
129008,239
129009,20.5
129010,33.74
129011,9.48
129012,335.91
129013,15.35
129014,492
129015,27.27
129016,55
129017,53.09
129018,20.41
129019,200
129020,3.06
129021,166.58
129022,37.79
129023,35
129024,4.59
129025,73
129027,62.95
129028,141.73
129029,9.03
129030,65
129031,120
129032,201
129033,65.49
129034,28.07
129035,35
129036,13.65
129037,400
129038,1000
129039,73
129040,33.62
129041,6.42
129042,57.35
129046,630.71
129047,13.92
129048,9.94
129049,10.15
129050,126.18
129051,29.73
129052,52
129053,66
129054,122.64
129055,1069.36
129056,46
129057,326.67
129058,10.36
129059,108.61
129060,27.78
129061,5.05
129062,312.55
129063,4.94
129064,196
129065,300
129066,60
129067,76
129068,94.83
129069,13.5
129070,39.87
129071,25.95
129072,30.75
129073,260
129074,64
129075,4159.81
129076,29.62
129077,56
129078,16.39
129079,6.83
129080,65.02
129081,550
129082,43.72
129083,68
129084,62.85
129085,6.27
129086,11.71
129087,33.09
129090,39.31
129091,116
129092,21.73
129093,56
129094,67.06
129096,63.9
129097,102.29
129098,28
129099,27.65
129100,56.59
129101,7
129102,688.8
129103,335.41
129104,6.83
129105,68.61
129106,345
129107,800
129108,294
129109,64.48
129110,60.69
129111,89.75
129112,1544.96
129113,1000
129114,347.85
129115,100
129116,6.83
129117,17.58
129118,3.5
129119,5.54
129120,181.28
129121,36
129122,2000
129123,13.17
129125,143.72
129126,36.24
129127,28
129128,122
129129,132.48
129130,753.02
129131,150
129132,9.29
129133,30
129134,181
129135,1000
129136,2.76
129137,27
129138,7
129139,273.02
129140,403.4
129141,982.69
129142,22.84
129143,4.86
129144,25.45
129145,6.78
129146,27.24
129147,5.82
129148,245.94
129149,256.95
129150,54.5
129151,73.3
129152,86.65
129153,6.05
129154,28.09
129155,26.51
129156,15.8
129157,98.42
129158,9906
129159,23.64
129160,10.84
129161,33.81
129162,23.14
129163,4.94
129164,229.12
129165,21.56
129166,6.19
129167,40.68
129168,665.56
129169,1000
129170,101.22
129171,63.96
129172,40.13
129173,53.17
129174,16.99
129175,25.99
129177,19.27
129178,79.17
129179,17.21
129180,5.62
129182,27
129183,5.61
129184,6.21
129185,120
129186,123.25
129187,61.14
129188,500
129189,6.11
129190,1.61
129191,5.82
129192,177.59
129193,1100
129194,38.49
129195,9000
129196,16.8
129197,3.32
129198,400
129199,279.39
129200,21.27
129201,79.62
129202,13.49
129203,1000
129204,2.33
129205,8.96
129206,103
129207,79
129208,26.86
129209,2000
129210,11.67
129211,8.52
129212,5.34
129213,63.23
129214,490.18
129215,169.52
129216,6.83
129217,33.21
129218,112.53
129219,27.75
129220,21.67
129221,84.47
129566,59.91
129567,152
129568,22
129569,82.99
129570,21.58
129571,39.04
129572,73.87
129573,21.51
129574,145
129575,1000
129576,1300
129577,14.4
129578,95.95
129579,500
129580,204.4
129581,6.14
129582,500
129583,382
129584,322.92
129585,200
129586,12.8
129587,38.74
129588,123.31
129589,96
129590,5.81
129591,4.66
129594,24.82
129595,220
129596,33.09
129597,9.4
129598,75.62
129599,230
129600,3849.97
129601,60
129602,8.85
129603,71.86
129604,13.5
129605,13.91
129606,350
129607,480
129608,8100
129609,13.41
129610,24
129611,215.24
129612,46
129613,17.32
129614,3
129615,1200
129616,26.16
129617,9.9
129618,2000
129619,288.94
129620,57.22
129621,24.85
129622,110
129623,7.74
129624,1000
129625,129.37
129626,20.8
129627,43.46
129628,270
129629,34.78
129630,1.61
129631,43.4
129632,11
129633,31.57
129634,41.66
129635,19.97
129636,134
129637,195.4
129638,1300
129639,4.35
129640,59.22
129641,6.13
129642,18.8
129643,561.99
129644,50.17
129645,6.28
129646,8237
129647,13.26
129648,17.5
129649,32.66
129650,18.35
129651,35.12
129652,255
129653,47.87
129654,8.5
129655,35.55
129656,13.41
129657,4.06
129658,227.8
129659,2670
129660,488
129661,3
129662,399.55
129663,18.91
129664,297.22
129665,30.01
129666,115.93
129667,18.77
129668,87
129669,500
129670,43.14
129671,385
129673,32.94
129674,813
129675,200
129676,13.17
129677,109.49
129678,18
129679,62
129680,204.96
129681,60
129683,488
129684,181.99
129685,335.27
129686,30.27
129687,5.18
129688,74
129689,52.27
129690,8.76
129691,29.19
129692,6.2
129693,435.13
129694,1709
129695,52.88
129696,23.5
129697,808.47
129698,256.3
129699,6
129700,73.19
129701,10.33
129702,30.62
129703,556
129706,147
129707,10.7
129708,12.26
129709,176
129710,14.71
129711,92.08
129712,82.56
129713,9.15
129714,15.9
129715,116.22
129716,4.21
129717,10.2
129718,700
129721,30
129722,28.05
129723,1000
129724,15.4
129725,12.57
129726,3.97
129727,46.9
129728,48
129729,500
129730,73.74
129731,100
129733,5.35
129734,14.03
129735,46.82
129736,600
129737,117
129738,148.6
129739,458
129740,17.11
129741,34.76
129742,13.91
129743,620
129744,85.33
129745,10.56
129746,8.14
129747,17.2
129748,52
129749,5.56
129750,10.76
129751,201.15
129752,25.06
129753,40.38
129754,6.9
129755,50.69
129759,94.5
129762,100
129763,6.5
129764,34.65
129765,57.49
129766,1000
129767,103.26
129768,148
129769,219.05
129770,13.54
129771,9.56
129772,388
129773,48.07
129774,253.74
129775,20.91
129776,408
129777,5.58
129778,25.12
129779,700
129780,39.37
129781,71
129782,32
129783,8000
129784,5.74
129785,5.35
129786,34
129787,9.88
129788,31.32
129789,100
129790,127
129791,16.92
129792,15.34
129793,1500
129794,708
129795,100
129797,5.82
129798,63.37
129799,20
129800,113
129801,5.82
129802,24.89
129803,41
129804,6.97
129805,8.08
129807,90
129808,18.94
129809,6.52
129810,133
129811,27.39
129812,360
129813,542
129814,254.02
129815,300
129816,255.04
129817,500
129818,11.79
129819,1000
129820,237.73
129821,82.32
129822,6.2
129823,90
129824,375
129825,24.66
129826,29
129827,500
129828,61.8
129829,8.61
129830,24.57
129831,50
129832,546
129833,4.22
129834,12.8
129835,330
129836,10.7
129837,103.42
129838,223.87
129839,18.81
129840,30
129841,572
129842,138.79
129843,145
129844,432
129846,38
129847,203.68
129849,85
129850,140
129851,177
129852,23.3
129853,2.33
129854,140.52
129855,49
129856,13
129857,647.22
129858,267.59
129859,28.73
129860,550.83
129861,42.53
129862,300
129863,371
129864,78.47
129865,829
129866,76.25
129867,39
129868,28.72
129869,318.89
129870,90.63
129871,57
129872,366.06
129873,145.7
129874,29.64
129875,57.2
129876,50.47
129877,2.14
129878,13.77
129879,16.75
129880,52
129881,35.2
129882,5.23
129883,413.68
129884,14.98
129885,10.7
129886,29100
129887,46.68
129888,6.82
129890,44
129891,1017
129892,42.14
129893,462.72
129894,33.34
129895,9.58
129896,168
129897,73.52
129898,246.84
129899,22.39
129900,5.82
129901,15.05
129902,16.4
129903,101.63
129904,3.26
129905,72.3
129906,39
129907,23.83
129908,800
129909,17.65
129910,1508.7
129911,10.62
129912,58.25
129913,67.55
129914,302
129915,207.28
129916,80
129917,33.46
129918,106
129919,9
129920,6.13
129921,1287.87
129922,78.72
129923,195.91
129924,109.29
129925,34.63
129927,2063
129928,21.84
129929,610
129930,19.81
129931,33.71
129932,10.46
129933,16.09
129935,19
129936,121.51
129937,206
129938,15
129939,41.22
129940,224
129941,100
129942,195
129943,600
129944,68.73
129945,41.61
129946,59
129947,28.6
129948,116.1
129949,300
129950,15.89
129951,26.13
129952,200
129953,4.06
129954,1500
129955,300
129956,492.25
129957,15.73
129958,11.25
129959,133
129960,1270
129961,300
129962,985.22
129963,110.4
129964,705.21
129965,440.26
129966,19.63
129967,38.89
129968,858.75
129969,93.76
129970,295
129971,60
129972,195.12
129973,375
129975,11.25
129976,33.58
129977,51.81
129978,85
129979,11.4
129980,155.64
129981,91.19
129982,31
129983,12.26
129984,100
129985,270.1
129986,5.63
129987,226
129988,24.65
129989,7.5
129990,43.09
129991,69.96
129992,125.18
129993,6.59
129994,44.88
129995,98.4
129996,25.16
129997,39.75
129998,7.22
129999,300
130000,128.58
130001,10.26
130002,70
130003,3
130004,73
130005,12.3
130006,20.41
130007,40.68
130008,700
130009,5.15
130010,15.69
130011,4.02
130012,7.58
130013,10.09
130014,15.31
130015,14.43
130016,5.12
130017,4.02
130018,11.36
130019,8.03
130021,1794
130022,199.08
130025,20.35
130026,102
130027,654
130028,285.54
130029,196
130030,46.44
130031,47.26
130032,11.33
130033,6.2
130034,22.65
130035,26.45
130036,423.45
130037,74
130038,2441.56
130039,12.42
130040,400
130041,229.32
130042,5
130043,237.66
130044,416
130045,78.94
130046,14.32
130047,70
130048,105.24
130049,460
130050,669
130051,44.37
130052,81
130053,15.72
130054,22.85
130055,3
130056,293
130057,120.96
130058,10.15
130059,54
130060,294.34
130061,225.11
130062,7
130063,9.89
130064,29.15
130065,55
130066,155.13
130067,8.19
130068,10.71
130069,24.5
130070,53
130071,38.06
130072,40.49
130073,162.29
130074,121.5
130075,100
130076,111
130077,3.38
130078,124
130079,129.1
130080,13.91
130081,18.56
130082,62.77
130083,146.94
130084,70
130085,19
130086,428
130087,139
130088,125.88
130089,162
130090,1000
130091,138.73
130092,29
130093,47.26
130094,60.96
130095,102
130096,540.76
130097,2000
130098,74.44
130099,93
130100,10.21
130101,7.21
130102,5.82
130103,18.08
130104,300
130105,10.81
130106,46.24
130107,170
130108,219.92
130109,326.38
130110,280
130111,44.97
130112,6.13
130113,401
130114,7.29
130115,225.66
130116,9.2
130117,4.15
130118,36
130119,731.37
130120,330
130121,197.09
130122,500
130123,156
130124,216
130125,4.03
130126,15.36
130127,9.3
130128,18.73
130129,128.48
130130,200
130132,82.7
130133,101.67
130134,1193
130135,15.1
130136,230
130137,279.35
130138,2708.73
130139,10.11
130140,61.84
130141,88.84
130142,15.79
130143,6.1
130144,52.62
130145,47
130146,101
130147,312
130148,235.7
130149,164.26
130150,178.5
130151,21.03
130152,28.4
130153,22.73
130154,15.52
130155,56.2
130156,75
130157,5.45
130158,11.44
130159,12190
130160,184.36
130161,3458
130162,367.99
130163,38.72
130164,5.42
130165,17.52
130166,61
130167,704.23
130168,184.13
130169,3.48
130170,91.5
130171,4.82
130172,6.21
130173,49.16
130174,13.25
130175,88.64
130176,6.11
130177,98.3
130178,11.45
130179,12.41
130180,156
130181,35.5
130182,38
130183,568.78
130184,101.84
130185,61.01
130186,26.4
130187,109
130188,34.77
130189,145.05
130190,275.77
130192,81.49
130193,900
130194,500
130195,69.61
130196,59
130197,277
130198,16.66
130200,154
130201,200
130202,43.41
130203,6
130204,3.84
130205,204.24
130206,4.65
130207,110
130208,47
130209,29.33
130210,5.18
130211,82.8
130212,1000
130213,17.06
130214,731.81
130215,2951
130216,76.22
130217,57.64
130218,886
130219,18.41
130220,20.97
130221,341.61
130222,3.18
130223,39.1
130224,328
130225,309.18
130226,6.98
130227,21.49
130228,114
130229,2213.44
130230,1024.23
130231,122.77
130232,24.73
130233,17
130234,55.12
130235,10.84
130236,30.55
130237,701.61
130238,10.07
130239,21.75
130240,10
130241,35
130242,152.38
130243,21.39
130244,32.16
130245,29.7
130246,46.91
130247,36.65
130248,89.4
130249,49.01
130250,125
130251,36.5
130252,95.68
130253,272.58
130254,15.54
130255,600
130256,50.38
130257,24.14
130258,5.35
130259,900
130260,15.43
130261,86.17
130262,5.41
130263,6.13
130264,38.56
130265,8.47
130266,273
130267,22.95
130268,532.41
130269,35.07
130270,2.14
130271,35.92
130272,68
130273,1280
130274,11.62
130275,140
130276,25.32
130277,100
130278,117
130279,69.3
130280,13.52
130281,858
130282,8.72
130283,53.62
130284,16.51
130285,78.26
130286,176.93
130287,46
130288,78.88
130289,11.44
130291,38.2
130292,52
130293,38.97
130294,800
130295,74.91
130296,13.53
130297,36.4
130298,58
130299,200
130300,15
130301,18.27
130302,92.46
130303,37
130304,1.02
130305,245
130307,323.68
130308,1777.15
130309,410
130310,153.22
130311,427.97
130312,69
130313,113.45
130316,18.52
130317,852.34
130318,6.05
130319,65.11
130320,2.64
130321,12.1
130322,337
130323,94.14
130324,17.07
130325,770.23
130326,13.91
130327,900
130328,105.91
130329,51.68
130330,2344
130331,1.75
130332,159
130333,200
130334,7.41
130335,121.71
130336,62.75
130337,22
130338,19.05
130339,85.53
130340,300
130341,64
130342,313
130343,6.83
130344,105.09
130345,160
130346,324.99
130347,419.42
130348,349.12
130349,55.12
130350,54.52
130351,48.94
130352,38.43
130353,110.9
130354,245
130355,1000
130356,16.07
130357,168
130358,540
130359,77.97
130360,5000
130361,9.68
130362,11.33
130363,1250.16
130364,61.49
130365,50.79
130366,400
130367,203
130368,800
130369,22.44
130370,1133.49
130371,51.53
130372,18.15
130373,25.91
130374,180
130375,34.56
130376,328.99
130377,31
130378,2.33
130379,8.46
130380,45.16
130381,86.57
130382,29
130383,91.69
130384,6.2
130385,73
130386,102.06
130387,8000
130388,54.73
130389,4.36
130390,18.15
130391,307.58
130392,43
130394,7.68
130395,168
130396,17.85
130397,3000
130398,18.02
130399,11.41
130400,20.47
130401,24
130402,192.61
130403,85.5
130404,483
130405,60.05
130406,29
130407,20.2
130408,73.69
130409,78.55
130410,42.98
130411,18
130412,58.74
130413,428
130414,56
130415,135.38
130416,71.5
130417,204.26
130418,78.54
130419,52
130420,10.36
130421,362.81
130422,8.29
130423,500
130424,18.6
130425,1192.87
130426,8.09
130427,29.67
130428,39.98
130429,12.16
130430,84.61
130431,93.34
130432,17.62
130433,224.81
130434,2.09
130435,71.15
130436,15.64
130437,60.19
130438,8.61
130439,16.29
130440,1194.98
130441,59.84
130442,50
130443,12
130444,8.69
130445,295.68
130446,82.67
130447,17.37
130448,56.43
130449,10.7
130450,26.08
130451,11.7
130452,216.15
130453,189.41
130454,117.93
130455,9.69
130456,100
130457,34.04
130458,5.22
130459,5.09
130460,24.26
130461,15.96
130462,133
130463,87.04
130464,184.85
130465,100.74
130466,79
130467,100
130468,1907.18
130469,15.08
130470,37.22
130471,21.36
130472,63
130473,1528.83
130474,15
130475,18.72
130476,253
130477,29
130478,29.1
130479,144.66
130480,4800
130481,419.68
130482,40.97
130483,560.62
130484,17.4
130485,35.58
130486,645.82
130487,56.56
130488,9.41
130489,65
130490,157.16
130491,225
130493,4.83
130495,3154.38
130496,183.17
130498,83
130499,600
130500,86.69
130501,21.62
130502,3000
130503,135.8
130504,68
130505,2943
130506,12
130507,38.13
130508,132.34
130509,15.36
130510,21.5
130511,118.21
130512,33.92
130513,13.63
130514,2.93
130515,4.05
130516,12.44
130517,14
130518,275.15
130519,300
130520,9600
130521,280
130522,150
130523,42
130524,15
130525,147
130526,13.8
130527,106.95
130528,146
130529,101.18
130530,356.76
130531,18
130532,100
130533,86.87
130534,10.07
130535,1000
130536,74.79
130537,342
130538,5.37
130539,1446.24
130540,197.32
130541,78
130542,788
130543,1993.52
130544,27.94
130545,201.1
130546,460.2
130547,5.93
130548,6.44
130549,14.28
130550,24.94
130551,14.43
130552,11.64
130553,38
130554,3.61
130555,31
130556,6.13
130557,36.71
130558,135.12
130559,75.91
130560,5.56
130561,37.28
130562,721
130563,100
130564,7.8
130565,205.14
130566,7.75
130567,380
130568,11.16
130569,818
130570,28.17
130571,5.35
130572,473
130573,4.92
130574,246.17
130575,6409
130576,6.97
130577,28.98
130578,354.9
130579,246.5
130580,51.12
130581,5.81
130582,219
130583,16.36
130584,210
130585,18.18
130586,38.34
130587,12.34
130588,6.51
130589,183.46
130590,49.84
130591,1
130592,21
130593,4.02
130594,10
130595,18
130596,2823.35
130597,117.43
130598,698.4
130599,159.44
130600,51.71
130601,365
130602,682.22
130603,77
130604,9.15
130605,32.27
130606,500
130607,387.37
130608,131.51
130609,13.85
130610,9
130611,501.46
130612,900
130613,15.24
130614,33.08
130615,62.96
130616,29.93
130617,168
130618,50
130619,2288
130620,200
130621,105
130622,217
130623,19.6
130624,36.94
130625,88.12
130626,4.6
130627,366.68
130628,800
130629,105.15
130630,268.7
130631,80
130632,66.2
130633,39.3
130634,82.69
130635,61.42
130636,22
130637,430.42
130638,230.46
130639,68.55
130640,26.42
130641,50.09
130642,500
130643,9600
130644,142.48
130645,96.9
130646,62.16
130647,220.34
130648,49.44
130649,98.96
130650,113.42
130651,100
130652,169.61
130653,5.18
130654,14.58
130655,14.18
130656,46.3
130657,3.96
130658,149
130659,1273
130660,200
130661,37.59
130662,6.91
130663,49.06
130664,4.66
130665,9
130666,20
130667,29.1
130668,9.54
130669,177.86
130670,15.66
130671,62.5
130672,9.45
130673,26.93
130674,29.1
130675,1200
130676,172
130677,172.88
130678,4.81
130679,33.32
130680,2072.16
130681,9
130682,691.99
130683,6.96
130684,312.79
130685,19.22
130686,99.61
130687,50
130688,49.25
130689,90
130690,29.68
130691,192
130692,26.94
130693,72.69
130694,150.3
130695,7.27
130697,330
130699,304
130700,1000
130701,48.67
130702,2.76
130703,59.41
130704,50
130705,15.09
130737,17.34
130738,10.11
130739,195
130740,7.57
130741,106.75
130742,68.83
130743,117
130744,400
130745,24.84
130746,17.61
130747,17.88
130748,16.07
130749,200
130750,140
130751,166.9
130752,549.79
130753,12.38
130754,41.43
130755,11.72
130756,20.99
130757,4.96
130758,18.26
130759,10.8
130760,28.71
130761,93.12
130762,87.28
130763,19.03
130764,11
130765,28.04
130766,11.1
130767,60
130768,38.06
130769,15.36
130770,68.61
130771,71
130772,800
130773,39.57
130774,9.08
130775,239
130776,18.46
130777,100
130778,34.92
130779,185.89
130780,1340
130781,120.86
130782,16
130783,94.47
130784,10.62
130785,6.97
130786,710
130787,10.4
130788,50.27
130789,280
130790,227.12
130791,600
130792,19.32
130793,1088.92
130794,23.93
130795,13
130796,24
130797,321.6
130798,196
130799,23
130800,68.68
130801,4.65
130802,1.86
130803,28.01
130804,59.66
130805,146
130806,16.37
130807,300
130808,71.03
130809,100
130812,27.29
130813,17.1
130814,75.09
130815,107
130816,22
130817,13.99
130818,506.14
130819,18.16
130820,1952.32
130821,100
130822,42.68
130823,34.41
130824,13.41
130825,19
130826,895.66
130827,47.15
130828,11.17
130829,276
130830,6.05
130831,200.53
130832,128.56
130833,500
130834,34
130835,6.5
130837,45.98
130838,25.67
130839,7.57
130840,65.38
130841,179.42
130842,41.08
130843,127.93
130844,76.76
130845,30.74
130846,36.93
130847,20.65
130848,152.58
130849,61.18
130850,12.32
130851,24.53
130852,26.54
130853,348.6
130854,3.32
130855,223.9
130856,7.49
130857,3139
130858,24.69
130859,64.72
130860,159
130861,52
130862,15.14
130863,40.03
130864,126.71
130865,42
130866,23.07
130867,5.38
130868,1500
130869,329.42
130870,8.21
130871,315
130872,127.83
130873,79.04
130874,133.9
130875,623.14
130876,260
130877,173.59
130878,127.28
130879,98
130880,15.14
130881,12.01
130882,400
130883,40.97
130884,70
130885,333.87
130886,6.59
130887,258.62
130888,16.3
130889,20.11
130890,661.65
130891,58.75
130892,100
130893,28
130894,74.56
130895,500
130896,16.09
130897,5.18
130898,21
130899,477.02
130900,402
130901,1213
130902,400
130903,2077
130904,291
130905,3.9
130906,29.09
130907,115
130908,35.24
130909,98.36
130910,15.99
130911,89.4
130912,5.17
130913,800
130914,12
130915,167
130916,2.16
130917,9
130918,13.06
130920,17.06
130921,220
130922,66.8
130923,900
130924,35.47
130925,500.84
130926,500
130927,288.96
130928,83
130929,28.55
130930,4500
130931,364.89
130932,128.37
130933,215.78
130934,7.68
130935,72.13
130936,46.19
130937,500
130938,38.33
130939,1.86
130940,5.17
130941,600
130942,24.32
130943,58
130944,400
130945,26
130946,435
130947,3000
130948,133.26
130949,34.75
130950,44.84
130951,2195
130952,4.27
130953,500
130954,68
130955,8.57
130956,1.1
130957,253.36
130958,2.23
130959,600
130960,166
130961,43.19
130962,2.13
130963,25.19
130964,84
130965,11
130966,5.17
130967,712.24
130968,19.48
130969,5.27
130970,95.21
130971,422.11
130972,216.6
130973,5.17
130974,200
130975,228.39
130976,101.84
130977,169.99
130978,5.82
130979,173
130980,4.54
130981,46.31
130982,29.61
130983,279.78
130984,5.82
130985,111.66
130986,1039.12
130987,10000
130988,155.59
130989,23.31
130990,200
130991,1466
130992,1159.06
130993,268
130994,25.17
130995,22.86
130996,47.14
130997,168
130998,60.12
130999,118
131000,888
131001,16.27
131002,1200
131003,174.92
131004,87.35
131005,444.17
131006,550
131007,24.93
131008,11.44
131009,29.8
131010,37.75
131011,168
131012,8.6
131013,18.94
131014,1248
131015,29.1
131016,5.36
131017,78
131018,104
131019,29.08
131020,170
131021,40.76
131022,29
131023,150
131024,25.11
131028,307.37
131029,10
131030,1293
131031,73
131032,27.45
131033,39.12
131034,141.67
131035,6.58
131036,6.76
131038,4.38
131039,56.89
131040,54.7
131041,44.17
131042,182.82
131043,2.91
131044,40.15
131045,173.17
131046,58.48
131047,28.95
131048,744.42
131049,4.81
131050,309
131051,6.13
131052,10.86
131053,162.63
131054,25.54
131055,36.46
131056,30
131057,431.13
131058,48
131059,6.2
131060,1800
131061,135
131062,1500
131063,5.35
131064,16.19
131065,157.89
131066,17.22
131067,132
131068,2.42
131069,224.04
131070,13.94
131071,6.78
131072,24.27
131073,58.49
131074,4762.82
131075,45.35
131076,2068.62
131077,397.82
131078,13.88
131079,93.77
131080,294.71
131081,65.2
131082,26.45
131083,4.54
131084,110.68
131085,36.57
131086,8.45
131087,6.78
131088,82
131089,8.14
131090,400
131091,300
131092,9.98
131093,28.91
131094,13.19
131095,36.94
131096,46
131097,311
131098,120
131099,54.18
131100,45.96
131101,259
131102,12.55
131103,74
131104,13.95
131105,7.16
131106,19.81
131107,2855.92
131108,27.2
131109,100
131110,100.19
131111,159
131112,235.47
131113,7.57
131114,20.54
131115,13.24
131116,700
131117,950
131118,43.38
131119,7.74
131121,57.61
131122,11.45
131123,245.14
131124,26
131125,140
131126,217.07
131127,300
131128,3
131129,5800
131130,6
131131,16.27
131132,20.32
131133,680
131134,7.68
131135,220.71
131136,44
131137,28.25
131138,117.87
131139,83
131140,18.94
131141,91.17
131142,121
131143,23.39
131144,20.04
131145,31.48
131146,6.9
131147,7000
131148,17
131149,126.3
131150,308
131151,87
131152,6.98
131153,3.23
131154,48.17
131155,12
131156,1000
131157,115
131158,87.43
131159,125.47
131160,400.83
131161,65.72
131162,9.19
131163,155.06
131164,49.28
131165,950.62
131166,3700
131167,136
131168,352.78
131169,363.29
131170,25.99
131171,19.32
131172,10.07
131173,355.73
131174,56
131175,3300
131176,20.47
131177,1456
131178,21.11
131179,90
131180,123.91
131181,3300.73
131182,36.75
131183,60.26
131184,88.49
131185,57.58
131186,124.75
131187,470
131188,2.73
131189,88
131190,2291
131191,33.17
131192,68.77
131193,14.4
131194,13.16
131195,79
131197,200
131198,5
131199,5.01
131200,650
131201,10.43
131202,184.68
131203,35.3
131204,194
131205,103
131206,49.81
131207,5.35
131208,103.8
131209,20.31
131210,10.48
131211,86.37
131212,27.83
131213,115.39
131214,16
131215,14.67
131216,39.77
131217,22.66
131218,26.54
131219,87.55
131220,1100
131221,916.66
131222,111.23
131223,4342.11
131224,33.92
131225,500
131226,879.78
131227,111.62
131228,23.44
131229,38.29
131230,84
131231,95.31
131232,500
131233,15.71
131234,6.05
131235,81.32
131236,157.94
131237,105.44
131238,27.09
131239,44
131240,1159.83
131241,4.73
131242,155.08
131243,6.19
131244,15.4
131245,27.94
131246,15.33
131247,45.33
131248,142.66
131249,500
131250,124.67
131251,188
131252,5.43
131253,493
131254,108.79
131255,309.9
131256,6
131257,389.42
131258,13.25
131259,33.22
131260,30.88
131261,6.55
131262,13.54
131263,127
131264,568
131265,33.7
131266,35.19
131267,300
131268,60
131269,133.59
131270,24.2
131271,80.92
131272,781.65
131273,1000
131274,6.5
131275,18.52
131276,20.71
131277,128
131278,501
131279,123.24
131280,31.89
131281,19.81
131282,283.29
131283,70
131284,47.47
131285,142.9
131286,3.9
131287,18
131288,6.34
131289,553
131290,225.13
131291,24.68
131292,15.3
131293,1900
131294,66.54
131295,3000
131296,20
131297,60.68
131298,158
131299,7.31
131300,3.78
131301,79.52
131302,250
131303,95.34
131304,18.73
131305,495.81
131306,77.2
131307,35.19
131308,31.07
131309,688
131310,2416
131311,1000
131312,497.57
131313,79
131314,80.8
131315,81.35
131316,45
131317,176.74
131318,154.65
131319,89.93
131320,6.37
131321,585.2
131322,9.84
131323,76.69
131324,8221.3
131325,2427
131326,95.17
131327,50.71
131328,7.27
131329,55
131330,140
131331,13
131332,107.24
131333,117
131334,962
131335,27.7
131336,110
131337,25.63
131338,34.2
131339,2500
131340,158
131341,28.7
131342,500
131343,77.45
131344,3
131345,12.32
131346,62
131347,157.62
131348,5.76
131349,72
131350,49
131351,100
131352,695
131353,6.21
131354,301
131355,120.04
131356,55.01
131357,11.56
131358,500
131359,7162
131360,109.86
131361,721
131362,194.84
131363,21.74
131364,7.51
131365,346.05
131366,21.25
131367,40.39
131368,21.8
131369,59
131370,25.15
131371,112.24
131372,272
131374,57.89
131375,14.78
131377,80.01
131378,7.91
131893,500
131898,12.72
131904,45.67
132384,120
132464,79.54
136018,374
136019,371
136020,16.86
136021,68.38
136022,26.98
136023,170.75
136024,450
136025,24
136026,160
136027,4.02
136028,252.13
136029,162
136030,100
136031,28.23
136032,36.21
136033,11.33
136034,203.38
136035,148
136036,201.58
136037,584.89
136038,163
136039,48.77
136040,220
136041,620.29
136042,8.7
136043,383
136044,605.4
136045,13.55
136046,52
136047,1841.15
136048,473.33
136049,141
136050,71.11
136051,60.65
136052,116.09
136053,1000
136054,26.18
136055,1476
136056,207
136057,124
136058,148.29
136059,12.2
136060,12888
136061,159
136062,24.72
136063,46.44
136064,35.15
136065,398.11
136067,6900
136068,2.15
136069,130
136070,200
136071,33
136072,292
136073,360.91
136074,42.54
136075,26.46
136076,358.17
136077,2311.27
136078,282.51
136079,500
136080,85.34
136081,1800
136082,350
136083,388.13
136084,7700
136085,62.05
136086,945.82
136087,79.09
136088,227
136089,83
136090,292.21
136091,143.38
136092,434.4
136093,55.93
136094,240
136095,4806
136096,73
136097,207.43
136098,37.37
136099,588
136100,13.31
136101,500
136102,551.32
136103,9350
136104,80.13
136105,26.64
136106,285
136107,7.37
136108,435.85
136109,120
136110,352
136111,231.64
136112,60
136113,582.76
136114,900
136115,968
136116,433
136117,986
136118,385.63
136119,96.99
136120,564
136121,300
136122,28.17
136123,18.47
136124,602.87
136125,3000
136126,111.2
136127,560.79
136128,22.22
136129,47.7
136130,224.97
136131,185.69
136132,19.79
136133,1000
136134,520.73
136135,270
136136,27.62
136137,12800
136138,94.9
136139,289.76
136140,168
136141,72.07
136142,45.75
136143,42.11
136144,32.7
136145,147.24
136147,16.89
136148,22.64
136149,56.74
136150,2497.41
136151,79.79
136152,21.16
136153,28.23
136154,7286.48
136155,220
136156,50
136157,390.48
136158,18.1
136159,38.56
136160,1320.84
136161,489.69
136162,48.69
136163,42.37
136164,129
136165,73
136166,1307.72
136167,21.36
136168,194.3
136169,997.34
136170,464
136171,141.66
136172,15.12
136173,336.72
136174,979.36
136175,171.87
136176,752.06
136177,27.93
136178,42.47
136179,1364
136180,555
136181,4230.24
136182,32.2
136183,108.65
136184,9999
136185,36.11
136186,17
136187,407
136188,500
136189,280
136190,27.12
136191,6437
136192,290.71
136193,36.87
136194,118
136195,22.06
136196,300
136197,26.38
136198,163.35
136199,44.51
136200,135
136201,200
136202,4168.88
136203,70.6
136204,15.44
136205,185.38
136206,2418.41
136207,22.62
136208,6.68
136209,386.22
136210,31.92
136211,4733.43
136212,254
136213,15.12
136214,568.12
136215,38.55
136216,250.04
136217,1292.03
136218,100
136219,20.37
136220,189
136221,150
136222,27.51
136223,9500
136224,388.19
136225,182
136226,10.84
136227,65.81
136228,450
136229,89.28
136230,3500
136231,9.95
136232,106
136233,244.14
136234,122.47
136235,200
136236,68.9
136237,19.29
136238,1616
136239,45.35
136240,15.51
136241,11.6
136242,97.33
136243,53.3
136244,151.51
136245,120.21
136246,200
136247,55.2
136248,45.29
136249,100
136250,87
136251,29.33
136252,94.51
136253,302.95
136254,952.57
136255,261
136256,100
136257,55.29
136258,1000
136259,17
136260,55.89
136261,118.81
136262,164.01
136263,257.75
136264,209.02
136265,927.68
136266,119.44
136267,287
136268,19.77
136269,9.93
136270,19.37
136271,38.8
136272,44.41
136273,99
136274,12.07
136275,509.29
136276,109
136277,158
136278,1142
136279,100
136280,179.95
136282,3500
136283,8.53
136284,43.77
136285,45.55
136286,7.83
136287,110
136288,350
136289,338.63
136290,280.93
136291,448.61
136292,33.52
136293,15.17
136294,127.56
136295,141.19
136296,23
136297,46.91
136298,300
136299,617.03
136300,139
136301,511
136302,233
136303,17.98
136304,1234
136305,1377.36
136308,602.63
136309,274.4
136310,650.59
136311,425.67
136312,2595.61
136313,858.52
136314,239.57
136315,409.4
136316,1600
136317,23.19
136318,150
136319,97.8
136320,826.2
136321,650
136322,47
136323,515
136324,103.1
136325,442.71
136326,1397.15
136327,7.57
136328,42.38
136329,320
136330,68.09
136331,216
136332,94.4
136333,9.5
136334,81.43
136335,500
136336,51.24
136338,6.22
136339,47
136340,45.95
136341,11.95
136342,44.38
136343,118.94
136344,200
136345,71.9
136346,84.05
136347,225.47
136348,410
136349,8
136350,31.23
136351,100.02
136352,17.12
136353,51.67
136354,600
136355,93.06
136356,601
136357,12.8
136358,400.57
136359,107.22
136360,50.28
136361,138
136362,24.1
136363,37.07
136364,29.62
136365,26
136366,5785
136367,181.05
136368,88.87
136369,45.36
136370,18.52
136371,781
136372,1200
136373,415.59
136374,86.66
136375,552.43
136376,17.87
136377,156
136378,143.34
136379,62
136380,752.35
136381,406.5
136382,7.75
136383,150
136384,17.17
136385,15.49
136386,527.24
136387,26.75
136388,23
136389,538.3
136390,154.78
136391,86.31
136392,141.38
136393,118.06
136394,330
136395,1019.56
136396,13.33
136397,87.82
136398,80.93
136399,2857.5
136400,216.01
136401,169
136402,24.64
136403,39.98
136404,182.21
136405,56.74
136406,22
136407,94.85
136408,11.48
136409,922.77
136410,291.79
136411,13.91
136412,7.27
136413,233.35
136414,4.85
136415,53.42
136416,384
136417,67.95
136418,1.61
136419,332
136420,61.24
136421,248.03
136422,20.54
136423,457
136424,876
136425,30
136426,17.69
136427,61.2
136428,495
136429,809.05
136430,158.48
136431,14.82
136432,192.37
136433,94.95
136434,142
136435,625.6
136436,298.6
136437,403
136438,1200
136439,234.32
136440,237.22
136441,881.31
136442,46.15
136443,62.52
136444,716.26
136445,92.61
136446,92.85
136447,39.45
136448,49
136449,10
136450,38.3
136451,1200
136452,130.27
136453,2700
136454,82
136455,257.3
136456,28698.87
136457,55.89
136458,23.26
136459,247.28
136460,19.82
136461,155.98
136462,17.39
136463,28.7
136464,349
136465,49.95
136466,168.56
136467,235
136468,79
136469,154.38
136470,10.19
136471,626
136472,58.7
136473,86.91
136474,39.2
136475,571.04
136476,246.36
136477,8
136478,225.51
136479,58
136480,311.19
136481,400
136482,353.88
136483,43
136484,158.63
136485,300
136486,171.04
136487,124.77
136488,215.27
136489,31
136490,68
136491,50.16
136492,4800
136493,16.76
136494,37.3
136495,130.91
136496,172.79
136497,5.41
136498,2338
136499,22
136500,138
136501,616
136502,737.53
136503,235.5
136504,100
136505,750
136506,199.9
136507,346
136508,1091
136509,390
136510,55.8
136511,547.32
136512,69.88
136513,50.63
136514,7.95
136515,358.53
136516,446
136517,1000
136518,358
136519,339
136520,23.8
136521,34.92
136522,95
136523,320.65
136524,17.5
136525,726.52
136526,700
136527,80.41
136528,155
136529,700
136530,162.52
136531,2500
136532,37.75
136533,6000
136534,1442.34
136535,60.88
136536,149
136537,213
136538,27
136539,5.35
136540,22.25
136541,192.37
136542,33.1
136543,63.76
136544,38.1
136545,109.65
136546,33.73
136547,299
136548,380
136549,8.54
136550,50.69
136551,1000
136552,59
136553,12.11
136554,343
136555,168.41
136556,184.46
136557,700
136558,690
136559,45.23
136560,14.48
136561,13.21
136562,10.58
136563,723.52
136564,57.59
136565,3.88
136566,1000
136567,599
136568,96
136569,208
136570,800
136571,5000
136572,379.93
136573,22
136574,16.4
136575,183.37
136576,151
136577,142.68
136578,10.48
136579,1700
136580,800
136581,158.9
136582,50
136583,308.48
136584,19.11
136585,129
136586,4.26
136587,328.57
136588,919.13
136589,168
136590,151.31
136591,47.43
136592,68.59
136593,114.75
136594,73
136595,5.21
136596,110.35
136597,8.29
136598,3000
136599,134.54
136600,670
136601,7.74
136602,11.16
136603,162.61
136604,148.41
136605,47.31
136606,290
136607,20
136608,78.73
136609,684.68
136610,651
136611,29.37
136612,128
136613,35
136614,8.6
136615,213.99
136616,2745
136617,70
136618,552.5
136619,9.49
136621,447
136622,50.02
136623,12.63
136624,79.73
136625,968
136626,1300
136627,217
136628,94.36
136629,6.6
136630,94.64
136631,1275.62
136632,118
136633,210
136634,45.46
136635,151
136636,300
136637,186.68
136638,23.82
136639,54.65
136640,74.86
136641,456
136642,24.5
136643,16.56
136644,4.31
136645,140.37
136646,22.84
136647,414.87
136648,6
136649,65.56
136650,3100
136651,1246
136652,543
136653,168.49
136654,118.67
136655,14.65
136656,290
136657,2183.04
136658,50
136659,602
136660,4156.31
136661,28.16
136662,201.1
136663,185
136664,121.04
136665,17.05
136666,133
136667,178.82
136668,172.85
136669,4.65
136670,19.27
136671,107.69
136672,8.07
136673,384.85
136674,2117
136675,14.5
136676,1000
136677,81.62
136678,17
136679,136
136680,36.65
136681,96.84
136682,32.3
136683,283
136684,60.71
136685,353
136686,8.28
136687,10.2
136688,194.14
136689,117.46
136690,42.88
136691,3.38
136692,204
136693,117.62
136694,95.02
136695,160.5
136696,27.59
136697,836
136698,181.86
136699,300
136700,14
136701,443
136702,73.19
136703,158.78
136704,82.2
136705,104
136706,1300
136707,175.26
136708,77.45
136709,276
136710,54.83
136711,11.48
136712,18.57
136713,972.76
136714,3.87
136715,300
136716,186.19
136717,9.9
136718,6.2
136719,18.39
136720,53.39
136721,27.33
136722,11.41
136723,491.12
136724,222.23
136725,39.33
136726,465
136727,156
136728,85
136729,3
136730,34
136731,389.56
136732,9.99
136733,35.62
136734,61.19
136735,489.47
136736,96
136737,36.58
136738,19.1
136739,13.94
136740,15.25
136741,80.26
136742,80
136743,169.19
136744,30.01
136745,289.68
136746,83.39
136747,3382.79
136748,66.95
136749,6.27
136750,36.09
136751,48.84
136752,350
136753,21.92
136754,108.82
136755,394
136756,267.85
136757,170
136758,12.62
136759,9.08
136760,455
136761,273.34
136762,500
136763,29.3
136764,357
136765,1140.2
136766,40.18
136767,120
136768,50
136769,50.48
136770,224.48
136771,900
136772,19.27
136773,55
136774,76.12
136775,78.28
136776,23.15
136777,219
136778,1000
136779,53
136780,3000
136781,136
136783,25.37
136784,9.69
136785,238.92
136786,12.45
136787,82.89
136788,5.41
136789,6.98
136790,77.06
136791,72
136792,235.6
136793,30.19
136794,30.18
136795,14.67
136796,30.15
136797,231
136798,277.5
136799,1200
136800,48.29
136801,152.26
136802,790
136803,20.46
136804,480
136805,800
136806,117
136807,143.51
136808,37.49
136809,210.87
136810,4804.33
136811,1296.6
136812,115.92
136813,250
136814,93.9
136815,4652.98
136816,28
136817,173.31
136818,24.52
136820,266.98
136822,15.43
136823,315.18
136824,9845
136825,90
136826,100
136828,8.16
136829,105
136830,10.38
136831,172
136832,72.05
136833,17.57
136834,11.37
136835,89.76
136836,16.46
136837,364
136838,33.5
136839,1420
136840,35.54
136841,21.83
136842,141.79
136843,180.19
136844,144.16
136845,379.25
136846,127.9
136847,1083
136848,83.44
136849,118
136850,42
136851,56.63
136852,100
136853,5.35
136854,74.96
136855,98.73
136856,50.73
136857,100
136858,3500
136859,64
136860,14.6
136861,179.26
136862,131.02
136863,23.76
136864,238.14
136865,30.58
136866,75.14
136867,20.82
136868,693
136869,39
136870,17.61
136871,17
136872,204.52
136873,66.75
136874,36.55
136875,131.98
136876,55.58
136877,159.98
136878,11.2
136879,90
136880,357.8
136881,27
136882,176.7
136883,900
136884,18.89
136885,41.23
136886,8.54
136887,13
136888,529.27
136889,146
136890,11.56
136891,973
136892,860
136893,400
136894,87.5
136895,195
136896,39.84
136897,60.26
136898,15
136899,4180
136900,60
136901,40
136902,980
136903,19.58
136904,16
136905,15.65
136906,90.72
136907,23
136908,342.61
136910,47.08
136911,900
136912,66
136913,40
136914,123.36
136915,318.24
136916,31.15
136917,54
136918,490
136919,160
136920,36.99
136921,110
136922,15.9
136923,1100
136924,351.11
136925,66.52
136926,73.54
136927,10.93
136928,45.8
136929,120
136930,100
136931,300
136932,77.45
136933,63.48
136934,197.81
136935,50
136936,9.23
136937,27.08
136938,109
136939,170
136940,137.82
136941,80.17
136942,62.7
136943,13.24
136944,36.24
136945,317
136946,6.42
136947,762
136948,70.88
136949,18.39
136950,70.49
136951,8.84
136952,88
136953,49.06
136954,93.48
136955,33.17
136956,659.88
136957,347.55
136958,39.38
136959,32.1
136960,64.66
136961,17.81
136962,311
136963,41.62
136964,51.56
136965,24.63
136966,70
136967,13.98
136968,134.35
136969,22.49
136970,14.2
136971,99.46
136972,580
136973,28.78
136974,853
136975,23.44
136976,20.01
136977,889.44
136978,180
136979,511.5
136980,15.28
136981,311.38
136982,100.99
136983,42.99
136984,49.25
136985,2664.09
136986,19.4
136987,125.38
136988,156.14
136989,200
136990,264.43
136991,157
136992,36
136993,124.52
136994,15.77
136995,31
136996,45.5
136997,136.39
136998,126.11
136999,178
137000,50
137001,129
137002,138.44
137003,35.22
137004,656.25
137005,100
137006,244
137007,17
137008,11.16
137009,6.43
137010,105.51
137011,1.26
137012,150
137013,2350
137014,200
137015,96.51
137016,15.52
137017,36.87
137018,41.36
137019,57
137020,136.26
137021,108.99
137022,53.21
137023,85
137024,11.74
137025,5.9
137026,29.75
137027,122.63
137028,257.29
137029,143.89
137030,100
137031,32.15
137032,62.34
137033,80.11
137034,79.44
137035,65.35
137036,173.94
137037,20.3
137038,100.92
137039,4918
137040,142.78
137041,1500
137042,200
137043,31.92
137044,96
137045,1057
137046,29
137047,1000
137048,17.68
137049,232.8
137050,2.25
137051,97.3
137052,63.42
137053,18.67
137054,235.94
137055,67.85
137056,697
137057,35.5
137058,84
137059,25.86
137060,176.35
137061,13.88
137062,600
137063,170
137064,106
137065,2.67
137066,79.71
137067,73.57
137068,1000
137069,267.55
137070,158
137071,236.06
137072,96.63
137073,732.24
137074,2612.14
137075,9.19
137076,86.45
137077,8.61
137078,4.66
137079,7.68
137080,107.29
137081,34.79
137082,358.55
137083,54.52
137084,51
137085,178
137086,142.61
137087,11.59
137088,72.54
137089,239.72
137090,24
137091,7
137092,374.5
137093,4343.75
137094,37
137095,334.38
137096,12.01
137097,206.93
137098,140.41
137099,33.89
137100,282.84
137101,55.8
137102,11000
137103,110.48
137104,5
137105,66.84
137106,282
137107,29
137108,30
137109,1.49
137110,399.2
137111,231.86
137112,148.26
137113,3109.92
137114,440
137115,30.39
137116,449
137117,71
137118,25.68
137119,448.33
137120,10.93
137121,106.02
137122,4.82
137123,16.13
137124,239.82
137125,145
137126,30.37
137127,154.28
137128,242
137129,20.37
137130,20
137131,12.19
137132,284.53
137133,118.2
137134,346.7
137135,431
137136,19.37
137137,557
137138,5.9
137139,10.65
137140,270
137141,42.77
137142,27.11
137143,313.2
137144,216
137145,9.89
137146,538
137147,45.78
137148,700
137149,220
137150,9.35
137151,6.96
137152,2011
137153,13.88
137154,1277.78
137155,200
137156,109.43
137157,51.9
137158,25.93
137159,3000
137160,1.55
137161,8.95
137162,105
137163,12.41
137164,15.94
137165,100
137166,500
137167,145
137168,19
137169,1258.06
137170,12.6
137171,543
137172,2378.6
137173,30.31
137174,156.85
137175,267.24
137176,830
137177,725
137178,69.67
137179,33.22
137180,2736
137181,449
137182,18.92
137183,72.2
137184,8.5
137185,32.92
137186,30.11
137187,8.96
137188,121.98
137189,30
137190,64
137191,27.83
137192,8.6
137193,3390
137194,136.89
137195,126
137196,149
137197,75.12
137198,38.87
137199,16.3
137200,265
137201,252.65
137202,638.01
137203,12.34
137204,126
137205,120
137206,44.38
137207,71
137208,147.55
137209,104
137210,5.25
137211,17
137212,22
137213,34
137214,78.1
137215,2227
137216,97.11
137217,734.21
137218,26.52
137219,9.23
137220,738
137221,30.11
137222,2828
137223,318.46
137224,148.97
137225,40
137226,30
137227,32.19
137228,52.15
137229,112.47
137230,52
137231,3.78
137235,138.59
137236,409.12
137237,750
137238,200
137239,25.75
137240,998
137241,228.4
137242,510
137243,650
137244,24.16
137245,1136
137246,7.14
137247,12.51
137248,19
137250,90.64
137251,151.53
137252,20
137253,124.05
137254,29.6
137255,8.79
137256,100
137257,700
137258,8.55
137259,2242
137260,68.72
137261,151
137262,109.73
137263,700
137265,45.33
137266,310
137267,208
137268,57
137269,7.95
137270,211.47
137271,5.68
137272,221
137273,18.05
137274,43.09
137275,85.54
137276,655.47
137277,30.66
137278,144.5
137279,28.4
137280,72.21
137281,79
137282,17.03
137283,1092.33
137284,900
137285,1100
137286,1
137287,4
137288,198
137289,2.48
137290,22.28
137291,59.22
137292,37.41
137293,4
137294,4.16
137295,129
137296,49.16
137297,39.07
137298,5.42
137299,39.03
137300,53.08
137301,35.56
137302,231.77
137303,37.61
137304,44.03
137305,64.96
137306,254.86
137308,67.9
137309,450
137310,4
137311,13.39
137312,10.92
137313,32.42
137314,198.84
137315,71.86
137316,194.51
137317,422.48
137318,254
137319,12
137320,4.94
137321,51.47
137322,58.25
137323,12.21
137324,100
137325,223.29
137326,39.36
137327,449.02
137328,8.59
137329,550
137330,800
137331,2182.12
137332,93.79
137333,662
137334,500.6
137335,200
137336,116
137337,149
137338,3.01
137339,4.34
137340,14.68
137341,1000
137342,587
137343,19
137344,54.91
137345,5.82
137346,19.6
137347,10.76
137348,16.55
137349,23.92
137350,40.98
137351,25.35
137352,20.12
137353,45.83
137354,5.04
137355,118
137356,21.88
137357,46.12
137358,565
137359,14.2
137360,30.4
137361,6.59
137362,200
137363,21.14
137365,9.29
137366,385
137367,11.71
137368,2000
137369,89.07
137370,18.54
137371,386.41
137372,161
137373,840
137374,45
137375,457.37
137376,950
137377,8.23
137378,479
137379,6.52
137380,24.21
137381,5.11
137382,14.51
137383,15
137384,179
137385,77.38
137386,36.82
137387,18.06
137388,111
137389,50
137390,580
137391,8.5
137392,20.33
137393,52.84
137394,2842.68
137395,6.91
137396,115
137397,28
137398,58.26
137399,158
137400,110
137401,13.11
137402,14.33
137403,32.81
137404,200
137405,514
137406,3855.39
137407,700
137408,217.75
137409,168.45
137410,5084.3
137411,33.78
137412,270.61
137413,57.69
137414,11.92
137415,715.29
137416,117.7
137417,340.56
137418,98.11
137419,4.48
137420,38
137421,119.59
137422,50
137423,46.71
137424,2.3
137425,336.8
137426,5.76
137427,41
137428,7.15
137429,40
137430,4.02
137431,76.56
137432,9.2
137433,433.68
137434,31.21
137435,5.7
137436,363
137437,500
137438,34.44
137439,206.84
137440,219
137441,350
137442,208.89
137443,11.52
137445,76
137446,128
137447,33
137448,98.31
137449,78.69
137450,151.2
137451,12.77
137452,14.27
137453,36.74
137454,1960
137455,138
137456,711
137457,2785
137458,80
137459,31.52
137460,364
137461,39
137462,43
137463,98.82
137464,2000
137465,116
137466,360.69
137467,12.97
137468,71.59
137469,215.82
137470,11.25
137471,7.11
137472,300
137473,76.28
137474,8.07
137475,311.67
137476,246.89
137477,15.66
137478,303.15
137479,3.14
137480,535
137481,1300
137482,6.83
137483,25.61
137484,14.73
137485,249.58
137486,9.67
137487,115
137488,104.29
137489,122.23
137490,27
137491,30
137492,825.09
137493,58.32
137494,313
137495,16.47
137496,25
137497,200
137498,400
137499,190.22
137500,8.23
137501,58.82
137502,210.78
137503,129.88
137504,383
137505,6.5
137506,43.15
137507,300
137508,38.6
137509,100
137510,153
137511,747.59
137512,600
137513,232.73
137514,183.84
137515,1500
137516,81.75
137517,500
137518,7.83
137519,90
137520,12.6
137521,170
137522,22.65
137523,44.76
137524,6.59
137525,656.02
137526,36.93
137527,31.91
137528,75.03
137529,65.99
137530,25.45
137533,4.3
137534,30.07
137535,5.47
137536,16.59
137537,394.42
137538,48.49
137539,1446.18
137540,98
137541,40.72
137542,1300
137543,7.03
137544,5.42
137545,6.89
137546,187.99
137547,11.5
137548,600
137549,57.38
137550,67.39
137551,51.23
137552,290
137553,487.47
137554,46.87
137555,140.86
137556,95.32
137557,15.33
137558,23.89
137559,19.85
137560,45.3
137561,1000
137562,95.02
137563,70.24
137564,26.17
137565,395
137566,16.51
137567,732.35
137568,109.7
137569,127.34
137570,4.84
137571,20.69
137572,1
137573,240
137574,655
137575,170
137576,17.32
137577,5.64
137578,109.45
137579,31
137580,4.65
137581,4.19
137582,431.12
137583,75.83
137584,26
137585,138.99
137586,12651
137587,13.56
137588,23.97
137589,52.57
137590,45.33
137591,568.49
137592,24.76
137593,700
137594,10.08
137595,105
137596,552.93
137597,39.24
137598,303.48
137599,454.88
137600,194
137601,50.42
137602,7.37
137603,88.7
137604,43.55
137605,12.92
137606,166.92
137607,42.1
137608,12.26
137609,5.8
137610,76.78
137611,19
137612,9.28
137613,45.2
137614,6.28
137615,69.18
137616,100
137617,71.11
137618,1262.24
137619,31
137620,5.17
137621,234.58
137622,62
137623,46.47
137624,15.49
137625,1600
137626,25.97
137627,277.79
137628,48
137629,5
137630,118.76
137631,46
137632,722.43
137633,27.6
137634,28.79
137635,42.55
137636,37
137637,34.59
137638,50
137639,133.33
137640,299
137641,34
137642,190
137643,97
137644,1922.49
137645,17.44
137646,355.75
137647,20.4
137648,51.58
137649,68.11
137650,13.67
137651,17.15
137652,39
137653,44.82
137654,145.25
137655,183.53
137656,213
137657,154
137658,6.96
137659,31.75
137660,5000
137661,18.86
137662,159.31
137663,67
137664,3.1
137665,163
137666,15.2
137667,174.55
137668,204.51
137669,4.02
137671,25.83
137672,49.9
137673,29.46
137674,330.59
137675,120
137676,4696.34
137677,49
137678,101.85
137679,29
137680,26.41
137681,28
137682,16.58
137683,230
137684,2.72
137685,5.73
137686,20
137687,21
137688,280
137689,14.53
137690,150
137691,16.52
137692,18.6
137693,18.73
137694,154.78
137695,467
137696,111
137697,64.89
137698,8926
137699,146.97
137700,36.62
137701,42
137702,187
137703,13.12
137704,14.64
137705,112.95
137706,36.72
137707,33.64
137708,280
137709,100.68
137710,22.34
137711,193.44
137712,44.21
137713,31.02
137714,84.39
137715,116.06
137716,56
137717,2000
137718,40.44
137719,912.94
137720,13.51
137721,11.25
137722,327.7
137723,288
137724,57.86
137725,114.44
137726,24.81
137727,198.73
137728,84.16
137729,33.94
137730,72.92
137731,90
137732,237.86
137733,34.38
137734,228
137735,35.15
137736,32.67
137737,360
137738,475.95
137739,90.66
137740,43
137741,5.66
137742,8.46
137743,5.42
137744,137.33
137745,65
137746,277
137747,210.62
137748,3.56
137749,500
137750,6.78
137751,7.57
137752,16.81
137753,6.85
137754,200
137755,205.29
137756,25.73
137757,9.08
137758,8.04
137759,13.85
137760,1000
137761,33.52
137762,430.9
137763,55.57
137764,642
137765,17.26
137766,3.29
137767,59.16
137768,19.4
137769,363.25
137770,4000
137771,186.47
137772,67
137773,306.9
137774,41.68
137775,54.34
137776,4.17
137777,24.78
137778,477.7
137779,800
137780,27.93
137781,172.12
137782,127.94
137783,4.53
137784,15.28
137785,736.33
137786,4650.76
137787,157.85
137788,12.6
137789,40.23
137790,37.73
137791,400
137792,14.71
137793,400
137794,140
137795,122.46
137796,21
137797,9.49
137798,25.9
137799,4.58
137800,92.36
137801,215
137802,74.31
137803,4.02
137804,81
137805,8.72
137806,26.86
137807,11.29
137808,75.41
137809,11.44
137810,44.5
137812,43.57
137813,500
137814,123.49
137815,98
137816,271
137817,88.98
137818,200
137820,260
137821,75.98
137822,15.57
137823,11
137824,500
137825,9
137826,13.22
137827,20
137828,79.82
137829,58.11
137830,26.05
137831,12.98
137832,274.05
137833,42.15
137834,48.7
137835,99.17
137836,2.78
137837,1.11
137838,10
137839,4.02
137840,500
137841,532
137842,255.45
137843,9.88
137844,10.62
137845,503
137846,25.87
137847,5000
137848,48.57
137849,29.41
137850,1156.85
137851,2.07
137852,100
137853,33.02
137854,4.02
137855,20.74
137856,13.7
137857,4.54
137858,48.64
137859,6.32
137860,26.29
137861,55
137862,5.12
137863,14.54
137864,167.47
137865,22.01
137866,1000
137867,5.9
137868,28
137869,6.33
137870,119
137871,9.75
137872,22.88
137873,926
137874,22.3
137875,128.9
137876,14.69
137877,26.96
137878,120
137879,74.55
137880,10.62
137881,10.36
137882,11.55
137883,72.56
137884,124.56
137885,96.07
137886,6.59
137887,306.57
137888,29
137889,49.21
137890,131.42
137891,413
137892,59
137893,52.83
137894,28.41
137895,19.2
137899,228.5
137900,6.6
137901,52
137902,20.07
137903,645.58
137904,6.04
137905,238
137906,17.51
137907,92.89
137908,45
137909,31.22
137910,88.32
137911,60
137912,28.32
137913,317
137914,24.3
137915,154.48
137916,596
137917,35.85
137918,9.46
137919,1000
137920,121.95
137921,500
137922,325.17
137923,58.33
137924,13
137925,100
137926,68.86
137927,14.74
137928,1000
137929,787.91
137930,2.63
137932,56.27
137933,400
137934,12.7
137935,42.01
137936,55.6
137937,185.37
137938,102
137939,24.12
137940,385.47
137941,124.72
137942,17.2
137943,121.86
137944,13.5
137945,80.03
137946,3.16
137947,4.48
137948,6.33
137949,5.35
137950,23.35
137951,85.32
137952,3880
137953,102.61
137954,24.1
137955,125.97
137956,10.17
137957,27.88
137958,50.39
137959,55.64
137960,447
137961,15.99
137962,51.22
137963,332.23
137964,10.3
137965,89.31
137966,1026.89
137967,6.2
137968,69
137969,3500.72
137970,65.74
137971,6.91
137972,12.7
137973,81.78
137974,5.99
137975,1640
137976,1
137977,27.15
137978,12.16
137979,64.59
137980,7.11
137981,4.95
137982,32.7
137983,28.28
137984,5.94
137985,330.74
137986,797.56
137987,600
137988,41.48
137989,129
137990,20.72
137991,500
137992,107
137993,11.12
137994,308
137995,24
137996,229.36
137997,35.04
137998,5
137999,250
138000,19.85
138001,38.04
138002,8.54
138003,21.35
138004,1373.67
138005,281.97
138006,153
138007,800
138008,260
138009,6.6
138010,36
138011,61.56
138012,126
138013,26.28
138014,5.33
138015,120
138016,184.22
138017,15.75
138018,44.72
138019,85
138020,15
138021,247.35
138022,70
138023,6
138024,2.24
138025,6.16
138026,132.36
138027,5.26
138028,270.14
138030,34.53
138031,3.56
138032,186.56
138033,45.62
138034,6.59
138035,101.74
138036,49.8
138037,620.21
138038,77.75
138039,10.39
138040,65.46
138041,300
138042,319.31
138044,24.03
138045,24
138046,31.07
138047,19.13
138048,11.26
138049,7.35
138050,37.44
138051,88
138052,22.44
138053,6.19
138054,46
138055,7.87
138056,51
138057,254.84
138058,4.29
138059,32.48
138060,121
138061,14.26
138062,27.97
138063,16
138064,7.78
138065,17.93
138066,48.18
138068,95.05
138069,161.35
138070,8.75
138071,276.86
138072,48.21
138073,87
138074,442
138075,200
138076,58.99
138077,4.88
138078,4.73
138079,4.59
138080,99
138081,25.99
138082,22.48
138083,214.72
138084,162
138085,9.82
138086,446.68
138087,590.95
138088,238
138089,80
138090,8.07
138091,32.09
138092,292
138093,44.03
138094,13.96
138095,1400
138096,31
138097,6
138098,263
138099,60
138100,118.67
138101,204.35
138102,204.28
138103,160
138104,344.49
138105,45
138106,800
138107,105.08
138108,4.84
138109,248
138110,7.27
138111,560.23
