813554
813722
813920
813920
813921
813921
814237
814403
814441
814461
814461
814462
814462
814480
814480
814480
814481
814481
814481
814482
814482
814482
814607
814613
814619
814632
814841
814841
814841
814841
814842
814842
814842
814842
814843
814843
814843
814843
814844
814844
814844
814844
814892
815003
815003
815004
815004
815055
815055
815055
815056
815056
815056
815057
815057
815057
815993
815993
815994
815994
816192
816193
816254
816289
816333
816792
816793
816794
817361
817472
817614
817658
817768
817768
817769
817769
