36706
36756
36759
36838
36954
36960
36963
36964
36998
37096
37107
37136
37201
37227
37249
37318
37325
37334
37365
37406
37531
37563
37651
37722
37820
37826
37853
37915
37971
37999
38056
38072
38170
38264
58185
58636
58834
58840
58843
59007
59038
59040
59053
59054
59096
59121
59177
59247
59314
59315
59402
59408
59426
59452
59453
59479
59507
59545
59553
59568
59617
59626
59633
59662
59690
59691
59711
59715
59717
59736
59772
59833
59856
59957
60076
60099
60116
60212
60236
71014
71166
71354
71598
71948
71998
72046
72079
72156
72176
72754
72835
72851
72922
72925
72944
72968
72975
72981
73023
73027
73082
73128
73132
73149
73163
73230
73250
73275
73352
73370
73416
73654
73673
73711
73722
73731
73763
73766
73785
73935
73985
74018
74027
74041
74062
74072
74083
74095
74134
74136
74226
74261
74278
74317
74321
74326
74327
74341
74402
74409
74497
74497
74518
74523
74594
74602
74635
74652
74717
74731
74735
74803
74820
74822
74824
74825
74825
74829
74839
74855
74871
74878
74885
74886
74924
74937
74980
74999
75000
75038
75053
75071
75080
75083
75088
75116
75120
75147
75151
75216
75228
75236
75237
75268
75275
75288
75343
75349
75357
75364
75367
75376
75395
75422
75422
75427
75438
75465
75485
75499
75533
75608
75677
75703
75710
75757
75826
75842
75908
75909
75921
95982
96181
96181
96218
96220
96266
96292
96427
96437
96468
96469
96520
96668
96699
96705
96713
96797
96818
96860
96868
96870
96879
96928
96933
96942
96943
96952
96961
96967
96971
96972
96973
96974
96975
96979
96980
96983
96984
96985
96986
96987
96989
96991
96993
96994
96995
96996
96996
96996
96998
96999
97000
97001
97002
97003
97004
97006
97007
97008
97009
97011
97012
97013
97014
97015
97016
97017
97018
97019
97020
97022
97023
97024
97025
97026
97027
97028
97029
97030
97031
97032
97034
97035
97037
97038
97039
97040
97041
97046
97057
97089
97096
97096
97119
97121
97123
97202
97207
97207
97213
97222
97228
97242
97305
97317
97340
97369
99890
99949
99949
100057
100073
118133
118177
118212
118233
118234
118252
118583
118705
118780
118829
118875
118905
128369
128427
179849
179856
179910
180008
180118
180318
180320
180374
180402
180436
180439
180503
180524
180549
180590
180607
180611
180628
180747
180748
180784
180825
180832
180851
180861
180962
181011
181236
181321
181327
181329
181351
181392
181418
181426
181464
181519
181535
181577
181588
181617
181624
181625
181686
191754
191764
191878
191902
192320
192352
192353
192354
192381
192536
192608
192643
192679
192750
192800
192868
192890
192921
192962
193016
197954
216336
216448
216485
216491
216508
216541
216637
216640
216650
216868
216872
216999
252882
252886
252917
253003
253013
253019
253040
253042
253043
253055
253062
253085
253085
253104
253129
253155
253160
253168
253180
253186
253188
253196
253212
253216
253224
253225
253259
253263
253280
253298
253321
253330
253403
253403
253419
253447
253479
253510
253581
253596
253605
253633
253644
253689
253697
253734
253746
253785
253787
253797
253865
253898
253919
253958
254021
254060
254064
254087
254129
254134
254183
254193
254197
257756
257761
257771
257780
257781
257782
257835
266059
266079
266123
266161
266220
266362
266439
266462
266477
266483
266493
266497
281053
289481
289684
289694
295258
295266
301010
301025
301058
301614
301616
311402
325812
326017
326025
326037
326089
326142
326240
326250
339934
339936
339936
339949
339960
339968
339986
339986
340008
340025
340026
340038
340048
340064
340082
340091
340099
340103
340130
340150
340153
340158
340160
340164
340183
340188
340188
340213
340221
340224
340283
340315
340315
340315
340321
340373
340376
340382
340404
340417
340433
340456
340476
340498
340505
340511
340515
340525
340536
340638
340641
340648
340664
340668
340672
340692
340696
340710
340732
340752
340761
340773
340785
340785
340786
340797
340801
340832
348611
348714
348809
348826
348873
348885
348907
352773
352801
352821
353207
355734
355779
363768
363811
363823
363824
371311
371351
371434
371902
371906
371922
371929
371966
371970
371989
372000
372009
372035
372043
372106
372112
376835
376876
376881
376888
376934
385418
385447
385447
385512
393328
393424
393531
397143
397174
397184
397189
397200
397207
401903
425726
426088
426208
426382
426765
426780
426904
426953
427014
427051
427167
427250
427251
427314
427320
427434
427493
427562
427615
427622
427681
427719
427760
427882
427939
428002
428069
428097
428103
428107
428108
428156
428160
428199
428334
428363
428365
428403
428429
428434
428437
428438
428523
428570
428572
428574
428666
428706
428717
428848
428864
428865
428882
428898
428904
428911
428919
428921
458102
458213
458261
458386
458418
458532
458749
458973
459001
459029
459045
459062
459069
459099
459101
459235
459302
459440
459596
459623
459631
459690
459745
463780
463880
463995
464021
464069
464076
464084
464092
464096
464118
464136
464149
464154
464161
464177
464188
464188
464198
464206
464218
464227
464230
464231
464237
464243
464243
464301
464360
464365
464389
464412
464459
464472
464473
464487
464493
464504
464531
464532
464559
467186
467187
467193
467195
467200
467207
467209
467210
467214
467215
467217
467220
467222
467223
467226
467228
467232
467235
467238
467260
467261
467263
467265
467278
467333
467362
515117
515165
515298
515309
515314
515316
515578
515679
515700
515707
515710
515746
515746
515887
515905
515917
515970
515981
516266
516352
516353
516446
516468
516470
516470
516475
516493
516508
516513
516525
516528
516566
516567
516572
516599
516615
516677
516682
516682
516728
516729
516760
516760
516767
516769
516779
516832
516855
516856
516881
516885
516885
516894
516911
516918
516919
516932
516932
516948
517000
517007
517033
517034
517069
517093
517096
517132
517146
517165
517173
517178
517204
517215
517221
517238
517245
517288
517302
517324
517373
517374
517383
517387
517390
517397
517406
517408
517412
517412
517425
517433
517445
517459
517476
517493
517499
517502
517523
517525
517581
517644
517659
517674
517683
517709
517709
517759
517784
517785
517789
517815
517871
517892
517895
518059
518060
518062
518073
518088
518090
518126
518138
518139
518168
518168
518173
518189
518203
518231
518267
518291
518302
518306
518313
518315
518315
518323
518346
518350
518355
518362
518362
518391
518406
518414
518414
518422
518423
518432
518433
518443
518475
518481
518505
518516
518533
518534
518541
518548
518558
518590
518591
518593
518594
518595
518595
518597
518600
518616
518620
518620
518629
518649
518651
518660
518663
518671
518672
518692
518694
518697
518697
518742
518746
518748
518757
518760
518768
518786
518800
518805
518852
518860
518863
518870
518870
518918
518923
518953
518955
518956
518966
519020
519020
519036
519042
519065
519084
519085
519112
519123
519135
519160
519166
519187
519189
519193
519198
519200
519216
519247
519257
519270
519315
519342
519355
519359
519363
519378
519381
519384
519393
519395
519468
519469
519472
519492
519496
519509
519513
519521
519539
519544
519549
519558
519566
519568
519576
519584
519584
519597
519600
519606
519622
519626
519637
519638
519641
519645
519646
519655
519660
519663
519664
519666
519667
519671
519677
519683
519688
519695
519724
519728
519728
519734
519754
519755
519764
519784
519806
519810
519822
519840
519848
519849
519849
519864
519887
519888
519899
519908
519913
519913
519914
519935
519944
519952
519978
519981
519984
519995
520007
520015
520031
520036
520041
520060
520063
520063
520065
520080
520100
520100
520106
520113
520119
520142
520155
520156
520166
520187
520194
520199
520202
520214
520232
520264
520318
520324
520330
520333
520354
520366
520475
520497
520550
520554
520579
520606
520613
520613
520628
520641
520646
520646
520652
520654
520661
520673
520702
520725
520726
520736
520760
520763
520772
520772
520796
520808
520814
520832
520892
520910
520961
520970
520977
521002
521033
521046
521046
521067
521069
521074
521082
521084
521105
521113
521159
521186
521199
521199
521205
521209
521215
521224
521237
521254
521264
521271
521282
521287
521287
521305
521332
521346
521373
521374
521395
521410
521474
521480
521487
521630
521691
521705
521706
521719
521730
521742
521743
521757
524050
524156
524175
524197
524280
533348
533354
533438
533450
533478
533480
533509
533577
533723
554281
554339
554409
554417
554422
554434
554440
554453
554676
554711
554765
554872
555098
556520
556694
570869
570937
571039
571295
571302
571361
571455
571577
571613
571738
571816
571864
571928
571993
572051
572055
572125
572128
572148
572171
572181
572245
572354
572394
572397
572426
572503
572620
572630
580261
580341
580382
580383
580422
580465
580476
580489
580493
580514
580527
580530
580577
580591
580598
580599
580603
580618
580626
580661
580681
604868
604869
623523
623705
623924
623953
624091
624169
624392
624424
624497
624536
624656
624762
624764
624796
641293
641296
641323
641328
641330
641335
641349
641368
641384
641394
641426
641503
641505
641512
641514
641536
641552
641559
641562
641596
641642
641665
641667
641692
641733
641739
641744
641747
641749
641757
641761
641762
641770
641776
641790
641800
641806
641824
641824
641839
641844
641848
641880
641883
641904
641918
641919
641929
641936
641956
641959
641962
641969
641973
641976
641982
641984
641985
641991
641998
642005
642014
642014
642021
642022
642032
642039
642042
642047
642048
642052
642054
642063
642064
642066
642069
642081
642084
642086
642086
642091
642092
642094
642095
642097
642098
642104
642105
642107
642109
642110
642117
642119
642122
642129
642133
642142
642146
642148
642156
642159
642161
642161
642165
642168
642175
642176
642185
642185
642185
642200
642201
642205
642207
642207
642208
642213
642224
642225
642226
642230
642231
642232
642233
642240
642242
642256
642260
642265
642268
642269
642271
642275
642275
642285
642287
642294
642298
642303
642305
642313
642314
642321
642323
642332
642339
642343
642344
642347
642351
642375
642390
642394
642395
642397
642397
642406
642407
642415
642423
642431
642432
642436
642436
642442
642443
642450
642451
642457
642460
642462
642463
642471
642472
642475
642475
642479
642480
642494
642505
642505
642508
642509
642516
642521
642522
642529
642538
642541
642567
642570
642570
642572
642572
642575
642579
642585
642587
642589
642591
642603
642605
642610
642614
642615
642617
642627
642633
642649
642654
642659
642668
642676
642686
642690
642691
642693
642696
642698
642702
642705
642707
642710
642713
642719
642722
642731
642732
642737
642740
642744
642759
642761
642780
642786
642787
642791
642801
642806
642816
642817
642819
642822
642822
642826
642833
642841
642844
642852
642856
642862
642869
642880
642886
642913
642914
642924
642931
642937
642965
642974
642981
642990
642994
642995
643005
643026
643034
643036
643050
643056
643057
643060
643060
643061
643062
643063
643065
643065
643069
645585
645631
645633
645680
645741
645763
645772
645804
645820
645912
650030
650030
650030
650030
650255
650255
650320
650324
650383
650418
650433
650440
650452
650474
650552
650588
650594
650627
650722
650728
672930
673002
673059
673095
678332
678357
678380
678422
678429
678461
678482
678484
678500
678500
678529
678532
678560
684711
684766
684809
685005
685105
685135
685144
685283
699037
699083
699142
699153
699359
699617
699619
699665
699823
699835
699851
699990
700015
700029
700187
700217
700224
700230
700254
700262
700281
700285
700289
700303
700405
700670
700680
700687
700688
700710
700731
700733
700735
700737
700752
700782
700810
700843
700923
701029
701050
701087
701157
701241
701253
701309
701315
701324
701327
701331
701339
701358
701451
701452
701491
701515
701548
701560
701591
701602
701804
701840
701843
701882
701935
701978
702009
702043
707095
707162
707225
707294
707295
707298
707328
707331
707394
707429
707431
707433
707465
707580
707583
718003
718072
718216
718262
718277
718279
718287
718310
718337
723304
723308
739667
739680
739847
739888
739988
740030
740048
740103
740130
740135
740141
740144
740151
740172
740179
740179
740238
740239
740254
740256
740332
740343
740344
740356
740356
740372
740375
740394
740397
740404
740413
740421
740428
740433
740447
740451
740452
740492
740492
740502
740518
740527
740527
740536
740537
740539
740540
740546
740588
740603
740626
740640
740679
740707
740707
740723
740730
740736
740746
740750
740753
740791
740813
740852
740915
740954
740981
741016
741016
741016
741028
741037
741052
741056
741058
741065
741066
741074
741107
741130
741142
741167
741196
741201
741206
741222
741224
741342
741364
741364
741367
741377
741378
741385
741404
741407
741412
741415
741439
741464
741482
741490
741504
741614
741643
741646
741664
741666
741668
741671
741705
741707
741724
741744
741750
741766
741767
741777
741791
741801
741806
741806
741825
741831
741832
741878
741887
741889
741904
741910
741914
741916
741930
741944
741949
741951
741975
741987
742004
742005
742005
742016
742036
742037
742038
742060
742071
742086
742087
742100
742128
742132
742132
742132
742132
742171
742175
742177
742200
742215
742216
742242
742259
742268
742278
742279
742287
742303
742338
742399
742461
742499
742499
742517
742526
742526
742526
742541
742605
742606
742640
742660
742695
742718
742725
742763
742765
742773
742783
742788
742791
742806
742819
742826
742828
742840
742841
742852
742853
742854
742859
742916
742917
742919
742921
742947
742965
742997
743009
743014
743035
743043
743048
743058
743060
743062
743068
743068
743083
743083
743096
743101
743103
743113
743119
743121
743141
743144
743147
743152
743154
743159
743165
743194
743196
743196
743230
743249
743266
743283
743285
743308
743319
743325
743358
743411
743439
743444
743472
743491
743497
743538
743538
743583
743590
743612
743617
743632
743635
743674
743699
743700
743717
743719
743731
743744
743745
743772
743793
743795
743796
743802
743818
743847
743851
743852
743854
743856
743860
743861
743862
743863
743874
743881
743883
743896
743898
743903
743905
743910
743912
743925
743928
743952
743954
743958
743969
743975
743977
743979
743981
743996
744002
744012
744025
744034
744041
744043
744047
744107
744119
744154
744181
744192
744207
744211
744216
744229
744229
744242
744246
744249
744259
744269
744273
744283
744291
744326
744332
744342
744352
744381
744386
744397
744401
744415
744465
744465
744480
744488
744511
744511
744511
744516
744546
744549
744551
744564
744586
744600
744608
744611
744647
744664
744668
744675
744677
744716
744718
744728
744734
744740
744740
744740
744775
744778
744778
744782
744785
744805
744834
744857
744859
744866
744895
744895
744902
744919
744919
744927
744935
744943
744944
744949
744978
744980
744983
744999
745005
745005
745007
745016
745017
745021
745025
745034
745050
745063
745064
745078
745088
745097
745109
745113
745116
745126
745138
745140
745142
745145
745147
749816
749895
749985
749991
750000
750014
750079
750085
750116
750168
750169
750256
750303
750367
752014
752058
752197
752225
752253
752325
752441
752444
752444
752451
752451
752466
752478
752498
752511
752522
752554
752564
752570
758784
758997
759007
759008
759044
759097
759122
759167
759254
759254
759279
759298
759335
759338
759345
759430
759434
759481
759555
759619
759721
759728
759736
759780
759870
759906
759935
760009
760101
760124
760161
760216
760282
760373
760383
760466
760491
760506
760652
760688
760770
765214
766021
766046
766047
767434
767445
767457
767475
768419
768493
768501
774406
774458
774461
774480
774504
774505
774506
774535
774577
774605
774608
774616
777544
777545
777750
777879
778561
778577
778599
778601
778604
779335
779840
779867
779874
779877
779879
779883
779903
781802
787216
787232
787233
787244
787275
787280
787288
787303
787308
787310
787318
787323
787340
787357
787366
787375
787380
787388
787400
787425
787435
787440
787451
787464
787500
787525
787540
787551
787570
787576
787590
787604
787621
787638
787675
787693
787693
787749
787754
787755
787768
787789
787801
787805
787807
787823
787838
787838
787847
787860
787866
787875
787876
787878
787896
787909
787916
787921
787928
787930
787942
787957
787957
787962
787968
787976
787984
788010
788024
788039
788061
788066
788093
788101
788108
788117
788123
788158
788177
788206
788210
788221
788224
788229
788230
788248
788249
788258
788260
788278
788282
788283
788300
788305
788305
788309
788332
788338
788347
788382
788396
788400
788402
788417
788422
788427
788453
788453
788463
788492
788494
788506
788526
791698
791725
791725
791785
791799
791799
791801
791814
791847
791869
791869
791873
791929
791929
791929
791929
791929
791929
791929
791941
791964
791966
791966
791966
791970
791972
791976
791980
791983
791991
791991
791994
792003
792004
792014
792014
792016
792028
792037
792056
792065
792105
792138
793783
793783
793894
793912
793971
793972
794049
794052
794059
794060
794335
794387
794419
794420
802034
802109
803222
803464
803771
803830
803957
804052
804081
804120
804157
804207
804289
804325
804494
804496
804538
804576
804589
804614
804671
804853
804862
804934
804960
804967
805028
805044
805097
805157
805182
805242
805245
805295
805303
805318
805360
805362
805381
805457
805475
805555
805630
805693
805799
805800
805812
805819
805873
805901
805994
806013
806027
806113
806157
806188
806207
806277
806323
806364
806383
806385
806408
806431
806432
806455
806507
806537
806544
806553
806560
806563
806572
806682
806732
806749
806759
806799
806808
806871
806876
806917
806989
807010
807024
807056
807062
807067
807081
807159
807166
807172
807185
807190
807194
807196
807241
808897
808999
809010
809028
809125
809152
809207
809223
809255
809293
809301
809302
809312
809334
809364
809390
809402
809427
809440
809442
809446
813805
813808
814913
816064
816197
816243
816322
816328
816371
816381
816394
816416
816509
816530
816559
816596
816605
816606
819826
819826
820004
820191
820481
820573
820611
820611
821082
821301
821362
821363
821399
821419
821462
821466
821601
821667
821707
821813
821887
821894
821907
821931
822018
822022
822030
822070
822104
822108
822120
822139
822145
822169
822190
822220
822419
822422
822439
822470
822567
822588
822706
822740
822854
822921
822922
822927
823011
823029
823142
823278
823279
823283
823401
824347
824351
824376
824553
824572
824713
824781
824793
824804
824822
824875
824888
825090
825142
825147
825154
825173
825196
825668
825683
825741
825767
825776
825789
825812
825813
825822
826511
826643
827643
827694
827697
827758
827780
827805
827821
827825
827836
827840
827888
827903
827911
827912
827921
827979
828007
828010
828016
828562
828581
828583
828609
828612
828619
828623
828654
828725
828744
828748
828767
828809
828825
828933
828993
828997
829004
829008
829042
829055
829190
829196
829203
829248
829731
829794
829839
829853
829947
830184
830192
830301
830362
830369
830420
830420
830662
830662
830749
830759
830818
830823
830824
830856
831059
831207
831421
831524
831586
831596
831665
831987
832009
832070
832080
832162
832164
832237
832246
832306
832392
832399
832412
832513
832540
832616
832763
832763
832767
832773
832801
832845
832959
832994
833010
833145
833249
833299
833361
833392
833441
833616
833623
833646
833689
833809
833824
833833
833843
833882
833904
833909
833948
833950
834001
834010
834040
834040
834074
834075
834107
834123
834133
834136
834143
834150
834152
834160
834201
834207
834232
834251
834251
834267
834346
834378
834400
834416
834480
834524
834526
834540
834544
834548
834578
834598
834604
834609
834610
834619
834683
834684
834684
834684
834687
834688
834692
834692
834705
834739
834743
834747
834753
834772
834785
834786
834793
834799
834833
834834
834840
834850
834859
834889
834905
834907
834915
834941
834958
834960
834961
834976
834987
834996
834998
835024
835026
835029
835029
835031
835035
835038
835039
835063
835068
835068
835078
835089
835103
835113
835113
835116
835116
835117
835120
835120
835123
835128
835129
835141
835150
835152
835167
835170
835183
835183
835187
835201
835202
835203
835203
835211
835214
835219
835221
835222
835228
835239
835244
835258
835275
835289
835304
835310
835317
835319
835327
835340
835347
835347
835347
835357
835358
835358
835377
835389
835403
835403
835408
835413
835414
835422
835431
835447
835448
835458
835458
835462
835466
835466
835472
835481
835486
835487
835499
835520
835521
835525
835528
835529
835532
835538
835546
835548
835551
835561
835579
835582
835583
835599
835610
835611
835614
835638
835646
835648
835648
835668
835668
835670
835680
835686
835693
835702
835704
835714
835714
835716
835717
835730
835732
835732
835737
835752
835756
835769
835787
835807
835823
835843
835853
835865
835869
835870
835872
835874
835877
835890
835891
835892
835897
835899
835937
835945
835956
835956
835957
835961
835962
835968
835970
835974
835978
835990
836011
836022
836030
836032
836034
836044
836054
836059
836060
836061
836082
836126
836129
836129
836139
836143
836149
836153
836158
836410
836437
836484
836491
836499
836500
836502
836509
836530
836545
836546
836553
836557
836560
836567
836568
836571
836582
836602
836608
836609
836613
836628
836640
836666
836669
836678
836679
836685
836685
836694
836697
836708
836726
836728
836754
836757
836766
836784
836808
836810
836812
836909
836944
837038
837159
837164
837308
837347
837366
837388
837438
837453
837459
837460
837475
837475
837479
837501
837502
837511
837517
837530
837540
837562
837564
837567
837583
837586
837593
837649
837674
837675
837678
837680
837681
837682
837689
837693
837701
837711
837712
837761
837773
837782
837783
837783
837792
837793
837796
837799
837860
837862
837866
837883
837895
837929
837934
837955
837960
837985
838001
838033
838048
838094
838101
838120
838126
838129
838134
838137
838165
838167
838170
838179
838182
838196
838203
838211
838213
838213
838214
838225
838293
838347
838354
838368
838380
838418
838427
838438
838454
838486
838490
838490
838514
838517
838521
838521
838521
838531
838532
838551
838553
838558
838565
838585
838596
838624
838655
838683
838685
838685
838693
838722
838722
838740
838749
838755
838783
838792
838794
838895
838904
839008
839093
839093
839096
839104
839112
839161
839339
839368
839397
839465
839558
839561
839580
839607
839609
839658
839665
839673
839719
839766
839789
839814
839820
839832
839836
839866
839908
839925
840054
840061
840073
840081
840092
840095
840098
840105
840106
840107
840109
840118
840125
840127
840128
840137
840143
840170
840171
840172
840175
840183
840194
840197
840199
840200
840201
840207
840211
840806
841482
841483
841486
841489
841493
841496
841497
841501
841506
841522
841525
841526
841533
841535
841541
841543
841543
841543
841553
841554
841572
841575
841576
841583
841595
841602
841606
841612
841620
841624
841647
841648
841657
841669
841672
841684
841697
841698
841721
841737
841747
841749
841768
841782
841783
841813
841829
841831
841855
841858
841862
841888
841907
841917
841919
841920
841921
841922
841927
841929
841949
841965
841971
841994
842005
842012
842014
842023
842034
842042
842079
842087
842128
842130
842132
842146
842149
842149
842156
842159
842169
842171
842175
842178
842182
842199
842219
842235
842245
842268
842291
842297
842302
842315
842327
842341
842368
842371
842373
842376
842384
842402
842420
842445
842456
842456
842456
842471
842476
842488
842488
842532
842538
842540
842542
842560
842568
842569
842572
842578
842601
842613
842620
842626
842627
842627
842634
842669
842673
842682
842687
842693
842708
842715
842721
842723
842731
842754
842771
842800
842803
842804
842812
842813
842826
842832
842862
842868
842924
842942
842951
842952
842974
842974
842977
843005
843035
843047
843058
843070
843078
843101
843113
843118
843129
843152
843166
843210
843220
843220
843220
843221
843242
843244
843257
843276
843279
843280
843300
843324
843325
843326
843346
843352
843369
843407
843421
843433
843452
843462
843503
843504
843522
843522
843538
843553
843572
843576
843595
843599
843610
843634
843636
843675
843676
843694
843703
843707
843722
843734
843736
843762
843767
843774
843777
843779
843782
843785
843788
843799
843865
843875
843878
843880
843886
843903
843907
843938
843957
843957
843957
843961
843969
844008
844012
844077
844082
844083
844101
844124
844137
844141
844149
844163
844172
844176
844182
844188
844195
844227
844258
844263
844268
844287
844288
844309
844357
844371
844406
844448
844470
844470
844473
844504
844511
844518
844531
844555
844563
844599
844613
844615
844628
844667
844679
844680
844682
844684
844737
844788
844791
844794
844797
844808
844867
844873
844881
844890
844892
844899
844912
844934
844940
844993
845010
845062
845101
845117
845117
845117
845144
845201
845221
845267
845304
845363
845369
845403
845415
845445
845445
845474
845524
845568
845573
845575
845579
845579
845579
845580
845615
845636
845654
845661
845665
845683
845684
845699
845706
845710
845717
845730
845731
845779
845783
845803
845807
845810
845812
845831
845847
845849
845893
845907
845908
845964
845966
846000
846003
846026
846030
846038
846074
846124
846177
846229
846253
846253
846265
846265
846286
846317
846317
846324
846325
846370
846382
846412
846428
846465
846527
846551
846566
846615
846624
846627
846637
846647
846652
846659
846794
846799
846800
846808
846811
846838
846898
846924
846928
846959
847008
847028
847041
847078
847080
847088
847111
847115
847126
847141
847161
847171
847199
847226
847231
847240
847242
847251
847257
847269
847275
847281
847282
847291
847291
847299
847326
847349
847353
847367
847395
847426
847447
847452
847464
847464
847471
847532
847576
847606
847646
847686
847789
847807
847835
847845
847846
847857
847867
847881
847943
847953
847969
847975
847980
847984
847988
847993
847998
848000
848010
848010
848034
848037
848045
848056
848078
848083
848095
848108
848136
848154
848160
848161
848182
848224
848237
848246
848251
848263
848294
848306
848359
848375
848383
848394
848397
848408
848412
848481
848576
848595
848603
848604
848604
848605
848626
848667
848669
848678
848698
848728
848737
848751
848754
848763
848770
848792
848802
848806
848820
848833
848842
848859
848860
848871
848879
848882
848886
848889
848903
848910
848912
848927
848953
848956
848986
849005
849028
849032
849181
849182
849262
849265
849320
849362
849367
849369
849390
849411
849432
849453
849530
849536
849549
849555
849565
849567
849579
849592
849600
849632
849637
849639
849666
849692
849711
849720
849748
849769
849781
849781
849787
849812
849844
849848
849858
849866
849869
849879
849884
849892
849892
849905
849909
849915
849952
849952
849954
849961
849967
849990
850037
850042
850070
850090
850124
850145
850214
850219
850231
850240
850244
850275
850278
850281
850285
850310
850351
850369
850373
850376
850385
850389
850390
850398
850404
850408
850418
850435
850445
850450
850462
850469
850471
850526
850529
850531
850533
850554
850568
850578
850602
850614
850615
850615
850647
850650
850663
850682
850701
850727
850728
850739
850742
850745
850745
850787
850802
850805
850826
850830
850838
850850
850851
850879
850913
850929
850936
850937
850958
850970
850998
851022
851027
851052
851089
851095
851096
851201
851208
851210
851219
851219
851230
851302
851309
851319
851338
851353
851382
851395
851403
851423
851423
851432
851489
851493
851502
851531
851590
851690
851696
851722
851759
851762
851768
851791
851805
851822
851830
851883
851916
851969
851970
852004
852012
852023
852030
852033
852066
852113
852127
852154
852155
852207
852231
852297
852315
852334
852346
852401
852425
852437
852469
852469
852491
852497
852500
852585
852615
852656
852667
852703
852727
852771
852772
852805
852811
852844
852891
852897
852931
852988
852988
852992
853041
853123
853155
853166
853194
853245
853245
853253
853266
853299
853306
853316
853365
853373
853429
853484
853498
853517
853532
853550
853564
853623
853638
853639
853653
853728
853736
853736
853740
853745
853759
853779
853788
853797
853845
853895
853901
853909
853917
853919
853963
854112
854140
854144
854151
854214
854225
854270
854293
854317
854334
854368
854383
854419
854425
854432
854471
854498
854502
854504
854532
854536
854564
854565
854589
854602
854631
854634
854638
854642
854661
854666
854668
854693
854693
854725
854735
854743
854751
854815
854840
854847
854863
854877
854902
854979
854980
854990
854998
855048
855055
855062
855111
855143
855235
855372
855379
855396
855440
855482
855484
855504
855546
855557
855581
855612
855616
855659
855667
855682
855699
855739
855753
855875
855898
855965
856060
856063
856118
856124
856127
856128
856169
856180
856300
856329
856359
856380
856386
856454
856473
856509
856516
856544
856572
856594
856639
856658
856748
856775
856788
856815
856827
856837
856837
856837
856902
857001
857015
857039
857046
857065
857078
857082
857084
857223
857251
857286
857303
857337
857339
857387
857419
857426
857432
857439
857468
857564
857565
857584
857584
857594
857598
857689
857693
857713
857796
857902
857991
858005
858048
858049
858050
858115
858221
858231
858235
858237
858295
858314
858321
858334
858365
858367
858367
858384
858444
858465
858512
858534
858580
858605
858645
858650
858686
858715
858726
858726
858727
858739
858766
858782
858787
858824
858832
858885
858889
858974
859010
859022
859032
859068
859070
859081
859091
859120
859182
859196
859197
859208
859220
859220
859227
859240
859258
859269
859271
859321
859321
859321
859321
859321
859321
859340
859346
859360
859361
859362
859363
859369
859373
859395
859396
859399
859402
859408
859412
859422
859429
859464
859464
859472
859486
859536
859549
859574
859579
859594
859638
859644
859717
859728
859732
859815
859815
859815
859841
859844
859877
859881
859894
859924
859951
859959
859963
859965
859969
860048
860051
860053
860057
860060
860061
860063
860069
860072
860084
860084
860094
860148
860157
860158
860164
860177
860183
860248
860252
860270
860282
860287
860310
860320
860335
860350
860352
860365
860374
860376
860396
860399
860411
860413
860426
860454
860462
860465
860468
860471
860476
860491
860500
860523
860537
860541
860542
860547
860568
860568
860570
860576
860576
860576
860576
860576
860576
860576
860585
860597
860610
860613
860617
860622
860625
860645
860645
860645
860645
860650
860672
860672
860683
860688
860702
860704
860709
860723
860731
860735
860737
860762
860767
860776
860776
860776
860776
860776
860776
860793
860802
860807
860809
860809
860809
860809
860809
860809
860810
860816
860839
860874
860882
860882
860900
860902
860919
860929
860942
860944
860944
860987
861003
861016
861032
861041
861046
861046
861047
861070
861080
861084
861107
861111
861127
861146
861154
861158
861160
861179
861181
861194
861225
861257
861259
861265
861281
861299
861355
861377
861389
861399
861410
861418
861418
861422
861433
861453
861453
861453
861453
861473
861481
861506
861515
861529
861529
861529
861535
861536
861549
861552
861553
861567
861578
861586
861593
861593
861604
861607
861623
861625
861630
861634
861636
861648
861674
861680
861680
861688
861697
861705
861711
861716
861719
861728
861740
861745
861750
861758
861768
861769
861776
861792
861793
861813
861827
861901
861908
861938
861938
861941
861959
861984
861993
862003
862074
862091
862093
862097
862123
862123
862123
862123
862133
862143
862173
862177
862180
862196
862196
862223
862227
862228
862230
862234
862238
862250
862250
862250
862261
862294
862299
862317
862325
862325
862331
862345
862386
862395
862412
862415
862418
862420
862420
862428
862445
862445
862446
862454
862456
862460
862468
862481
862488
862493
862498
862503
862519
862523
862528
862558
862559
862562
862562
862562
862562
862562
862571
862574
862575
862606
862610
862626
862655
862661
862713
862718
862724
862727
862750
862760
862777
862789
862793
862805
862805
862805
862805
862805
862809
862824
862833
862835
862841
862841
862841
862857
862878
862913
862917
862942
862946
862946
862946
862946
862959
862960
862981
862981
862990
863015
863024
863031
863044
863070
863073
863074
863103
863114
863121
863146
863157
863196
863210
863237
863243
863252
863252
863252
863252
863258
863299
863340
863348
863350
863351
863356
863357
863360
863363
863369
863396
863405
863406
863408
863408
863408
863416
863419
863428
863446
863447
863447
863449
863468
863475
863475
863490
863490
863494
863496
863501
863511
863517
863523
863523
863533
863535
863545
863563
863568
863586
863624
863628
863640
863669
863728
863746
863793
863799
863819
863849
863859
863868
863898
863906
863907
863908
863919
863920
863937
863951
863951
863951
863951
863955
863956
863956
863956
863963
863967
863967
863982
863982
863982
863986
863986
863987
864003
864018
864020
864037
864037
864037
864037
864049
864054
864065
864065
864075
864076
864098
864106
864107
864110
864111
864112
864122
864128
864146
864166
864182
864218
864219
864225
864225
864235
864237
864237
864237
864237
864237
864264
864275
864280
864282
864299
864314
864324
864341
864369
864370
864373
864376
864390
864400
864405
864407
864413
864424
864425
864435
864440
864451
864459
864459
864459
864459
864468
864472
864497
864497
864531
864536
864536
864563
864576
864579
864628
864628
864640
864651
864655
864671
864691
864691
864696
864701
864719
864753
864753
864759
864760
864772
864772
864836
864836
864851
864851
864851
864851
864853
864863
864871
864890
864892
864916
864937
864949
864955
864989
864995
865009
865011
865023
865071
865076
865077
865084
865108
865110
865119
865119
865150
865205
865211
865235
865251
865267
865268
865325
865393
865401
865403
865429
865436
865454
865535
865543
865563
865633
865670
865675
865675
865675
865675
865675
865675
865675
865703
865706
865713
865716
865716
865718
865722
865734
865742
865755
865778
865780
865792
865792
865792
865845
865847
865863
865863
865878
865887
865889
865896
865924
865931
865933
865933
865935
865938
865944
865947
865967
865979
865992
866007
866034
866046
866050
866058
866062
866102
866102
866102
866102
866102
866102
866102
866109
866131
866153
866167
866184
866185
866206
866214
866229
866242
866242
866252
866254
866263
866280
866284
866311
866331
866332
866332
866335
866352
866375
866385
866391
866395
866404
866422
866455
866457
866459
866484
866507
866577
866587
866588
866594
866597
866609
866625
866636
866638
866642
866650
866677
866684
866687
866709
866750
866754
866772
866790
866801
866812
866815
866834
866838
866842
866846
866862
866862
866862
866874
866877
866882
866883
866890
866890
866897
866902
866902
866903
866910
866914
866921
866922
866942
866979
866979
866979
866979
866983
867005
867005
867005
867036
867044
867050
867070
867071
867071
867071
867071
867075
867081
867081
867097
867104
867119
867143
867155
867155
867155
867160
867165
867187
867242
867291
867305
867305
867305
867305
867305
867318
867323
867333
867354
867363
867371
867371
867410
867414
867447
867447
867447
867447
867447
867447
867476
867476
867476
867476
867490
867530
867547
867555
867569
867618
867618
867618
867620
867628
867632
867646
867661
867661
867669
867695
867699
867708
867709
867724
867735
867744
867754
867780
867800
867810
867812
867825
867828
867862
867878
867905
867921
867936
867948
867948
867948
867950
867966
867969
867985
868003
868010
868024
868031
868045
868070
868074
868087
868088
868090
868096
868111
868113
868143
868146
868155
868155
868185
868185
868202
868206
868217
868234
868238
868241
868247
868267
868280
868307
868323
868329
868335
868344
868352
868357
868379
868382
868386
868442
868492
868492
868506
868543
868544
868554
868554
868554
868557
868561
868565
868567
868568
868573
868578
868586
868587
868587
868592
868602
868603
868663
868670
868711
868728
868773
868777
868783
868790
868796
868805
868810
868816
868817
868845
868846
868851
868908
868916
868922
868956
868965
868966
868995
868996
868999
869036
869061
869072
869112
869129
869131
869132
869138
869149
869157
869158
869160
869165
869195
869201
869222
869222
869276
869280
869280
869282
869290
869292
869294
869296
869297
869301
869307
869317
869366
869396
869414
869430
869434
869437
869437
869437
869437
869469
869479
869486
869493
869508
869513
869519
869522
869535
869547
869576
869610
869610
869613
869628
869642
869696
869710
869722
869728
869730
869732
869732
869761
869767
869767
869767
869767
869767
869767
869781
869781
869781
869781
869781
869799
869811
869822
869832
869845
869869
869932
869943
869947
869962
869962
869977
869981
869986
869992
869992
869992
870007
870012
870033
870035
870051
870064
870068
870078
870084
870087
870096
870108
870110
870113
870113
870113
870113
870113
870113
870113
870116
870123
870134
870137
870157
870168
870175
870180
870211
870221
870269
870270
870271
870281
870281
870295
870313
870330
870341
870341
870341
870343
870353
870387
870387
870387
870387
870387
870387
870387
870387
870387
870387
870387
870413
870414
870427
870438
870462
870491
870491
870497
870497
870511
870520
870520
870560
870564
870567
870567
870567
870575
870576
870591
870599
870642
870646
870646
870646
870647
870656
870663
870667
870668
870671
870684
870684
870684
870684
870692
870705
870756
870768
870789
870809
870852
870868
870870
870874
870881
870925
870934
870945
870958
870987
871002
871004
871005
871017
871020
871029
871029
871029
871029
871056
871060
871061
871068
871070
871072
871078
871085
871085
871085
871085
871106
871106
871106
871113
871140
871177
871208
871211
871211
871217
871226
871261
871262
871279
871314
871322
871334
871356
871357
871365
871398
871404
871406
871428
871437
871448
871450
871453
871476
871521
871521
871534
871537
871556
871573
871588
871599
871630
871631
871676
871692
871694
871713
871733
871739
871743
871750
871758
871760
871773
871797
871802
871804
871805
871815
871821
871831
871834
871842
871844
871861
871865
871865
871879
871879
871880
871883
871891
871898
871899
871911
871923
871970
871975
871981
871984
871993
872014
872018
872057
872075
872078
872085
872094
872136
872155
872183
872207
872247
872247
872248
872251
872261
872303
872308
872318
872326
872338
872360
872361
872361
872366
872374
872406
872444
872444
872459
872498
872506
872511
872518
872560
872560
872564
872572
872577
872583
872583
872587
872616
872619
872638
872659
872678
872680
872681
872690
872695
872700
872716
872728
872728
872763
872790
872812
872837
872844
872850
872856
872872
872899
872908
872938
872955
872973
872979
873004
873008
873013
873050
873055
873065
873080
873103
873114
873117
873124
873168
873177
873183
873194
873222
873238
873262
873268
873268
873279
873279
873291
873326
873380
873407
873422
873431
873479
873528
873528
873554
873557
873563
873595
873628
873636
873649
873652
873653
873655
873659
873664
873664
873664
873687
873708
873719
873721
873758
873760
873786
873798
873813
873816
873830
873830
873830
873864
873867
873868
873875
873893
873914
873931
873937
873984
873988
873995
873998
874013
874023
874030
874066
874072
874113
874116
874121
874150
874169
874170
874172
874189
874197
874199
874218
874240
874265
874266
874297
874316
874340
874377
874383
874410
874428
874446
874459
874464
874466
874475
874475
874480
874497
874498
874521
874541
874559
874561
874563
874578
874618
874642
874664
874677
874681
874687
874689
874695
874731
874750
874753
874759
874769
874789
874845
874853
874856
874901
874909
874915
874930
874936
874950
874971
874978
874978
874984
875072
875077
875080
875084
875087
875108
875114
875121
875130
875186
875194
875194
875194
875194
875194
875194
875194
875214
875214
875257
875272
875272
875277
875307
875385
875468
875479
875479
875487
875539
875549
875555
875571
875571
875581
875595
875611
875615
875640
875669
875669
875713
875717
875742
875745
875761
875775
875784
875843
875844
875887
875889
875895
875901
875961
875996
876013
876035
876045
876091
876110
876132
876164
876193
876200
876207
876213
876214
876214
876251
876253
876314
876319
876331
876387
876401
876404
876408
876425
876463
876463
876495
876516
876533
876535
876541
876558
876578
876586
876600
876615
876670
876671
876676
876697
876699
876729
876752
876762
876791
876857
876864
876873
876880
876880
876893
876896
876902
876902
876902
876908
876932
876935
876983
877096
877109
877117
877195
877198
877208
877227
877227
877229
877237
877238
877240
877251
877253
877279
877280
877284
877284
877314
877330
877333
877343
877359
877368
877368
877377
877381
877418
877428
877442
877448
877458
877458
877465
877481
877481
877486
877499
877504
877512
877516
877530
877530
877530
877540
877549
877553
877555
877555
877594
877599
877600
877615
877624
877627
877635
877636
877642
877645
877656
877663
877670
877670
877675
877677
877680
877694
877695
877700
877704
877704
877741
877772
877790
877810
877821
877823
877859
877864
877869
877869
877875
877875
877878
877879
877880
877883
877892
877895
877898
877910
877949
877949
877957
877961
877973
877974
877991
877998
878013
878030
878036
878037
878039
878049
878050
878056
878075
878081
878083
878093
878108
878117
878130
878147
878158
878159
878160
878170
878180
878213
878221
878237
878244
878366
878368
878373
878380
878420
878443
878591
878591
878623
878625
878664
878708
878708
878722
878723
878758
878767
878790
878834
878840
878859
878864
878870
878879
878886
878896
878904
878915
878915
878921
878938
878946
878956
878961
878976
879005
879045
879051
879064
879087
879094
879149
879155
879156
879278
879307
879345
879352
879357
879457
879459
879479
879513
879530
879533
879581
879585
879588
879606
879627
879646
879668
879680
879712
879730
879759
879789
879806
879809
879814
879848
879855
879876
879881
879891
879926
879941
879952
880014
880024
880026
880042
880076
880081
880143
880148
880189
880250
880279
880304
880319
880385
880404
880428
880454
880547
880573
880578
880612
880613
880634
880650
880659
880664
880666
880668
880671
880678
880680
880695
880713
880801
880804
880804
880807
880812
880815
880821
880838
880919
880946
880946
880948
880983
881002
881012
881014
881120
881124
881133
881149
881154
881163
881227
881232
881252
881277
881287
881298
881334
881335
881337
881338
881361
881395
881396
881403
881403
881410
881423
881464
881466
881469
881488
881511
881514
881631
881639
881644
881648
881654
881655
881657
881657
881674
881696
881705
881712
881734
881760
881812
881916
881931
881934
881999
882021
882048
882050
882069
882072
882082
882092
882094
882140
882154
882169
882199
882201
882213
882335
882382
882388
882392
882423
882440
882454
882543
882569
882601
882607
882609
882625
882633
882636
882646
882664
882666
882678
882709
882713
882722
882745
882748
882761
882793
882795
882820
882879
882886
882902
882921
882945
882949
882979
882986
882986
882991
883009
883011
883024
883040
883071
883080
883111
883125
883150
883151
883151
883151
883158
883162
883176
883226
883248
883248
883248
883317
883324
883382
883395
883405
883410
883463
883463
883481
883492
883493
883493
883545
883568
883597
883617
883670
883699
883699
883723
883771
883798
883803
883817
883830
883842
883850
883886
883915
883931
883932
884031
884061
884084
884096
884128
884129
884146
884184
884197
884199
884208
884361
884406
884409
884411
884415
884420
884424
884429
884453
884461
884468
884482
884505
884530
884588
884607
884620
884621
884624
884660
884680
884696
884725
884737
884754
884763
884801
884911
884921
884933
884944
884951
885016
885021
885110
885147
885198
885215
885237
885239
885329
885426
885433
885467
885474
885501
885534
885558
885564
885595
885637
885643
885650
885680
885695
885732
885732
885759
885854
885872
885885
885889
885937
885980
886030
886076
886092
886120
886120
886120
886141
886151
886181
886207
886225
886266
886333
886335
886336
886345
886351
886401
886404
886420
886439
886441
886447
886449
886450
886642
886674
886711
886729
886749
886772
886773
886788
886872
886908
886938
886939
886943
886987
887058
887129
887193
887196
887217
887251
887328
887364
887427
887483
887493
887497
887501
887506
887512
887512
887544
887568
887574
887593
887612
887620
887634
887657
887678
887690
887694
887739
887760
887797
887812
887849
887926
887932
887951
888047
888072
888072
888094
888111
888160
888172
888178
888190
888256
888280
888282
888305
888315
888340
888340
888436
888438
888446
888471
888486
888487
888490
888494
888512
888526
888531
888556
888562
888573
888573
888580
888582
888584
888584
888613
888613
888627
888640
888641
888646
888649
888652
888655
888657
888668
888668
888668
888670
888670
888672
888675
888679
888683
888692
888712
888760
888766
888798
888807
888908
888931
888935
888963
889014
889038
889078
889080
889094
889097
889150
889159
889162
889168
889170
889223
889262
889274
889298
889319
889323
889327
889335
889344
889361
889363
889472
889474
889476
889477
889484
889518
889526
889550
889551
889569
889575
889577
889589
889612
889616
889651
889666
889667
889725
889733
889744
889762
889784
889851
889860
889878
889900
889900
889900
889957
889960
889968
889977
890028
890028
890066
890074
890118
890202
890209
890224
890306
890306
890312
890412
890412
890419
890451
890470
890501
890502
890520
890540
890573
890623
890624
890669
890706
890711
890736
890794
890819
890854
890984
890997
891040
891055
891069
891104
891188
891220
891257
891282
891284
891314
891341
891348
891380
891394
891400
891451
891466
891483
891483
891487
891516
891542
891581
891588
891629
891673
891717
891722
891728
891730
891750
891763
891785
891791
891881
891934
891952
891967
891978
891990
892004
892009
892029
892063
892185
892247
892430
892447
892469
892478
892481
892510
892510
892510
892528
892533
892583
892600
892617
892626
892636
892649
892650
892650
892738
892841
892903
892919
892988
893013
893025
893029
893046
893052
893052
893099
893129
893227
893252
893279
893290
893297
893334
893341
893353
893366
893401
893456
893483
893508
893562
893636
893709
893779
893792
893888
893924
893945
893953
893963
893976
893979
894009
894028
894036
894045
894051
894076
894079
894125
894145
894147
894156
894176
894202
894248
894252
894253
894271
894302
894339
894350
894356
894364
894432
894475
894494
894501
894521
894565
894582
894600
894601
894665
894680
894719
894744
894781
894796
894811
894840
894847
894866
894886
894905
894908
894925
894985
894992
895009
895062
895154
895162
895194
895200
895207
895209
895317
895317
895443
895498
895554
895559
895561
895570
895586
895596
895602
895739
895922
895938
896003
896043
896044
896047
896137
896223
896223
896330
896366
896435
896452
896463
896471
896483
896521
896557
896612
896666
896684
896689
896694
896695
896702
896707
896713
896715
896725
896732
896744
896754
896786
896788
896792
896799
896856
896860
896865
896884
896903
896908
896921
896946
896950
896998
897028
897060
897114
897132
897152
897168
897198
897205
897235
897274
897276
897281
897298
897310
897311
897311
897328
897342
897344
897429
897448
897463
897575
897585
897592
897597
897599
897623
897624
897624
897636
897763
897889
897906
897932
897936
897943
898016
898048
898081
898106
898106
898119
898146
898179
898194
898218
898248
898314
898326
898336
898341
898342
898344
898361
898419
898505
898525
898551
898614
898635
898638
898701
898722
898737
898752
898754
898767
898804
898811
898848
898905
898943
898977
899004
899024
899025
899046
899057
899085
899094
899169
899195
899206
899269
899276
899306
899307
899320
899335
899607
899619
899677
899699
899738
899803
899864
899885
899905
899912
899918
900011
900034
900044
900044
900053
900065
900084
900098
900186
900205
900205
900270
900330
900361
900363
900372
900406
900413
900416
900424
900455
900496
900609
900636
900640
900664
900751
900773
900807
900852
900890
900900
901179
901197
901247
901249
901257
901261
901269
901359
901359
901423
901450
901471
901472
901483
901487
901572
901592
901598
901599
901638
901655
901701
901743
901797
901816
901821
901828
901839
901839
901892
901908
901923
901988
902002
902015
902120
902189
902251
902262
902290
902316
902336
902341
902395
902477
902493
902519
902523
902535
902568
902569
902644
902717
902782
902811
902889
902921
902950
902951
902973
902998
903013
903031
903050
903078
903127
903156
903169
903169
903170
903177
903196
903217
903268
903283
903297
903303
903378
903420
903428
903440
903446
903562
903603
903629
903711
903813
903826
903841
903845
903869
903885
903891
903917
903944
903946
903992
904007
904045
904092
904104
904117
904165
904178
904206
904233
904293
904296
904336
904341
904341
904363
904366
904380
904402
904424
904424
904437
904447
904447
904472
904473
904481
904491
904551
904602
904610
904618
904646
904648
904656
904686
904686
904700
904704
904750
904779
904820
904823
904832
904904
904906
904929
904938
904951
904958
904963
904966
904978
905010
905050
905062
905104
905112
905131
905135
905137
905139
905151
905165
905185
905199
905209
905218
905240
905252
905258
905263
905267
905267
905267
905274
905274
905274
905274
905276
905277
905279
905291
905299
905317
905333
905338
905342
905359
905380
905387
905399
905411
905420
905429
905430
905444
905449
905450
905464
905482
905540
905581
905602
905607
905634
905648
905654
905662
905670
905671
905688
905695
905748
905762
905799
905801
905812
905823
905841
905855
905861
905892
905894
905937
905944
905946
905961
905961
905961
905961
905978
905979
905981
905983
905992
905993
905999
906013
906022
906028
906039
906045
906064
906072
906079
906088
906094
906099
906126
906128
906140
906150
906152
906163
906174
906175
906177
906180
906187
906192
906205
906221
906231
906257
906264
906277
906355
906360
906385
906389
906389
906390
906414
906425
906427
906452
906456
906486
906513
906520
906526
906529
906540
906546
906560
906593
906608
906620
906621
906622
906640
906653
906657
906664
906664
906680
906682
906694
906718
906744
906747
906755
906756
906774
906791
906797
906803
906809
906813
906817
906819
906829
906843
906843
906867
906880
906882
906921
906925
906935
906940
906941
906944
906950
906967
906970
906976
906997
907001
907001
907005
907022
907031
907032
907035
907052
907053
907056
907060
907063
907071
907073
907092
907097
907102
907104
907106
907113
907115
907115
907118
907119
907125
907135
907163
907167
907170
907184
907185
907199
907202
907219
907246
907269
907278
907307
907323
907349
907353
907362
907363
907385
907398
907417
907452
907479
907479
907479
907479
907479
907479
907479
907479
907492
907531
907582
907609
907638
907645
907678
907722
907723
907726
907746
907775
907796
907802
907837
907868
907874
907882
907884
907888
907923
907941
907942
907973
907976
908030
908036
908046
908127
908153
908158
908199
908217
908234
908252
908275
908284
908289
908293
908297
908354
908424
908441
908450
908455
908462
908490
908491
908506
908566
908584
908584
908592
908634
908638
908670
908676
908676
908698
908800
908802
908838
908845
908865
908921
908950
908975
909048
909121
909264
909265
909272
909274
909309
909315
909387
909493
909493
909499
909581
909600
909606
909610
909647
909683
909729
909735
909757
909773
909813
909824
909825
909864
909882
909883
909892
909959
909964
910085
910123
910123
910135
910151
910167
910224
910233
910246
910254
910266
910280
910281
910281
910290
910292
910296
910336
910506
910535
910545
910554
910555
910561
910626
910641
910650
910665
910699
910725
910763
910781
910792
910808
910881
910902
910933
910936
910962
910985
910995
911038
911046
911055
911083
911101
911212
911241
911291
911297
911314
911337
911345
911347
911431
911479
911484
911524
911536
911542
911557
911562
911575
911628
911644
911649
911721
911725
911738
911784
911819
911876
911879
911901
911902
911907
911930
911931
911938
911938
912018
912025
912061
912093
912096
912113
912134
912158
912204
912227
912228
912251
912283
912295
912296
912324
912344
912361
912431
912445
912471
912533
912540
912571
912585
912676
912737
912745
912799
912870
912883
912890
912903
912912
912980
912995
913004
913008
913015
913039
913048
913064
913092
913127
913137
913144
913162
913162
913162
913174
913256
913305
913352
913354
913368
913385
913427
913435
913451
913463
913497
913511
913517
913533
913539
913545
913572
913637
913660
913717
913724
913743
913780
913787
913802
914000
914012
914063
914097
914119
914141
914197
914263
914334
914373
914442
914454
914460
914484
914616
914626
914650
914769
914784
914816
914817
914850
914916
914926
914980
914984
915035
915088
915101
128081
128082
175257
178445
252123
252307
252325
252361
252645
252666
252704
376784
396956
397043
421025
424081
425210
452727
453002
453385
453756
454047
454105
454148
454156
454171
454213
454245
454308
454322
454372
454617
454680
455066
455477
463493
507826
512899
513585
513664
513792
514379
514580
515004
552008
648344
656302
678202
697467
698879
763954
764804
764892
796800
796847
796868
796870
796937
796945
801098
811951
813079
813103
818841
819471
819598
819619
819722
823467
826079
826909
829404
813103
454680
455072