1005550392161101115118744367
1005550392161101132728966566
1005550392161101132935614574
1005550390161013131109644304
1005550390161019053418994375
1005550392161101044105008538
1005550390161101124408193943
1005550390161031090452990625
1005550405161101123823392754
1005550326161031123946961063
1005550393161019141744512460
1005550405161101123142739914
1005550390161101011705134860
1005550389161030114929531363
1005550399161030143126154695
1005550390161029234740487057
1005550365161026114037263243
1005550399161030164711922128
1005550390161031070159065822
1005550384161022112233677423
1005550389161017125029779241
1005550390161101092957420312
1005550393161019151906613286
1005550383161026230542474795
1005550397161101060611622988
1005550385161101094634155219
1005550326161101041255109224
1005550389161018115932075747
1005550404161101095406287512
1005550372161101095759599583
1005550345161024104557615467
1005550397161101112346329509
1005550372161030134537584065
1005550365161030113317090972
1005550389161031110859482193
1005550390161029150859588441
1005550392161101114511843516
1005550345161024104751022288
1005550345161025124006242103
1005550345161024140007810687
1005550390161031152919757388
1005550390161029145842932066
1005550365161029025854603438
1005550389161031134623154184
1005550392161101110748770854
1005550389161101015421480579
1005550396161031110737325909
1005550399161031111650917534
1005550397161031112356328334
1005550399161101042158827074
1005550366161101043139607226
1005550390161031122350729077
1005550372161031112726616072
1005550390161101040833491978
1005550390161031155306970764
1005550392161101075940639882
1005550390161017075531541757
1005550390161101130134736449
1005550399161101065744832623
1005550390161101065914034530
1005550372161101015127729117
1005550390161014063058296547
1005550397161101143327946856
1005550375161102120656454392
1005550375161102121438365132
1005550396161024111908775920
1005550390161017081443860082
1005550390161018020344512863
1005550390161026123842052210
1005550400161102034014466692
1005550385161031061209662775
1005550341161026150137780363
1005550372161019123658298420
1005550390161016034232925298
1005550365161031152317940166
1005550397161102082446098246
1005550390161014123011215744
1005550390161101044352460051
1005550375161102132142880738
1005550365161026065712158843
1005550372161101091906952901
1005550375161102122840655565
1005550365161102102007012035
1005550375161102141511512231
1005550402161027130619372658
1005550405161102015230610506
1005550345161029060114382364
1005550391161030055326652498
1005550392161102033742139447
1005550392161101142718176284
1005550390161101113143883971
1005550375161102133008917432
1005550372161029163051256665
1005550390161102072555248178
1005550390161101064901544397
1005550354161102011207099063
1005550390161102032113578561
1005550390161102032034222968
1005550397161101141910051257
1005550396161101141944116460
1005550390161101143335549710
1005550390161102131508879810
1005550375161102044257136667
1005550390161103081807031659
1005550399161103071843081792
1005550395161103041344846102
1005550391161017033723887528
1005550345161101011209206404
1005550405161103081420407067
1005550394161103055437459126
1005550395161102083934304835
1005550394161103115005046161
1005550396161102083116304918
1005550390161017111617084357
1005550372161103022315394172
1005550390161029155943517911
1005550400161101080909839755
1005550406161103113056823500
1005550395161103055027508282
1005550390161102054022882307
1005550168161027060402420993
1005550390161031075731876585
1005550405161103091235837132
1005550405161103124438984910
1005550390161102133536868031
1005550390161019064408867808
1005550372161029101555664514
1005550385161101120642980239
1005550405161103094024245014
1005550395161022023355904763
1005550394161103102629415912
1005550345161025132220848099
1005550390161028121653357211
1005550397161103025515982572
1005550348161103134856627603
1005550372161103132142314623
1005550390161101103328580335
1005550372161103004322936199
1005550396161103004517752953
1005550345161103003735616581
1005550391161103004008096902
1005550402161103004217486076
1005550390161103052440174790
1005550390161030160238160443
1005550402161030003923852431
1005550375161103024457236847
1005550405161103075036798371
1005550395161103074701862053
1005550390161104123422699828
1005550365161104112217280588
1005550372161030162651186771
1005550365161104150612102898
1005550365161104121824713574
1005550365161103115231569916
1005550365161104011156966517
1005550390161019132156298318
1005550365161104110353350721
1005550365161104110525557778
1005550365161103120116722681
1005550365161104110531014527
1005550390161104104455148208
1005550365161101013627445125
1005550400161103230445553380
1005550365161104121113870715
1005550392161102064750615085
1005550365161104104549046626
1005550375161102225523545699
1005550390161104111325202489
1005550406161104013230417657
1005550365161104034655434419
1005550390161104141333907005
1005550405161103112600514232
1005550374161104101858859409
1005550408161104144657371274
1005550396161103120224259324
1005550365161104124813655603
1005550365161104031226589199
1005550365161104110228612434
1005550390161030160112114799
1005550390161104134916043172
1005550365161104110546855770
1005550365161104133026077011
1005550402161027232015438231
1005550390161016011727930543
1005550395161103053536800230
1005550405161103140837799446
1005550405161103142136638982
1005550365161104114926695177
1005550390161104062206453533
1005550365161104044406501882
1005550365161103125303230574
1005550390161029144800751484
1005550397161103124914609501
1005550393161029072343712842
1005550365161104061609018379
1005550365161104075049363284
1005550395161104004207158824
1005550366161101114421587544
1005550365161104145640097594
1005550395161103043103059152
1005550326161103115827522954
1005550372161101160447502019
1005550365161104074755665577
1005550405161104113148724762
1005550375161102124101809732
1005550396161103132750871419
1005550390161101045434385685
1005550400161103092011764114
1005550390161104114537956208
1005550383161104114707186076
1005550390161031145651466324
1005550365161104014108040652
1005550365161104035215685875
1005550390161028085937997635
1005550390161104103838477101
1005550390161104052815238565
1005550397161103133429627555
1005550397161104030640574355
1005550408161104124052465419
1005550365161104111450821224
1005550394161104031742889698
1005550390161102073252522233
1005550397161104122146815964
1005550365161104110524544671
1005550405161103160043993914
1005550405161103160043993914
1005550389161104085355149736
1005550393161027122425754624
1005550396161104124747938034
1005550390161030100502420203
1005550408161104234133121123
1005550406161105064206518669
1005550408161105011957088125
1005550385161105012754305480
1005550405161105052429823075
1005550374161104130355779109
1005550390161029093026452449
1005550405161101122332215027
1005550408161104154005703113
1005550374161105135003443217
1005550406161104154724861429
1005550345161105133201403702
1005550365161104124750346621
1005550396161105033402775065
1005550395161104134244698676
1005550408161105035029062310
1005550348161105115641522430
1005550365161105005013081439
1005550372161105005246799349
1005550354161104151951923688
1005550365161104235315310326
1005550408161104235502625134
1005550390161029114934719898
1005550385161103060601783600
1005550348161105143642133915
1005550385161105022425927531
1005550375161102152955395790
1005550385161105110447721022
1005550385161105110418102645
1005550372161104080051122407
1005550397161105050952667886
1005550372161104010554309511
1005550395161105134301375410
1005550385161105120448673541
1005550390161101093337377212
1005550348161104232729457320
1005550396161029120628918971
1005550385161105122845242380
1005550406161106062838017096
1005550408161105103602809752
1005550395161106093814914001
1005550396161102091714503591
1005550390161105083855552408
1005550390161105085831493196
1005550390161105092119562243
1005550396161103145806681216
1005550365161104114031668177
1005550365161105053901425403
1005550372161106103310726522
1005550395161106030724754468
1005550354161106091236709358
1005550394161106140626058682
1005550390161105033951555276
1005550390161104092358547867
1005550365161106011038190342
1005550395161106023612211020
1005550385161105142038276615
1005550392161106093341384150
1005550390161106082905310592
1005550397161106105517921470
1005550348161106112305990799
1005550390161020080407735031
1005550406161106031645676431
1005550405161106030205863825
1005550390161105035949813259
1005550372161104130408630013
1005550385161105143544278200
1005550390161105031851330582
1005550395161105154000644929
1005550365161104113120255652
1005550372161106005934182727
1005550390161106025016601651
1005550384160927145426761890
1005550390161101034233555377
1005550392161106133704346525
1005550372161106124844324669
1005550372161104121146855418
1005550345161106034514392564
1005550390161106034909710440
1005550372161106035006824431
1005550365161105153446165287
1005550390161106010616634930
1005550389161103070428197296
1005550390161105102542358043
1005550365161021134522483524
1005550405161106223654598046
1005550365161104111643377935
1005550405161107025027909454
1005550365161104125038456606
1005550348161107015504868456
1005550402161106110955919275
1005550408161106103627690558
1005550390161106232053444069
1005550374161106141103711870
1005550390161107050711531701
1005550402161107042405303143
1005550390161107045107999169
1005550390161106122910223216
1005550402161107025732021377
1005550396161107024845350694
1005550397161106101619303868
1005550390161031100203374136
1005550365161105103227521188
1005550390161027084812106456
1005550396161101113206393422
1005550408161104151008654076
1005550390161029053237029382
1005550395161107042753332187
1005550390161107051628648310
1005550372161107045956110336
1005550408161106020552543191
1005550390161107065856265468
1005550396161103013916698979
1005550384161008111702021302
1005550345161107072809047782
1005550348161107075418335510
1005550348161107054324734701
1005550348161107052128543736
1005550390161101120651158577
1005550406161107080930497909
1005550408161106065003397722
1005550395161107075743757460
1005550390161107082356065304
1005550396161107080639199091
1005550395161107043818890680
1005550390161107093438820445
1005550396161107082824307171
1005550390161105110506863183
1005550326161104154239050444
1005550345161107111427556881
1005550348161107111141345781
1005550390161107115231686915
1005550390161107130539597586
1005550348161107134054306497
1005550348161107104707758662
1005550372161107110748333483
1005550365161102131717431746
1005550365161104120844696226
1005550409161107125015599943
1005550409161107125940764933
1005550374161103015753057779
1005550390161014092513137955
1005550408161105012247904066
1005550409161108032125155436
1005550390161108035036766153
1005550372161103140950163494
1005550326161107133746764829
1005550405161107160843754947
1005550395161107143905136129
1005550409161108061825084625
1005550390161108053050397319
1005550365161104111031988309
1005550348161107154927645830
1005550348161107141507345183
1005550365161108050809740118
1005550348161107130039545750
1005550390161104101509710198
1005550409161108041734960338
1005550385161107132554788428
1005550365161107144810925521
1005550390161103130839990368
1005550365161102130738374915
1005550390161108082632246564
1005550390161029114032588851
1005550366161107133512345464
1005550402161108062416751726
1005550390161103075600997058
1005550365161104135102922981
1005550400161031151310645943
1005550372161107135337069840
1005550396161107135603067679
1005550409161107113607387061
1005550374161106040807959800
1005550392161107131715944798
1005550396161102234910345694
1005550409161108005747668269
1005550402161104050836545275
1005550396161101083158585056
1005550390161108102446316131
1005550411161109045351738616
1005550390161109062430079572
1005550390161108122208419099
1005550390161107122140010922
1005550409161109000911839251
1005550168161109063931640813
1005550397161107105706709778
1005550390161106231218008437
1005550348161107113144535943
1005550409161108122012693751
1005550409161109064503996470
1005550409161109064045009260
1005550402161103141218546184
1005550365161104124129921117
1005550390161103131417555637
1005550365161107040947383900
1005550372161109052704184795
1005550400161106224329172179
1005550390161016135056628808
1005550341161109083531517844
1005550372161108104637632627
1005550390161102121626713752
1005550390161102124557919480
1005550400161030105841984063
1005550397161109074829225676
1005550390161109102002370546
1005550396161110003441824125
1005550400161103015210875470
1005550410161110071622744286
1005550390161109103244056038
1005550410161109131612248586
1005550341161109131303963383
1005550326161108124104640651
1005550365161108044140558554
1005550341161109123939179288
1005550390161109001034073301
1005550406161108092631795266
1005550345161103043555923492
1005550345161109111316811398
1005550372161110062347690539
1005550391161110063809109217
1005550365161110082340017516
1005550375161109110611816481
1005550390161014073908867783
1005550326161108123814507841
1005550410161108122522250034
1005550390161105034158237736
1005550168161109063726384372
1005550410161109101231794210
1005550411161109120930622284
1005550341161109130300042237
1005550397161108093426358174
1005550341161109144614470054
1005550397161109111322492944
1005550341161109124307484597
1005550341161110005935637438
1005550365161108075039689692
1005550348161110051715201891
1005550341161110073902482338
1005550345161110074303561324
1005550345161110074506657625
1005550402161106142159372856
1005550392161110091914535380
1005550390161107144730586389
1005550372161107123527404840
1005550341161109124011254105
1005550390161102070532989451
1005550341161109135819066688
1005550365161110073217839501
1005550410161109113828393737
1005550366161109232709611929
1005550366161109232517343324
1005550405161107142841689038
1005550396161109131506824369
1005550397161110150107240468
1005550405161109132622436972
1005550411161110023648884901
1005550385161110023122405484
1005550375161109114033124732
1005550396161106141136357263
1005550390161109132211730424
1005550390161109132903257562
1005550390161109133124903440
1005550375161111020937553801
1005550390161110160639619927
1005550348161110151422057059
1005550402161028032714236764
1005550405161111005312571325
1005550326161111004137075962
1005550390161107124958334089
1005550341161110001047871187
1005550397161111011214822569
1005550410161110175826900473
1005550410161110180020320664
1005550390161106090919241417
1005550365161110103846601739
1005550410161110234358552498
1005550365161110221016775919
1005550365161110220835442951
1005550365161110221717535348
1005550397161111003113502553
1005550411161111011010013615
1005550348161111024526513528
1005550390161106131101639879
1005550397161109135717095443
1005550390161110063346581186
1005550390161110014956472843
1005550390161105001546151268
1005550411161111031544591016
1005550365161106114938506038
1005550341161109133815320226
1005550406161110150103511002
1005550409161110160314272388
1005550375161110160924854652
1005550366160924123749490643
1005550390161109125923820777
1005550413161110235046271058
1005550409161108080749131330
1005550365161104125852501359
1005550390161109121704025861
1005550345161110080729447115
1005550390161105060152847344
1005550390161110064835218149
1005550390161111003721025714
1005550390161111003819481508
1005550390161111004036856086
1005550390161111004716689084
1005550326161111025852105014
1005550326161111030855461984
1005550372161110123908910826
1005550390161111011314391780
1005550390161111011157526084
1005550348161111024431405392
1005550396161106095132255554
1005550390161111010753694421
1005550326161110235957883390
1005550326161111020809766110
1005550411161111020844351046
1005550390161111032601840192
1005550390161111010751848525
1005550389161110141432099133
1005550411161110145838728434
1005550390161105110549397242
1005550390161105110651663468
1005550390161110061643485556
1005550390161111005421195826
1005550390161106121000747772
1005550390161107120836699000
1005550406161105024347889290
1005550390161107150959274093
1005550392161111081153075478
1005550392161111032622027174
1005550390161105081219810964
1005550345161111174101569343
1005550411161109130937726786
1005550341161109122616587752
1005550389161111151953463490
1005550389161112073938295782
1005550326161111005715593728
1005550405161112010443279943
1005550365161111085718667852
1005550409161110171606487335
1005550390161107004600582634
1005550341161112024553522410
1005550411161112024629634463
1005550390161109010845859515
1005550390161104140107848279
1005550410161111065620133938
1005550341161111090726421541
1005550341161110201438785255
1005550399161111144112212644
1005550396161101040113033571
1005550341161110171012387286
1005550411161111155743444510
1005550372161110160305308367
1005550365161110230748328852
1005550410161108121039701535
1005550410161108121039701535
1005550411161109112959860944
1005550372161110174534307588
1005550390161110124258599375
1005550365161111113654509953
1005550372161112110854275577
1005550405161111060237233428
1005550326161111032916781992
1005550341161111131325735944
1005550390161107032925547132
1005550365161111065226858378
1005550365161110223614191051
1005550365161110224411953551
1005550392161101142927131305
1005550395161111135516002832
1005550341161110183111708321
1005550341161111013230581736
1005550341161110162704051465
1005550385161111052202574727
1005550390161111030451268394
1005550341161110160011123629
1005550385161110160205617372
1005550351161110160840220828
1005550400161110161235881924
1005550404161110161315467601
1005550341161110161520937387
1005550372161110162450324167
1005550341161111091022055211
1005550390161104104618940196
1005550341161111022658662720
1005550390161107122654525757
1005550326161112060906380375
1005550409161113040333109016
1005550397161106122924295615
1005550397161108090013504522
1005550413161112111434846530
1005550345161113062029703402
1005550406161110123800365123
1005550390161102070603907752
1005550409161110063036528484
1005550390161104122257758416
1005550341161110234021352416
1005550409161108083401817188
1005550345161110161105321493
1005550390161111063700092501
1005550413161113103333516913
1005550341161113104110334719
1005550383161113104720059503
1005550392161113105202294038
1005550396161113104306046982
1005550400161113105053078459
1005550390161105100711597255
1005550390161107084526991931
1005550365161112100701355045
1005550390161104124638086086
1005550341161110165330353044
1005550348161112083428109490
1005550396161112091503889819
1005550341161111025429412342
1005550341161110164935505120
1005550389161111141159663944
1005550390161107025712790641
1005550392161111152118349093
1005550390161112004248532963
1005550372161110011316042091
1005550390161113043024598559
1005550365161021134522483524
1005550365161110232022850479
1005550390161107122627525640
1005550372161108082841380215
1005550409161108113403568871
1005550365161111130112855139
1005550345161113235556564346
1005550390161104105534044966
1005550409161109023956768800
1005550411161110061438040010
1005550390161110230636010199
1005550168160819042049832260
1005550410161109104713708595
1005550390161113142133230271
1005550385161107121306749707
1005550390161110160321155280
1005550372161114075754396728
1005550341161111102150290307
1005550390161111065514047766
1005550409161108122333021207
1005550409161108070215918474
1005550390161114095518861849
1005550413161113123612239726
1005550390161114054752493243
1005550365161111001552877641
1005550405161102133602140634
1005550389161113204627817174
1005550365161113025908598275
1005550345161113235042010584
1005550326161111095802165575
1005550341161110161708342891
1005550341161115101121296938
1005550406161113112823671484
1005550390161020092503776913
1005550341161111022415946727
1005550390161104113017886030
1005550390161104135532517636
1005550365161107074709687025
1005550341161110160623720332
1005550405161107115858995104
1005550395161103074616171089
1005550409161108142206507796
1005550345161111025721361453
1005550395161022143924851166
1005550416161115131250698163
1005550411161110085009371468
1005550390161115023622122447
1005550372161115025309825964
1005550415161115011407329317
1005550365161115041019466244
1005550390161114125012249645
1005550345161113110651423208
1005550390161104164458240805
1005550341161110160903687020
1005550409161112142831054639
1005550390161113034239978015
1005550390161110161523992177
1005550390161110161409646337
1005550416161115114434497454
1005550348161116011637963970
1005550409161108102423352859
1005550365161108102551415271
1005550390161116082905190526
1005550397161114134417243235
1005550390161115100606072307
1005550390161115234637653515
1005550396161115131634528019
1005550348161116032121230984
1005550396161115205413487781
1005550396161116071612235562
1005550416161115114657291458
1005550396161111102902089016
1005550416161115142955112168
1005550385161115152522412824
1005550390161115021722046620
1005550326161115104947350760
1005550390161116043637840549
1005550390161116051149176458
1005550390161116041357184211
1005550416161116043156618351
1005550406161115230152106787
1005550409161108142639031128
1005550409161109051141291859
1005550375161116131804803833
1005550366161116033410929787
1005550416161115131911604272
1005550396161116060443698846
1005550400161115113715639794
1005550391161115093518390846
1005550390161116041222460308
1005550416161115134626066704
1005550395161116033647046622
1005550390161116040555492894
1005550365161111150910446941
1005550345161109014626585716
1005550411161109131834038414
1005550365161116023408557721
1005550396161115015936796985
1005550365161111043338180657
1005550390161117080543754625
1005550372161116071814703745
1005550409161113101919157022
1005550365161111141818994011
1005550396161117121606215475
1005550390161117130043042665
1005550390161117131508664456
1005550396161111050127354390
1005550390161105093954082074
1005550390161117103748952843
1005550406161107145858636353
1005550390161116050942394924
1005550396161115122326620619
1005550416161116000450488582
1005550396161115013732448292
1005550410161111063821076230
1005550410161111063632348274
1005550390161115022306168772
1005550372161115105404814737
1005550372161111022655615420
1005550390161116100530744877
1005550326161116102135040659
1005550168161114083922963371
1005550410161108120104033375
1005550410161108130306233355
1005550390161111115205511190
1005550326161116134857436122
1005550390161115014449649456
1005550397161117121651206085
1005550372161117065341212475
1005550409161108054901323635
1005550390161110160552309501
1005550390161102083336211333
1005550397161116112827897224
1005550365161111094314273625
1005550390161117075850164055
1005550390161117083157081637
1005550413161116124741874517
1005550406161117024125110282
1005550410161109041805128638
1005550365161104122711784123
1005550396161115134947778872
1005550409161111141925621178
1005550416161116143849552411
1005550413161116223658937713
1005550410161109144142624648
1005550365161118053314137231
1005550409161115143252552759
1005550390161116020347945477
1005550416161116082208370445
1005550409161118021323019157
1005550414161118091228283944
1005550397161117120406097735
1005550418161118132924716672
1005550411161116004325906487
1005550372161118111918008242
1005550395161117115504241847
1005550390161107105908981898
1005550390161117075653641540
1005550397161118135051975826
1005550418161118113759776613
1005550411161118053338474291
1005550341161109125635742036
1005550402161106134028867376
1005550418161118103934108620
1005550390161116072343801720
1005550392161117121023325461
1005550405161117154115572575
1005550402161107151306609841
1005550418161118122659303433
1005550365161118122947901802
1005550390161118085326054325
1005550326161111112632028002
1005550365161118062528798679
1005550418161118122702013380
1005550397161117103221870374
1005550390161118083029676864
1005550392161118033431866775
1005550326161115005404540317
1005550409161109083805923969
1005550418161118135040296445
1005550390161108001907948590
1005550396161118053010027590
1005550396161117062922147524
1005550372161118142416581649
1005550402161107151240937858
1005550390161117153233796377
1005550326161110071445251509
1005550385161118120556078864
1005550418161119034619929648
1005550390161117112939736473
1005550365161118022957710830
1005550390161119114909367910
1005550341161112152429117205
1005550390161119065903439956
1005550396161114013709444138
1005550411161109124553379057
1005550390161114090614589133
1005550345161117131547442640
1005550341161118075439675939
1005550389161116021442614300
1005550365161119003112649846
1005550365161119142500459278
1005550390161120005336603020
1005550365161119094851198821
1005550406161119044401518854
1005550396161117083813857041
1005550372161120041721861527
1005550354161120091636863201
1005550390161106145628968900
1005550365161119140632030206
1005550365161120104738959744
1005550348161119115958762714
1005550365161120004347677651
1005550372161120044856861368
1005550413161111005316597321
1005550396161119072530528664
1005550390161119150458639783
1005550411161120102156963300
1005550409161119075440097629
1005550396161117152327949118
1005550409161112065756199737
1005550365161119112517530414
1005550409161119024015920382
1005550395161118091112665646
1005550326161109105004574381
1005550411161116071748694689
1005550390161114084840732945
1005550390161117120532262253
1005550372161120044920715546
1005550397161117115345196740
1005550390161107135026020285
1005550402161111125746292217
1005550406161120090546127804
1005550409161119043339561917
1005550397161119111647931927
1005550411161119021519490319
1005550411161119082653879757
1005550372161119133320968716
1005550390161118131218797475
1005550390161118010920766186
1005550365161111094824904945
1005550326161119051202231834
1005550396161120114642117257
1005550409161112005716861043
1005550417161119082133763441
1005550409161120145524955898
1005550409161120152203142792
1005550365161120135413298341
1005550411161121082620124051
1005550409161120153615755004
1005550390161110231226542331
1005550416161120232014757814
1005550411161118004459944646
1005550409161120153150539419
1005550390161108050044884271
1005550409161120153450015980
1005550397161121010421293233
1005550396161112021008505686
1005550390161120155707322080
1005550372161119131934706606
1005550416161119140727241212
1005550416161120135508305681
1005550365161120025623478509
1005550402161109134357925110
1005550396161120111132200023
1005550396161121082533955161
1005550405161121052426826245
1005550409161120153013452801
1005550416161119232308044361
1005550390161121014110251464
1005550341161121072844675737
1005550326161107093440583445
1005550341161121115443240798
1005550365161121032548076718
1005550365161122095449916627
1005550365161116000902589790
1005550390161114095631245067
1005550375161122075601581644
1005550390161118125119389642
1005550390161119101135579241
1005550396161120045812707395
1005550365161114122250760980
1005550326161121132800634846
1005550326161121133503554850
1005550390161119083154779078
1005550365161114105739569424
1005550372161117004016042745
1005550372161122014228577587
1005550390161122093859851051
1005550372161121122921330134
1005550348161121111109467538
1005550390161117091645625488
1005550390161118034713240220
1005550409161122141946819287
1005550392161108135157242063
1005550390161122101809161075
1005550345161122042214066797
1005550421161122131853997887
1005550411161120144335670030
1005550390161122051245984452
1005550402161122142045764716
1005550416161116144857131339
1005550375161118142300547227
1005550390161117052206899564
1005550365161117055115238944
1005550365161115141457784454
1005550410161122053120623116
1005550365161117063042414340
1005550365161122092222592596
1005550413161121151754546522
1005550385161118123501896562
1005550418161122074551697950
1005550420161122074639762005
1005550402161106034840505246
1005550365161111120053676000
1005550365161111233109470617
1005550390161114062358946853
1005550421161122110235084158
1005550390161118064117955886
1005550390161122024741601315
1005550390161120093508925696
1005550365161121030843924742
1005550420161122024758935988
1005550372161121122943264885
1005550390161122061946386044
1005550396161122123019767570
1005550390161117114329026731
1005550390161114071255155117
1005550416161121232529284282
1005550399161119085651729408
1005550365161115113152262504
1005550390161106021815667750
1005550365161115115930093585
1005550390161122095329877545
1005550390161120153724994996
1005550365161117114603119104
1005550372161123073421294518
1005550345161123005223607434
1005550365161123065424621420
1005550365161115125225885475
1005550365161116133918444713
1005550365161117051157956872
1005550365161111101218470145
1005550375161122040954658950
1005550396161117110449052417
1005550354161123054326668646
1005550390161123054618255188
1005550365161123054707511341
1005550390161122234341980382
1005550372161116125258211042
1005550396161116131105318988
1005550365161117043428360606
1005550390161123071942626488
1005550168161123083717018178
1005550168161123085636187369
1005550365161115105243410393
1005550345161110050201583609
1005550326161119044152465308
1005550372161117014957547422
1005550326161119040808994942
1005550409161123071107535745
1005550409161123071741519872
1005550409161123075014424202
1005550345161110095854987147
1005550345161111111316932897
1005550365161115124545646593
1005550390161123015158977966
1005550418161121130549908028
1005550390161118145312187474
1005550365161120130756667662
1005550390161122113051202560
1005550365161118124027452899
1005550365161116122418359628
1005550390161120072737648033
1005550419161123035543008501
1005550411161122230055554621
1005550421161123010532958192
1005550365161116002447637143
1005550390161122141126949242
1005550390161123040407766021
1005550420161123041643502522
1005550390161122150703470379
1005550390161120014328744448
1005550326161120113642098272
1005550372161121124121883372
1005550421161123031202603105
1005550421161123031133641722
1005550421161123034154851460
1005550421161123031311404633
1005550421161123034032376441
1005550421161123034123287429
1005550421161123034055826856
1005550421161123051536141138
1005550421161123011841798025
1005550390161122153148990881
1005550411161123070723998786
1005550365161109085806092440
1005550411161124133644762440
1005550421161124011148682846
1005550390161123022043933332
1005550390161122141314088587
1005550390161124121105636473
1005550326161121024928917259
1005550326161122000255818645
1005550365161118014234545638
1005550396161109042444333299
1005550396161109043824254492
1005550390161119075740342408
1005550421161123092450832204
1005550413161124132050976517
1005550365161111125323118248
1005550365161122082956961123
1005550365161122083934705896
1005550390161123141251799001
1005550390161121010903485931
1005550390161117064645607735
1005550345161111024856157307
1005550413161121023254757548
1005550397161123111946850513
1005550365161117114805229295
1005550345161113092759521491
1005550390161124013854215846
1005550365161111091203261282
1005550390161124030852287503
1005550365161111121752859041
1005550345161115044351923851
1005550390161118234111494478
1005550372161118173005799222
1005550365161120034214162642
1005550390161122141613268703
1005550390161119134903611452
1005550396161124063847502019
1005550390161111001101262450
1005550372161123044004331404
1005550390161119072628445298
1005550421161123122417456221
1005550390161117080752884413
1005550422161123122416545580
1005550390161123223225852648
1005550345161120021910104799
1005550354161124053735119569
1005550390161123113307749950
1005550391161124140233726798
1005550391161124140417401120
1005550345161118093902832699
1005550390161119142656633748
1005550345161118075349224179
1005550390161119030039789457
1005550390161111012400889827
1005550390161101134227638871
1005550345161121095553921511
1005550390161107112527782056
1005550365161111130352116273
1005550396161117004511315028
1005550396161117004650398650
1005550390161121134054422481
1005550390161124111402583495
1005550408161124111618410195
1005550390161120161402298559
1005550372161122031611609893
1005550418161124060246848405
1005550345161117012935860302
1005550365161116111918001620
1005550390161123235108042202
1005550390161123130627216539
1005550345161115044405719657
1005550326161121025304966351
1005550390161119230150818201
1005550326161122115834518583
1005550421161123152618457498
1005550365161116141156225735
1005550397161123130434937282
1005550421161124055719334873
1005550390161124073121422705
1005550391161124045133193227
1005550416161123145041449361
1005550390161124071244287814
1005550365161114021104788592
1005550390161120083840192498
1005550421161123075412802138
1005550365161111115522839487
1005550372161107151649960750
1005550390161125080423835261
1005550390161125080453762698
1005550425161125122449732421
1005550421161124120144567366
1005550396161117065944678721
1005550390161122103547338345
1005550390161125055147398795
1005550397161112101833309540
1005550396161116114010146005
1005550396161116124120860421
1005550365161119093847632602
1005550354161125072809798037
1005550390161125033755750961
1005550390161122105243445541
1005550411161124150019147474
1005550390161124020356388849
1005550346161124092728674919
1005550402161125065427507045
1005550390161124012708049172
1005550411161125004441972921
1005550390161124000148259957
1005550372161125033327303400
1005550345161117125018741355
1005550416161125113436865595
1005550390161125064656553804
1005550409161120155127762305
1005550365161123111646742796
1005550397161114102910788932
1005550390161125071549409634
1005550390161125021739076150
1005550390161125022423331737
1005550409161122143426045053
1005550390161124054939754225
1005550390161125041702589285
1005550409161121155941068583
1005550425161125125759485142
1005550390161124105002015521
1005550390161117110314816894
1005550390161125065511956610
1005550396161125090114940900
1005550372161124121626944431
1005550345161118042016039902
1005550425161125112433589470
1005550348161125055026852228
1005550390161122112259963502
1005550345161125014738870388
1005550390161125015226265253
1005550390161125022550249058
1005550390161125042252007302
1005550345161118034830249833
1005550372161114030429693085
1005550390161124223321698645
1005550390161124032705949210
1005550396161125054136302637
1005550390161124223618827925
1005550390161124090202057793
1005550345161117122658217046
1005550372161125000229893624
1005550396161125003611571186
1005550390161125011210630382
1005550425161125105945268918
1005550425161125110036738190
1005550425161125110304787779
1005550425161125110414150816
1005550425161125110335846339
1005550425161125110111370737
1005550425161125110154464293
1005550425161125110225667399
1005550390161118083400636006
1005550421161124121549372377
1005550390161125031009552724
1005550365161125092753972293
1005550390161124110242431647
1005550372161124161609330112
1005550420161124163620735602
1005550396161125003328363494
1005550396161124112520640884
1005550392161019125249064182
1005550416161116152006542273
1005550409161120153058227440
1005550390161125052916727341
1005550390161110130139940435
1005550424161125084009408680
1005550390161124065325979416
1005550390161125041355634428
1005550424161124132135039640
1005550390161125100723946828
1005550396161124224947414994
1005550372161124225023788618
1005550415161125021500205758
1005550415161125032702206636
1005550425161125130153680270
1005550396161113112857407808
1005550365161125053033940654
1005550391161125064757974858
1005550395161121114014785753
1005550390161115022842879423
1005550390161123150528568649
1005550365161110033256269080
1005550397161117021608823714
1005550372161125004106973843
1005550390161118031056932242
1005550424161125054051044756
1005550390161125024436966544
1005550397161125065940420237
1005550406161125032459476521
1005550372161124142211109278
1005550345161117144846098477
1005550372161125025842058537
1005550365161125021634827037
1005550395161125010439770220
1005550424161124234704284033
1005550420161125001230898486
1005550396161125013152052117
1005550420161125042505448548
1005550390161124021106951237
1005550372161125064556001809
1005550424161125011037794561
1005550397161117033832807468
1005550397161122123711297327
1005550345161117133408267391
1005550345161117133224181772
1005550345161118015645264029
1005550390161125084349903529
1005550390161125052157673209
1005550390161125052734073539
1005550390161125083828718919
1005550345161118011636155985
1005550390161122051810094481
1005550390161124052521157797
1005550390161124220001858438
1005550365161124143412462426
1005550390161124143507897706
1005550390161124090652845088
1005550345161124083302732084
1005550390161124051436114006
1005550390161124021355229728
1005550390161125061958439513
1005550390161124023238376149
1005550390161125060233504500
1005550397161124092324308757
1005550392161125113356785802
1005550395161125035318447317
1005550390161124085916496735
1005550390161123045624843270
1005550354161124231015515994
1005550354161124230844069164
1005550391161125002222016738
1005550424161124111701107461
1005550345161118040347809757
1005550390161125083701194279
1005550390161125092552578286
1005550372161125103602324270
1005550326161125005818131206
1005550390161124174657805340
1005550390161124032021731020
1005550390161124144207109005
1005550408161124102522332963
1005550390161122130607318489
1005550406161125030345695387
1005550411161120060938714109
1005550390161124121245477505
1005550365161111095019749932
1005550365161111095950356766
1005550390161124083438239564
1005550390161125085558769543
1005550390161125115557984706
1005550424161124123223849314
1005550390161125054740941525
1005550424161125104831672894
1005550396161125034114796420
1005550396161124235416722662
1005550365161124235244040351
1005550326161124235603987553
1005550405161125150942621734
1005550397161125152616219248
1005550405161125152924277172
1005550396161125142320945081
1005550390161118120247851924
1005550396161125134858964769
1005550365161118122853312159
1005550326161125155945216530
1005550372161119130253068192
1005550396161116092620034147
1005550390161125034157987727
1005550390161125154546015777
1005550421161125080138687594
1005550390161125033620112581
1005550390161125142414302174
1005550425161125134921696650
1005550396161125054029688988
1005550390161125050622004052
1005550345161117124842046436
1005550345161118032906099933
1005550411161126032930374697
1005550390161121014823960342
1005550390161125054149886927
1005550400161125085319473862
1005550425161125122249896343
1005550390161123142055482186
1005550372161124164149039935
1005550425161125121852594181
1005550345161120223248240551
1005550372161125053101337092
1005550365161125134955888737
1005550397161110030950798292
1005550390161125122018139708
1005550390161125134046458189
1005550397161117010154738004
1005550396161125124933820074
1005550390161122065300898324
1005550390161126072545332511
1005550389161125121102613499
1005550341161107075159859445
1005550345161117130304802898
1005550416161125143656477353
1005550390161124000950386672
1005550418161125145143308637
1005550397161120025630940868
1005550397161126050026787635
1005550425161125124252407628
1005550385161125124218968946
1005550372161125124306042840
1005550365161120123726238268
1005550390161125134000250250
1005550425161125122233098022
1005550345161118032133934639
1005550390161125094121127566
1005550390161125035909875065
1005550390161125140400279203
1005550400161121104950876581
1005550425161125113137247563
1005550390161125131635790157
1005550390161125131500963727
1005550390161125131611290161
1005550409161125153134373170
1005550409161125153114122688
1005550409161125153033408647
1005550409161125153220305541
1005550409161125155829439383
1005550409161125152953830684
1005550409161125153053055880
1005550409161125153241172920
1005550409161125153704836548
1005550409161125155849258373
1005550409161125155907560961
1005550409161125155744542733
1005550409161125155805670248
1005550409161125155939205180
1005550409161125155924325421
1005550409161125155957166090
1005550390161124043650394932
1005550396161122092557284743
1005550409161126155802567620
1005550390161127123355098661
1005550390161125131520261889
1005550409161123121816259212
1005550391161127052003230346
1005550409161108132549790718
1005550390161127043549246266
1005550348161125012424345277
1005550409161126151949085018
1005550409161107151555996639
1005550409161126155704081111
1005550425161127123302089160
1005550390161124051904856294
1005550409161108132519590444
1005550425161127090758755758
1005550390161126024528150947
1005550416161124235821886402
1005550390161125131543723866
1005550424161125030132874606
1005550365161122101850346795
1005550409161126155637011166
1005550390161126231306475335
1005550409161126155731509153
1005550372161126115203060361
1005550372161122050851847500
1005550396161109093408809973
1005550390161119231330379365
1005550418161127100905205574
1005550425161127023955390740
1005550425161127093908996786
1005550425161125124456941180
1005550425161125111930351418
1005550409161126155158763640
1005550411161125075856347461
1005550396161124082811706365
1005550397161110030751945598
1005550392161126083653656638
1005550390161126134125295195
1005550406161126103200000501
1005550425161125123844390366
1005550397161113012904640875
1005550396161123180907154737
1005550396161127091136165150
1005550390161127043249949709
1005550397161123063344372125
1005550413161125052604629171
1005550427161128143821026264
1005550406161122151630548241
1005550418161118104841948466
1005550422161128120417399656
1005550365161125150242162578
1005550425161128023723691889
1005550425161128025320186577
1005550411161127153233027178
1005550396161111233311983818
1005550365161125084419643113
1005550372161125025641831981
1005550390161125061628620024
1005550413161125101504816973
1005550425161128064057825356
1005550365161124065317270717
1005550390161123033831681130
1005550396161125000908845873
1005550428161129091603345784
1005550390161127153846259743
1005550385161129064638787064
1005550345161119060048623772
1005550397161119072342067397
1005550417161125010532747772
1005550385161128082530219782
1005550409161127154110590428
1005550385161128070849564234
1005550385161128091130926559
1005550326161124231106646258
1005550390161129064815923373
1005550396161123020150334844
1005550390161125144159360043
1005550425161128052220102331
1005550372161126030127517364
1005550425161127124746757659
1005550372161129062921503979
1005550416161128084123584528
1005550411161121065141244458
1005550397161123141248089136
1005550425161125122543257251
1005550391161128065737161959
1005550390161129015206367199
1005550413161125225134928656
1005550390161127005759968779
1005550390161127051128844747
1005550425161129103228446433
1005550372161129100754002487
1005550426161129101231837339
1005550424161125055828076893
1005550425161128020850169605
1005550424161124141251150950
1005550425161126141237336647
1005550375161128024400056112
1005550390161127092049105219
1005550396161116143139795449
1005550425161128074010915596
1005550365161128142300240937
1005550424161125061143432088
1005550390161114143624253882
1005550396161125083649627956
1005550396161123064719135748
1005550365161122003350949337
1005550425161125134941754480
1005550390161128071938023627
1005550390161128020019688116
1005550390161128021230230209
1005550389161120072653630249
1005550427161129030902279244
1005550396161125092916944148
1005550396161124064743954928
1005550396161124064803144429
1005550396161124083643468756
1005550396161124083615148055
1005550424161124222932866050
1005550396161125023945567617
1005550425161125111432776381
1005550389161128085736744427
1005550372161125131033626916
1005550385161128120519468676
1005550326161125113033512500
1005550390161124033616108525
1005550390161124040304607867
1005550396161120013205938964
1005550390161128045224974230
1005550365161124103027879661
1005550390161128040305380448
1005550427161128145201217930
1005550390161128014921082117
1005550345161125072126565030
1005550396161125124027278645
1005550390161122100443222282
1005550425161125230345396116
1005550345161128033018925571
1005550428161128140615385931
1005550365161121070423010913
1005550390161029124257486678
1005550390161127065247043712
1005550365161129101029061591
1005550390161126005655920636
1005550385161128073810920007
1005550372161129054728536311
1005550390161127010024017589
1005550390161130021655564061
1005550345161125091401212277
1005550426161129123659750694
1005550390161130080408476089
1005550425161129094009548481
1005550365161125063548314064
1005550428161130022624116338
1005550424161129070005291696
1005550425161127131259675120
1005550402161125065251335136
1005550426161129114412842588
1005550390161130061424812450
1005550425161130094852269231
1005550365161121122914247610
1005550426161129125037969259
1005550421161128151337633630
1005550421161128151523525097
1005550421161128151610486210
1005550421161128151444840087
1005550421161128152153374392
1005550385161129140250243098
1005550390161125095722653065
1005550390161129122543659185
1005550365161121075323116629
1005550365161122081349568073
1005550326161129100756986949
1005550365161122035246355829
1005550365161122050515425727
1005550365161121225943696539
1005550372161130030927520725
1005550326161125073935685857
1005550372161129141920349857
1005550372161124164827232142
1005550397161128134845666550
1005550426161130041922001988
1005550426161130031444758882
1005550396161117051543493027
1005550426161130063139386900
1005550390161127152604979906
1005550390161129015048456339
1005550396161126121854477670
1005550365161121025510995554
1005550365161122080428216181
1005550418161118095718743627
1005550390161125121416969973