1005550397161101112346329509,69.9
1005550354161102011207099063,49.9
1005550168161109063931640813,20
1005550341161109083531517844,92
1005550397161110150107240468,75
1005550326161111025852105014,79
1005550341161121072844675737,138
1005550390161123054618255188,89
1005550390161124030852287503,79
1005550428161130022624116338,79.85
1005550372161030134537584065,74.8
1005550372161031112726616072,39.9
1005550390161101011705134860,71
1005550390161031070159065822,94
1005550390161029145842932066,79
1005550390161031152919757388,79
1005550389161101015421480579,49.9
1005550390161031155306970764,79
1005550390161031122350729077,99
1005550397161031112356328334,75
1005550396161031110737325909,39.9
1005550399161031111650917534,55
1005550326161031123946961063,99
1005550399161101042158827074,50
1005550390161101040833491978,79
1005550392161101044105008538,115
1005550366161101043139607226,579
1005550390161101065914034530,71
1005550399161101065744832623,50
1005550404161101095406287512,155
1005550372161101095759599583,39.9
1005550390161101092957420312,79
1005550392161101075940639882,123
1005550399161030164711922128,55
1005550390161031090452990625,99
1005550326161101041255109224,514
1005550392161101110748770854,110
1005550397161101060611622988,70
1005550392161101114511843516,115
1005550405161101123142739914,184
1005550405161101123823392754,209
1005550392161101115118744367,115
1005550385161101094634155219,179.8
1005550392161101132935614574,115
1005550392161101132728966566,115
1005550390161101124408193943,109
1005550399161030143126154695,55
1005550390161101130134736449,99
1005550389161018115932075747,99.8
1005550393161019151906613286,74
1005550393161019141744512460,99
1005550405161102015230610506,209
1005550390161101143335549710,71
1005550397161101141910051257,69.9
1005550396161101141944116460,34.9
1005550392161101142718176284,115
1005550397161101143327946856,69.9
1005550390161102032034222968,91
1005550390161102032113578561,91
1005550390161101064901544397,494
1005550392161102033742139447,115
1005550375161102044257136667,49
1005550400161102034014466692,85
1005550390161102072555248178,71
1005550397161102082446098246,69.9
1005550390161101044352460051,91
1005550365161102102007012035,65.8
1005550390161102131508879810,99
1005550390161101113143883971,146
1005550375161102122840655565,109
1005550375161102141511512231,79
1005550375161102120656454392,84
1005550375161102121438365132,84
1005550375161102132142880738,98
1005550375161102133008917432,168
1005550390161029155943517911,356
1005550395161102083934304835,54.9
1005550391161103004008096902,90
1005550402161103004217486076,45
1005550390161030160238160443,79
1005550390161101103328580335,473
1005550390161102054022882307,91
1005550396161103004517752953,39.9
1005550345161103003735616581,79.8
1005550372161103004322936199,119.7
1005550372161103022315394172,39.9
1005550395161103041344846102,69.9
1005550375161103024457236847,109
1005550397161103025515982572,69.9
1005550395161103055027508282,59.9
1005550385161101120642980239,89.9
1005550394161103055437459126,233
1005550405161103075036798371,399
1005550390161031075731876585,99
1005550168161027060402420993,0.02
1005550395161103074701862053,54.9
1005550390161103052440174790,99
1005550390161103081807031659,77
1005550405161103081420407067,209
1005550405161103094024245014,359
1005550394161103102629415912,178
1005550390161102133536868031,69
1005550405161103091235837132,209
1005550394161103115005046161,148
1005550405161103124438984910,399
1005550406161103113056823500,58
1005550372161103132142314623,71.8
1005550348161103134856627603,128
1005550399161103071843081792,110
1005550365161103115231569916,65.8
1005550365161104014108040652,65.8
1005550397161103124914609501,85
1005550365161104011156966517,60.8
1005550395161103043103059152,107.8
1005550390161031145651466324,99
1005550365161103120116722681,65.8
1005550396161103132750871419,98
1005550326161103115827522954,117
1005550397161103133429627555,67.9
1005550405161103140837799446,547
1005550405161103142136638982,547
1005550400161103230445553380,85
1005550365161103125303230574,146.6
1005550405161103112600514232,184
1005550395161104004207158824,59.9
1005550406161104013230417657,104
1005550365161104031226589199,75.8
1005550394161104031742889698,148
1005550365161104035215685875,65.8
1005550395161103053536800230,59.9
1005550390161104052815238565,71
1005550365161104044406501882,85.8
1005550390161030100502420203,79
1005550390161104062206453533,71
1005550390161102073252522233,79
1005550390161030160112114799,99
1005550365161104074755665577,65.8
1005550375161102225523545699,79
1005550389161104085355149736,44.9
1005550365161104034655434419,75.8
1005550375161102124101809732,168
1005550405161104113148724762,209
1005550390161104123422699828,146
1005550390161104114537956208,79
1005550383161104114707186076,108
1005550392161102064750615085,113
1005550390161104103838477101,79
1005550365161104104549046626,63.8
1005550397161104030640574355,67.9
1005550390161104134916043172,109
1005550397161104122146815964,85
1005550408161104124052465419,118
1005550365161104110228612434,151.6
1005550365161104110525557778,65.8
1005550365161104110353350721,60.8
1005550390161104111325202489,71
1005550365161104111450821224,69.9
1005550365161104112217280588,69.9
1005550365161104110531014527,65.8
1005550365161104110524544671,70.8
1005550365161104114926695177,70.8
1005550390161104104455148208,79
1005550374161104101858859409,104
1005550390161104141333907005,79
1005550365161104075049363284,75.8
1005550408161104144657371274,118
1005550365161104061609018379,65.8
1005550365161104121113870715,114.8
1005550390161029144800751484,79
1005550396161104124747938034,34.9
1005550365161104124813655603,139.8
1005550365161104121824713574,54.9
1005550365161104110546855770,70.8
1005550365161104133026077011,54.9
1005550365161104150612102898,349.5
1005550365161104145640097594,119.8
1005550385161105012754305480,89.9
1005550408161105011957088125,118
1005550406161104154724861429,53
1005550408161104235502625134,106
1005550365161104235315310326,65.8
1005550408161104154005703113,106
1005550354161104151951923688,94.8
1005550408161104234133121123,106
1005550408161105035029062310,236
1005550406161105064206518669,53
1005550385161103060601783600,179.8
1005550405161101122332215027,359
1005550385161105110418102645,179.8
1005550385161105110447721022,84.9
1005550348161105115641522430,256
1005550374161105135003443217,116
1005550348161105143642133915,256
1005550396161105033402775065,79.8
1005550397161105050952667886,64.9
1005550405161105052429823075,389
1005550374161104130355779109,104
1005550348161104232729457320,128
1005550395161104134244698676,54.9
1005550395161105134301375410,107.8
1005550345161105133201403702,79.8
1005550385161105022425927531,89.9
1005550385161105120448673541,79.9
1005550375161102152955395790,84
1005550365161105005013081439,54.9
1005550372161105005246799349,34.9
1005550372161104080051122407,34.9
1005550390161105033951555276,91
1005550390161105092119562243,71
1005550390161105085831493196,71
1005550390161105083855552408,71
1005550390161104092358547867,71
1005550390161105102542358043,146
1005550408161105103602809752,118
1005550390161105031851330582,71
1005550365161105053901425403,64.9
1005550385161105142038276615,84.9
1005550372161104121146855418,39.9
1005550372161104130408630013,34.9
1005550395161105154000644929,107.8
1005550365161105153446165287,59.9
1005550372161106005934182727,48
1005550390161106010616634930,99
1005550365161106011038190342,59.9
1005550395161106023612211020,54.9
1005550390161106025016601651,79
1005550405161106030205863825,184
1005550406161106031645676431,58
1005550395161106030724754468,54.9
1005550372161106035006824431,39.9
1005550390161106034909710440,99
1005550345161106034514392564,39.9
1005550406161106062838017096,58
1005550390161106082905310592,91
1005550385161105143544278200,84.9
1005550354161106091236709358,54.9
1005550392161106093341384150,115
1005550395161106093814914001,59.9
1005550385161105122845242380,84.9
1005550394161106140626058682,148
1005550348161106112305990799,123
1005550392161106133704346525,115
1005550372161106124844324669,107.7
1005550372161106103310726522,34.9
1005550397161106105517921470,64.9
1005550390161105035949813259,71
1005550405161106223654598046,359
1005550405161107025027909454,209
1005550402161107025732021377,45
1005550396161107024845350694,39.9
1005550365161104125038456606,60.8
1005550397161106101619303868,69.9
1005550402161106110955919275,40
1005550408161106103627690558,106
1005550348161107015504868456,128
1005550326161104154239050444,117
1005550390161106232053444069,158
1005550408161104151008654076,106
1005550374161106141103711870,116
1005550390161107050711531701,89
1005550402161107042405303143,40
1005550395161107042753332187,54.9
1005550390161107051628648310,89
1005550390161107045107999169,94
1005550390161106122910223216,186
1005550372161107045956110336,34.9
1005550408161106020552543191,118
1005550390161107065856265468,158
1005550345161107072809047782,79.8
1005550348161107075418335510,512
1005550348161107054324734701,128
1005550348161107052128543736,128
1005550406161107080930497909,53
1005550408161106065003397722,106
1005550390161107082356065304,99
1005550396161107080639199091,79.8
1005550395161107043818890680,54.9
1005550396161107082824307171,79.8
1005550395161107075743757460,59.9
1005550390161107093438820445,71
1005550390161105110506863183,71
1005550326161104154239050444,117
1005550348161107104707758662,128
1005550372161107110748333483,34.9
1005550345161107111427556881,34.9
1005550348161107111141345781,114.9
1005550390161107115231686915,99
1005550390161107130539597586,97
1005550348161107134054306497,119.9
1005550409161107113607387061,114.8
1005550348161107154927645830,109.9
1005550409161108005747668269,59.9
1005550409161107125015599943,54.9
1005550409161107125940764933,54.9
1005550374161106040807959800,207
1005550392161107131715944798,115
1005550366161107133512345464,579
1005550326161107133746764829,89
1005550348161107130039545750,119.9
1005550405161107160843754947,209
1005550396161107135603067679,39.9
1005550372161107135337069840,39.9
1005550348161107141507345183,119.9
1005550395161107143905136129,59.9
1005550365161107144810925521,59.9
1005550390161104101509710198,71
1005550409161108032125155436,64.9
1005550390161108035036766153,158
1005550409161108041734960338,59.9
1005550365161108050809740118,60.8
1005550390161108053050397319,79
1005550402161108062416751726,45
1005550409161108061825084625,59.9
1005550385161107132554788428,84.9
1005550408161105012247904066,236
1005550390161108082632246564,79
1005550374161103015753057779,104
1005550372161108104637632627,39.9
1005550390161108102446316131,99
1005550409161108122012693751,59.9
1005550409161109000911839251,59.9
1005550390161107122140010922,79
1005550390161108122208419099,79
1005550411161109045351738616,54.9
1005550400161030105841984063,74.9
1005550372161109052704184795,34.9
1005550390161109062430079572,99
1005550390161016135056628808,79
1005550397161107105706709778,69.9
1005550348161107113144535943,239.8
1005550409161109064045009260,59.9
1005550409161109064503996470,59.9
1005550365161107040947383900,60.8
1005550390161106231218008437,91
1005550397161109074829225676,75
1005550390161109102002370546,109
1005550390161109103244056038,99
1005550410161109101231794210,100
1005550390161105034158237736,71
1005550375161109110611816481,89
1005550402161106142159372856,40
1005550341161109124011254105,107
1005550341161109135819066688,112
1005550397161109111322492944,70
1005550410161108122522250034,100
1005550405161107142841689038,184
1005550411161109120930622284,59.9
1005550341161109130300042237,247.9
1005550341161109124307484597,112
1005550410161109113828393737,100
1005550410161109131612248586,105
1005550341161109131303963383,76
1005550396161109131506824369,39.9
1005550390161109132211730424,99
1005550390161109132903257562,79
1005550390161109133124903440,79
1005550341161109123939179288,87
1005550405161109132622436972,394
1005550400161103015210875470,77
1005550375161109114033124732,89
1005550341161109144614470054,107
1005550390161109001034073301,77
1005550366161109232517343324,659
1005550390161107144730586389,91
1005550396161110003441824125,34.9
1005550341161110005935637438,112
1005550366161109232709611929,659
1005550168161109063726384372,0.01
1005550397161108093426358174,70
1005550411161110023648884901,59.9
1005550365161108044140558554,70.8
1005550326161108123814507841,89
1005550326161108124104640651,89
1005550372161107123527404840,39.9
1005550348161110051715201891,138
1005550345161109111316811398,34.9
1005550391161110063809109217,98
1005550365161110073217839501,65.8
1005550372161110062347690539,96
1005550410161110071622744286,112
1005550345161110074303561324,79.8
1005550345161110074506657625,79.8
1005550341161110073902482338,112
1005550365161110082340017516,75.8
1005550365161108075039689692,75.8
1005550392161110091914535380,125
1005550385161110023122405484,89.9
1005550365161110103846601739,65.8
1005550372161110123908910826,79.8
1005550390161110061643485556,79
1005550390161107120836699000,71
1005550409161108080749131330,54.9
1005550345161110080729447115,39.9
1005550390161106090919241417,71
1005550390161105001546151268,71
1005550348161110151422057059,128
1005550390161107124958334089,71
1005550406161110150103511002,58
1005550375161110160924854652,79
1005550397161109135717095443,75
1005550390161109121704025861,99
1005550411161110145838728434,59.9
1005550390161110160639619927,69
1005550409161110160314272388,109.8
1005550390161106121000747772,99
1005550365161110221717535348,60.8
1005550365161110221016775919,60.8
1005550365161110220835442951,60.8
1005550390161109125923820777,79
1005550410161110234358552498,102
1005550413161110235046271058,85
1005550390161110064835218149,79
1005550390161110063346581186,99
1005550397161111003113502553,65
1005550390161105060152847344,79
1005550390161105110651663468,74
1005550390161105110549397242,71
1005550390161111004036856086,69
1005550390161111003819481508,69
1005550390161111003721025714,69
1005550390161111004716689084,69
1005550326161111004137075962,129
1005550390161111005421195826,69
1005550405161111005312571325,199
1005550411161111011010013615,59.9
1005550397161111011214822569,65
1005550410161110175826900473,102
1005550410161110180020320664,102
1005550390161111010753694421,79
1005550375161111020937553801,69
1005550389161110141432099133,49.9
1005550390161110014956472843,178
1005550390161111010751848525,69
1005550348161111024526513528,128
1005550348161111024431405392,128
1005550411161111020844351046,59.9
1005550326161111020809766110,89
1005550390161107150959274093,71
1005550411161111031544591016,59.9
1005550406161105024347889290,104
1005550326161111030855461984,79
1005550390161106131101639879,99
1005550390161111032601840192,69
1005550326161110235957883390,89
1005550390161111011314391780,69
1005550390161111011157526084,69
1005550392161111081153075478,115
1005550392161111032622027174,125
1005550390161107032925547132,91
1005550385161111052202574727,79.9
1005550405161111060237233428,199
1005550390161109010845859515,74
1005550410161111065620133938,118
1005550365161111065226858378,69.9
1005550326161111005715593728,89
1005550372161110174534307588,69.8
1005550365161111085718667852,69.9
1005550365161110224411953551,65.8
1005550405161112010443279943,209
1005550365161110223614191051,65.8
1005550365161111113654509953,79.9
1005550390161104140107848279,71
1005550390161107004600582634,71
1005550365161110230748328852,65.8
1005550395161111135516002832,59.9
1005550390161110124258599375,94
1005550399161111144112212644,100
1005550409161110171606487335,61
1005550345161111174101569343,39.9
1005550411161112024629634463,69.9
1005550341161112024553522410,191.9
1005550389161111151953463490,99.8
1005550389161112073938295782,99.8
1005550411161111155743444510,109.8
1005550390161105081219810964,99
1005550372161112110854275577,96
1005550396161112091503889819,39.9
1005550390161112004248532963,89
1005550390161111063700092501,69
1005550413161112111434846530,80
1005550345161110161105321493,69.8
1005550348161112083428109490,118
1005550365161112100701355045,79.9
1005550409161108083401817188,59.9
1005550390161107025712790641,71
1005550341161111091022055211,128
1005550341161110161520937387,102
1005550341161110160011123629,102
1005550400161110161235881924,75
1005550390161107084526991931,91
1005550390161107122627525640,166
1005550390161107122654525757,79
1005550389161111141159663944,59.9
1005550397161108090013504522,145
1005550409161113040333109016,59.9
1005550341161110165330353044,102
1005550341161110164935505120,102
1005550390161113043024598559,109
1005550390161111030451268394,69
1005550390161104124638086086,91
1005550372161110162450324167,69.8
1005550404161110161315467601,145
1005550351161110160840220828,79.9
1005550385161110160205617372,79.9
1005550345161113062029703402,39.9
1005550409161110063036528484,59.9
1005550413161113103333516913,297
1005550372161110011316042091,39.9
1005550396161113104306046982,49
1005550392161113105202294038,296
1005550341161113104110334719,287.8
1005550400161113105053078459,99
1005550383161113104720059503,120
1005550345161113235556564346,39.9
1005550413161113123612239726,85
1005550409161109023956768800,54.9
1005550410161109104713708595,90
1005550389161113204627817174,59.9
1005550345161113235042010584,39.9
1005550409161108122333021207,54.9
1005550409161108070215918474,54.9
1005550390161113142133230271,79
1005550372161114075754396728,34.9
1005550372161108082841380215,39.9
1005550390161114054752493243,79
1005550390161114095518861849,74
1005550409161108113403568871,54.9
1005550385161107121306749707,79.9
1005550405161107115858995104,359
1005550409161108142206507796,59.9
1005550390161114125012249645,99
1005550326161111095802165575,89
1005550415161115011407329317,314
1005550409161112142831054639,54.9
1005550345161113110651423208,39.9
1005550341161110160903687020,102
1005550390161115023622122447,99
1005550372161115025309825964,39.9
1005550365161115041019466244,84.9
1005550390161110161523992177,89
1005550390161110161409646337,69
1005550395161022143924851166,49.9
1005550406161113112823671484,58
1005550341161115101121296938,138
1005550390161104164458240805,71
1005550365161107074709687025,59.9
1005550416161115131250698163,98
1005550396161115015936796985,34.9
1005550397161114134417243235,70
1005550390161115100606072307,99
1005550416161115114434497454,108
1005550400161115113715639794,85
1005550416161115134626066704,108
1005550365161116023408557721,196
1005550396161115131634528019,74.8
1005550416161115142955112168,108
1005550385161115152522412824,79.9
1005550390161115234637653515,94
1005550348161116011637963970,128
1005550409161108142639031128,54.9
1005550416161115131911604272,108
1005550365161108102551415271,65.8
1005550409161108102423352859,64.9
1005550345161109014626585716,39.9
1005550396161111102902089016,39.9
1005550416161115114657291458,118
1005550326161115104947350760,267
1005550348161116032121230984,128
1005550409161109051141291859,54.9
1005550416161116043156618351,118
1005550390161116041357184211,79
1005550390161116043637840549,94
1005550390161116051149176458,178
1005550390161116041222460308,89
1005550396161115205413487781,49
1005550396161116071612235562,39.9
1005550396161116060443698846,39.9
1005550395161116033647046622,59.9
1005550390161116040555492894,79
1005550406161115230152106787,58
1005550390161116082905190526,109
1005550411161109131834038414,59.9
1005550375161116131804803833,147
1005550366161116033410929787,2199
1005550416161116143849552411,108
1005550413161116223658937713,85
1005550390161116100530744877,99
1005550326161116102135040659,129
1005550409161111141925621178,56
1005550390161111115205511190,89
1005550396161111050127354390,39.9
1005550409161108054901323635,64.9
1005550365161111141818994011,79.9
1005550326161116134857436122,129
1005550390161116050942394924,99
1005550390161102083336211333,198
1005550372161115105404814737,39.9
1005550410161111063821076230,102
1005550410161111063632348274,102
1005550410161108120104033375,113
1005550406161117024125110282,58
1005550372161116071814703745,39.9
1005550397161116112827897224,75
1005550390161115014449649456,99
1005550410161109144142624648,112
1005550396161115134947778872,34.9
1005550409161113101919157022,64.9
1005550396161117121606215475,39.9
1005550410161109041805128638,113
1005550390161117080543754625,94
1005550397161117121651206085,75
1005550372161111022655615420,39.9
1005550365161111094314273625,79.9
1005550390161117075850164055,99
1005550390161117083157081637,99
1005550390161117130043042665,99
1005550410161108130306233355,103
1005550372161117065341212475,39.9
1005550390161117131508664456,94
1005550390161117103748952843,99
1005550395161117115504241847,59.9
1005550409161118021323019157,59.9
1005550392161118033431866775,115
1005550365161118053314137231,69.9
1005550411161118053338474291,59.9
1005550396161118053010027590,39.9
1005550397161117120406097735,75
1005550402161107151306609841,40
1005550402161107151240937858,40
1005550402161106134028867376,40
1005550396161117062922147524,39.9
1005550365161118062528798679,89.9
1005550409161109083805923969,59.9
1005550390161118083029676864,99
1005550405161117154115572575,209
1005550390161118085326054325,89
1005550418161118122659303433,83
1005550418161118103934108620,88
1005550372161118111918008242,39.9
1005550418161118113759776613,88
1005550418161118132924716672,88
1005550418161118135040296445,88
1005550418161118122702013380,88
1005550409161115143252552759,59.9
1005550372161118142416581649,48
1005550385161118120556078864,169.8
1005550414161118091228283944,86
1005550390161117153233796377,99
1005550365161118122947901802,74.9
1005550397161117103221870374,70
1005550397161118135051975826,85
1005550418161119034619929648,88
1005550390161119065903439956,94
1005550341161112152429117205,133
1005550390161119114909367910,292
1005550365161119003112649846,70.8
1005550365161119142500459278,60.8
1005550365161120004347677651,75.8
1005550406161119044401518854,58
1005550345161117131547442640,99.8
1005550390161118131218797475,99
1005550390161120005336603020,99
1005550390161119150458639783,94
1005550365161119140632030206,65.8
1005550372161119133320968716,39.9
1005550348161119115958762714,128
1005550365161119112517530414,74.9
1005550411161119021519490319,59.9
1005550409161112065756199737,66
1005550396161117083813857041,39.9
1005550417161119082133763441,72.8
1005550365161119094851198821,65.8
1005550409161112005716861043,59.9
1005550409161119075440097629,59.9
1005550397161117115345196740,75
1005550341161118075439675939,206
1005550396161119072530528664,49
1005550397161119111647931927,70
1005550409161119043339561917,54.9
1005550409161119024015920382,59.9
1005550326161119051202231834,134
1005550372161120044856861368,34.9
1005550372161120044920715546,39.9
1005550372161120041721861527,39.9
1005550395161118091112665646,54.9
1005550396161117152327949118,39.9
1005550365161120104738959744,60.8
1005550411161120102156963300,67.9
1005550406161120090546127804,58
1005550354161120091636863201,49.9
1005550396161120114642117257,39.9
1005550365161120025623478509,65.8
1005550365161120135413298341,70.8
1005550416161120135508305681,93
1005550397161121010421293233,73
1005550390161120155707322080,94
1005550405161121052426826245,209
1005550396161120111132200023,39.9
1005550390161121014110251464,99
1005550409161120145524955898,59.9
1005550409161120152203142792,59.9
1005550409161120153013452801,59.9
1005550409161120153150539419,59.9
1005550409161120153450015980,59.9
1005550409161120153615755004,59.9
1005550396161121082533955161,34.9
1005550411161121082620124051,59.9
1005550416161120232014757814,108
1005550416161119232308044361,108
1005550416161119140727241212,108
1005550372161122014228577587,96
1005550420161122024758935988,74.9
1005550390161122024741601315,99
1005550385161118123501896562,79.9
1005550372161121122921330134,39.9
1005550416161121232529284282,108
1005550396161120045812707395,34.9
1005550413161121151754546522,85
1005550372161121122943264885,39.9
1005550326161121133503554850,129
1005550326161121132800634846,139
1005550341161121115443240798,54.9
1005550390161119101135579241,94
1005550348161121111109467538,128
1005550416161116144857131339,108
1005550390161120153724994996,79
1005550410161122053120623116,102
1005550390161122051245984452,99
1005550418161122074551697950,98
1005550420161122074639762005,112.8
1005550375161122075601581644,49
1005550390161122093859851051,94
1005550365161122092222592596,84.9
1005550365161121032548076718,60.8
1005550396161122123019767570,39.9
1005550421161122110235084158,60
1005550409161122141946819287,57.9
1005550365161121030843924742,65.8
1005550345161122042214066797,39.9
1005550421161122131853997887,45
1005550390161120093508925696,79
1005550390161122061946386044,99
1005550402161122142045764716,40
1005550390161122101809161075,94
1005550390161122095329877545,89
1005550390161122150703470379,79
1005550390161122153148990881,99
1005550390161122113051202560,99
1005550421161123011841798025,10
1005550345161123005223607434,49.9
1005550421161123010532958192,20
1005550390161122234341980382,99
1005550411161122230055554621,59.9
1005550390161123015158977966,94
1005550419161123035543008501,0.01
1005550372161121124121883372,39.9
1005550420161123041643502522,77.8
1005550354161123054326668646,44.9
1005550365161123054707511341,88
1005550390161123040407766021,99
1005550365161123065424621420,79.9
1005550409161123071107535745,119.8
1005550409161123071741519872,119.8
1005550411161123070723998786,119.8
1005550409161123075014424202,119.8
1005550372161123073421294518,39.9
1005550390161123071942626488,99
1005550168161123083717018178,0.03
1005550421161123031133641722,10
1005550421161123031202603105,10
1005550421161123031311404633,10
1005550421161123034032376441,10
1005550421161123034055826856,10
1005550421161123034123287429,10
1005550421161123034154851460,10
1005550421161123051536141138,10
1005550397161123130434937282,75
1005550390161123235108042202,99
1005550390161123223225852648,94
1005550390161123022043933332,94
1005550416161123145041449361,108
1005550372161123044004331404,39.9
1005550326161122115834518583,99
1005550326161122000255818645,99
1005550365161122083934705896,84.9
1005550365161122082956961123,84.9
1005550390161123141251799001,97
1005550354161124053735119569,144.7
1005550396161124063847502019,39.9
1005550418161124060246848405,88
1005550421161123152618457498,10
1005550390161124073121422705,79
1005550372161122031611609893,34.9
1005550345161121095553921511,69.8
1005550421161123075412802138,25
1005550421161123092450832204,10
1005550397161123111946850513,75
1005550390161123130627216539,99
1005550422161123122416545580,72.8
1005550390161120083840192498,99
1005550421161123122417456221,15
1005550390161123113307749950,97
1005550390161124013854215846,99
1005550391161124045133193227,98
1005550326161121025304966351,129
1005550326161121024928917259,129
1005550421161124055719334873,20
1005550421161124011148682846,10
1005550390161124071244287814,79
1005550408161124111618410195,118
1005550390161124111402583495,99
1005550390161124121105636473,99
1005550413161124132050976517,100
1005550391161124140233726798,98
1005550391161124140417401120,98
1005550411161124133644762440,54.9
1005550390161122103547338345,188
1005550424161124111701107461,79.9
1005550390161122112259963502,94
1005550390161125015226265253,93
1005550390161125011210630382,99
1005550390161122105243445541,99
1005550390161125021739076150,89
1005550390161125022423331737,89
1005550411161125004441972921,54.9
1005550390161124012708049172,79
1005550390161125022550249058,183
1005550365161125021634827037,73.9
1005550411161124150019147474,59.9
1005550372161125004106973843,39.9
1005550372161125000229893624,39.9
1005550396161125003611571186,144.6
1005550396161125003328363494,39.9
1005550365161124235244040351,79.9
1005550396161124235416722662,39.9
1005550326161124235603987553,89
1005550420161125001230898486,182.7
1005550424161124234704284033,79.9
1005550354161124230844069164,99.8
1005550396161124224947414994,33.9
1005550372161124225023788618,33.9
1005550390161124220001858438,183
1005550420161124163620735602,164.6
1005550372161124161609330112,33.9
1005550392161019125249064182,115
1005550416161116152006542273,103
1005550409161120153058227440,59.9
1005550397161124092324308757,75
1005550390161124110242431647,94
1005550345161124083302732084,39.9
1005550390161124090652845088,158
1005550408161124102522332963,118
1005550390161124032021731020,94
1005550390161124065325979416,99
1005550390161124121245477505,99
1005550390161124023238376149,97
1005550346161124092728674919,87
1005550390161124105002015521,79
1005550345161125014738870388,33.9
1005550409161121155941068583,64.9
1005550372161124142211109278,39.9
1005550390161124144207109005,79
1005550415161125032702206636,189
1005550415161125021500205758,125
1005550390161125033755750961,242
1005550406161125032459476521,52
1005550390161125042252007302,79
1005550372161125033327303400,39.9
1005550396161125034114796420,33.9
1005550390161124223618827925,93
1005550390161124000148259957,79
1005550390161125061958439513,103
1005550390161125055147398795,93
1005550390161124021355229728,79
1005550390161125041355634428,73
1005550396161125054136302637,33.9
1005550390161125054740941525,84
1005550390161124223321698645,93
1005550390161123045624843270,99
1005550390161124032705949210,99
1005550348161125055026852228,256
1005550390161123150528568649,74
1005550365161125053033940654,73.9
1005550390161125052916727341,112
1005550390161125031009552724,89
1005550395161125010439770220,53.9
1005550390161122130607318489,89
1005550372161125064556001809,39.9
1005550390161125024436966544,93
1005550390161125041702589285,93
1005550397161125065940420237,69
1005550390161125065511956610,73
1005550365161124143412462426,79.9
1005550390161124143507897706,99
1005550390161124051436114006,74
1005550326161125005818131206,83
1005550390161125060233504500,112
1005550390161125071549409634,93
1005550409161122143426045053,59.9
1005550390161124054939754225,99
1005550390161125080453762698,79
1005550390161125080423835261,118
1005550390161124052521157797,79
1005550390161124020356388849,79
1005550390161124090202057793,99
1005550390161124083438239564,79
1005550354161125072809798037,43.9
1005550391161125064757974858,92
1005550424161125054051044756,83.9
1005550409161120155127762305,54.9
1005550390161125083828718919,183
1005550390161125052734073539,112
1005550390161125052157673209,112
1005550424161125084009408680,73.9
1005550390161125084349903529,99
1005550390161124085916496735,79
1005550390161125083701194279,93
1005550390161124174657805340,89
1005550390161125100723946828,183
1005550365161125092753972293,79.9
1005550390161125092552578286,118
1005550390161124021106951237,74
1005550396161125090114940900,33.9
1005550425161125105945268918,164.7
1005550425161125110036738190,164.7
1005550425161125110154464293,164.7
1005550425161125110111370737,164.7
1005550425161125110225667399,164.7
1005550425161125110414150816,164.7
1005550425161125110335846339,164.7
1005550425161125110304787779,164.7
1005550424161125011037794561,83.9
1005550390161125115557984706,301
1005550425161125125759485142,104.8
1005550416161125113436865595,112
1005550372161124121626944431,39.9
1005550424161124123223849314,84.9
1005550421161124120144567366,10
1005550424161124132135039640,87.9
1005550391161125002222016738,92
1005550424161125104831672894,73.9
1005550396161124112520640884,39.9
1005550421161124121549372377,10
1005550372161125025842058537,39.9
1005550395161125035318447317,59.9
1005550354161124231015515994,109.8
1005550402161125065427507045,45
1005550372161125103602324270,73.8
1005550406161125030345695387,52
1005550425161125112433589470,54.9
1005550390161125085558769543,73
1005550420161125042505448548,161.7
1005550396161125013152052117,33.9
1005550392161125113356785802,115
1005550425161125130153680270,53.9
1005550390161125064656553804,99
1005550425161125122449732421,53.9
1005550390161125054149886927,112
1005550389161125121102613499,99.8
1005550425161125121852594181,59.9
1005550425161125113137247563,53.9
1005550425161125122249896343,59.9
1005550425161125122233098022,59.9
1005550390161125122018139708,79
1005550390161123142055482186,99
1005550425161125124252407628,53.9
1005550396161125124933820074,39.9
1005550390161124000950386672,316
1005550390161125034157987727,93
1005550390161125050622004052,183
1005550425161125134921696650,59.9
1005550411161126032930374697,59.9
1005550390161125154546015777,73
1005550421161125080138687594,10
1005550326161125155945216530,123
1005550397161125152616219248,69
1005550405161125152924277172,194
1005550405161125150942621734,194
1005550385161125124218968946,89.9
1005550372161125124306042840,39.9
1005550390161125094121127566,73
1005550418161125145143308637,82
1005550390161125142414302174,73
1005550416161125143656477353,98
1005550396161125142320945081,79.8
1005550365161125134955888737,79.9
1005550390161124043650394932,74
1005550390161125140400279203,79
1005550396161125134858964769,33.9
1005550390161125134000250250,79
1005550390161125035909875065,99
1005550390161125033620112581,99
1005550409161125155957166090,53.9
1005550409161125155939205180,53.9
1005550409161125155924325421,53.9
1005550409161125155907560961,53.9
1005550409161125155849258373,53.9
1005550409161125155829439383,53.9
1005550409161125155805670248,53.9
1005550409161125155744542733,53.9
1005550409161125153704836548,53.9
1005550409161125153241172920,53.9
1005550409161125153220305541,53.9
1005550409161125153134373170,53.9
1005550409161125153114122688,53.9
1005550409161125153053055880,53.9
1005550409161125153033408647,53.9
1005550409161125152953830684,53.9
1005550390161125131635790157,73
1005550390161125131611290161,73
1005550390161125131500963727,73
1005550390161126072545332511,79
1005550397161126050026787635,75
1005550390161125134046458189,93
1005550425161127023955390740,109.8
1005550348161125012424345277,118
1005550392161126083653656638,125
1005550409161123121816259212,59.9
1005550406161126103200000501,58
1005550372161126115203060361,39.9
1005550390161126134125295195,74
1005550390161125131543723866,73
1005550390161125131520261889,73
1005550409161107151555996639,54.9
1005550418161127100905205574,88
1005550425161127090758755758,59.9
1005550391161127052003230346,98
1005550409161126151949085018,59.9
1005550425161127123302089160,54.9
1005550390161127123355098661,110
1005550425161127093908996786,59.9
1005550409161126155158763640,59.9
1005550409161126155637011166,59.9
1005550409161126155704081111,59.9
1005550409161126155731509153,59.9
1005550409161126155802567620,59.9
1005550390161127043549246266,79
1005550390161126231306475335,79
1005550425161128023723691889,59.9
1005550425161128025320186577,59.9
1005550425161128064057825356,59.9
1005550427161128143821026264,69
1005550385161128091130926559,79.9
1005550427161128145201217930,69
1005550365161128142300240937,74.9
1005550425161127124746757659,109.8
1005550425161126141237336647,59.9
1005550385161128120519468676,89.9
1005550390161128045224974230,81
1005550385161128082530219782,79.9
1005550425161128074010915596,59.9
1005550390161128071938023627,86
1005550391161128065737161959,98
1005550385161128070849564234,89.9
1005550396161124064743954928,39.9
1005550396161124064803144429,39.9
1005550396161124083615148055,39.9
1005550396161124083643468756,39.9
1005550396161125023945567617,38.9
1005550390161127092049105219,79
1005550390161128040305380448,76
1005550345161128033018925571,39.9
1005550375161128024400056112,44
1005550365161122003350949337,79.9
1005550425161128020850169605,54.9
1005550390161128020019688116,110
1005550390161128014921082117,110
1005550409161127154110590428,59.9
1005550372161126030127517364,39.9
1005550427161129030902279244,69
1005550390161127153846259743,172
1005550428161128140615385931,74.9
1005550390161128021230230209,110
1005550390161129064815923373,220
1005550385161129064638787064,84.9
1005550425161128052220102331,54.9
1005550390161129015206367199,110
1005550425161125230345396116,299.5
1005550372161129062921503979,39.9
1005550428161129091603345784,69.9
1005550425161129103228446433,59.9
1005550426161129101231837339,54.9
1005550372161129100754002487,34.9
1005550426161129114412842588,49.9
1005550426161130031444758882,54.9
1005550426161129123659750694,54.9
1005550425161129094009548481,59.9
1005550390161129015048456339,110
1005550390161127065247043712,79
1005550390161127152604979906,110
1005550385161129140250243098,89.9
1005550372161129054728536311,109.7
1005550426161129125037969259,64.9
1005550390161129122543659185,110
1005550421161128151337633630,10
1005550421161128151444840087,10
1005550421161128151523525097,10
1005550421161128152153374392,10
1005550421161128151610486210,10
1005550372161130030927520725,39.9
1005550397161128134845666550,150
1005550326161129100756986949,89
1005550426161130063139386900,54.9
1005550426161130041922001988,54.9
1005550372161129141920349857,39.9
1005550365161129101029061591,89.9
1005550402161125065251335136,39
1005550345161125091401212277,33.9
1005550365161121070423010913,84.9
1005550390161130080408476089,86
1005550390161130021655564061,86
1005550425161130094852269231,59.9
1005550390161130061424812450,110
1005550365161122081349568073,79.9
1005550365161122080428216181,89.9
1005550365161121025510995554,79.9
1005550365161122050515425727,79.9
1005550365161122035246355829,98
1005550365161121225943696539,89.9
1005550365161121122914247610,79.9
1005550365161121075323116629,89.9
1005550168160819042049832260,0.01
1005550366160924123749490643,1459
1005550384160927145426761890,22
1005550384161008111702021302,29
1005550390161013131109644304,6.5
1005550390161014063058296547,13
1005550390161014073908867783,26
1005550390161014092513137955,10
1005550390161014123011215744,26
1005550390161016011727930543,15
1005550390161016034232925298,32.5
1005550391161017033723887528,8.5
1005550390161017075531541757,26
1005550390161017081443860082,13
1005550390161017111617084357,13
1005550389161017125029779241,2
1005550390161018020344512863,6.5
1005550390161019053418994375,6.5
1005550390161019064408867808,6.5
1005550372161019123658298420,34.9
1005550390161019132156298318,13
1005550390161020080407735031,10
1005550390161020092503776913,8
1005550365161021134522483524,8
1005550365161021134522483524,7.6
1005550395161022023355904763,15
1005550384161022112233677423,17.5
1005550345161024104557615467,5
1005550345161024104751022288,10
1005550396161024111908775920,17.5
1005550345161024140007810687,2.5
1005550345161025124006242103,2.5
1005550345161025132220848099,5
1005550365161026065712158843,8
1005550365161026114037263243,18
1005550390161026123842052210,69
1005550341161026150137780363,76
1005550383161026230542474795,98
1005550390161027084812106456,6.5
1005550393161027122425754624,20
1005550402161027130619372658,10
1005550402161027232015438231,11
1005550402161028032714236764,20
1005550390161028085937997635,10
1005550390161028121653357211,45
1005550365161029025854603438,9
1005550390161029053237029382,30
1005550345161029060114382364,5
1005550393161029072343712842,18
1005550390161029093026452449,45
1005550372161029101555664514,5
1005550390161029114032588851,6
1005550390161029114934719898,10
1005550396161029120628918971,20
1005550390161029124257486678,40
1005550390161029150859588441,10
1005550372161029163051256665,10
1005550390161029234740487057,5
1005550402161030003923852431,10
1005550391161030055326652498,19.6
1005550365161030113317090972,30
1005550389161030114929531363,2
1005550372161030162651186771,17.5
1005550385161031061209662775,84.9
1005550390161031100203374136,79
1005550389161031110859482193,10
1005550389161031134623154184,4
1005550400161031151310645943,12
1005550365161031152317940166,9
1005550345161101011209206404,15
1005550365161101013627445125,8
1005550372161101015127729117,5
1005550390161101034233555377,10
1005550396161101040113033571,34.9
1005550390161101045434385685,6.5
1005550400161101080909839755,6.5
1005550396161101083158585056,17
1005550372161101091906952901,14
1005550390161101093337377212,6.5
1005550396161101113206393422,20
1005550366161101114421587544,72.5
1005550390161101120651158577,25
1005550390161101134227638871,27
1005550392161101142927131305,110
1005550372161101160447502019,5
1005550390161102070532989451,18
1005550390161102070603907752,91
1005550396161102083116304918,20
1005550396161102091714503591,17.5
1005550390161102121626713752,71
1005550390161102124557919480,91
1005550365161102130738374915,27.6
1005550365161102131717431746,65.8
1005550405161102133602140634,184
1005550396161102234910345694,17.5
1005550396161103013916698979,17.5
1005550345161103043555923492,2.5
1005550389161103070428197296,4
1005550395161103074616171089,12
1005550390161103075600997058,20
1005550400161103092011764114,7
1005550396161103120224259324,17.5
1005550390161103130839990368,40
1005550390161103131417555637,15
1005550372161103140950163494,5
1005550402161103141218546184,8
1005550396161103145806681216,17.5
1005550405161103160043993914,181.5
1005550405161103160043993914,346.5
1005550372161104010554309511,10
1005550402161104050836545275,10
1005550390161104104618940196,71
1005550390161104105534044966,12
1005550365161104111031988309,8
1005550365161104111643377935,8
1005550390161104113017886030,6.5
1005550365161104113120255652,7.6
1005550365161104114031668177,7.6
1005550365161104120844696226,6
1005550390161104122257758416,18
1005550365161104122711784123,8
1005550365161104124129921117,8
1005550365161104124750346621,7.6
1005550365161104125852501359,8
1005550365161104135102922981,6.8
1005550390161104135532517636,4
1005550390161105093954082074,276
1005550390161105100711597255,71
1005550365161105103227521188,7
1005550390161106021815667750,18
1005550402161106034840505246,10
1005550396161106095132255554,20
1005550365161106114938506038,15
1005550397161106122924295615,69.9
1005550396161106141136357263,17.5
1005550390161106145628968900,12
1005550400161106224329172179,6.5
1005550341161107075159859445,27
1005550326161107093440583445,15
1005550390161107105908981898,93
1005550390161107112527782056,18
1005550390161107135026020285,4
1005550406161107145858636353,6
1005550372161107151649960750,34.9
1005550390161108001907948590,4
1005550390161108050044884271,94
1005550406161108092631795266,6
1005550410161108121039701535,105
1005550410161108121039701535,105
1005550409161108132519590444,54.9
1005550409161108132549790718,54.9
1005550392161108135157242063,10
1005550396161109042444333299,34.9
1005550396161109043824254492,34.9
1005550365161109085806092440,30.4
1005550396161109093408809973,34
1005550326161109105004574381,74
1005550411161109112959860944,5
1005550341161109122616587752,112
1005550411161109124553379057,59.9
1005550341161109125635742036,112
1005550411161109130937726786,25
1005550341161109133815320226,97
1005550402161109134357925110,30
1005550341161110001047871187,102
1005550397161110030751945598,135
1005550397161110030950798292,65
1005550365161110033256269080,65.8
1005550345161110050201583609,39.9
1005550411161110061438040010,5
1005550326161110071445251509,30
1005550411161110085009371468,5
1005550345161110095854987147,34.9
1005550406161110123800365123,17.5
1005550390161110130139940435,79
1005550372161110160305308367,5
1005550390161110160321155280,45
1005550390161110160552309501,6
1005550341161110160623720332,102
1005550341161110161708342891,102
1005550341161110162704051465,102
1005550341161110171012387286,102
1005550341161110183111708321,102
1005550341161110201438785255,102
1005550390161110230636010199,13.5
1005550390161110231226542331,20
1005550365161110232022850479,10
1005550341161110234021352416,102
1005550390161111001101262450,6
1005550365161111001552877641,7
1005550413161111005316597321,40
1005550390161111012400889827,15
1005550341161111013230581736,102
1005550341161111022415946727,102
1005550341161111022658662720,102
1005550345161111024856157307,34.9
1005550341161111025429412342,102
1005550345161111025721361453,10
1005550326161111032916781992,15
1005550365161111043338180657,12
1005550390161111065514047766,5
1005550341161111090726421541,102
1005550365161111091203261282,6
1005550365161111094824904945,35
1005550365161111095019749932,69.9
1005550365161111095950356766,69.9
1005550365161111101218470145,69.9
1005550341161111102150290307,102
1005550345161111111316932897,69.8
1005550326161111112632028002,22
1005550365161111115522839487,20
1005550365161111120053676000,98
1005550365161111121752859041,88
1005550365161111125323118248,7
1005550402161111125746292217,40
1005550365161111130112855139,6
1005550365161111130352116273,23.5
1005550341161111131325735944,102
1005550365161111150910446941,6
1005550392161111152118349093,57.5
1005550365161111233109470617,74.9
1005550396161111233311983818,17.5
1005550396161112021008505686,17.5
1005550326161112060906380375,27
1005550397161112101833309540,65
1005550397161113012904640875,70
1005550365161113025908598275,20
1005550390161113034239978015,8
1005550345161113092759521491,39.9
1005550396161113112857407808,15
1005550396161114013709444138,39.9
1005550365161114021104788592,19
1005550372161114030429693085,39.9
1005550390161114062358946853,6.5
1005550390161114071255155117,33
1005550168161114083922963371,0.02
1005550390161114084840732945,6.5
1005550390161114090614589133,6
1005550390161114095631245067,12
1005550397161114102910788932,65
1005550365161114105739569424,7
1005550365161114122250760980,84.9
1005550390161114143624253882,25
1005550326161115005404540317,267
1005550396161115013732448292,17.5
1005550390161115021722046620,4
1005550390161115022306168772,13.5
1005550390161115022842879423,9
1005550345161115044351923851,26.5
1005550345161115044405719657,39.9
1005550391161115093518390846,9
1005550365161115105243410393,74.9
1005550365161115113152262504,65.8
1005550365161115115930093585,79.9
1005550396161115122326620619,17.5
1005550365161115124545646593,79.9
1005550365161115125225885475,79.9
1005550365161115141457784454,46.6
1005550416161116000450488582,216
1005550365161116000902589790,79.9
1005550365161116002447637143,79.9
1005550411161116004325906487,5
1005550390161116020347945477,9
1005550389161116021442614300,2
1005550411161116071748694689,5
1005550390161116072343801720,4.5
1005550416161116082208370445,27
1005550396161116092620034147,17
1005550365161116111918001620,69.9
1005550396161116114010146005,29.9
1005550365161116122418359628,79.9
1005550396161116124120860421,29.9
1005550413161116124741874517,12
1005550372161116125258211042,74.8
1005550396161116131105318988,74.8
1005550365161116133918444713,93
1005550365161116141156225735,69.9
1005550396161116143139795449,34.9
1005550372161117004016042745,30
1005550396161117004511315028,34.9
1005550396161117004650398650,34.9
1005550397161117010154738004,70
1005550345161117012935860302,39.9
1005550372161117014957547422,39.9
1005550397161117021608823714,55
1005550397161117033832807468,65
1005550365161117043428360606,79.9
1005550365161117051157956872,6.2
1005550396161117051543493027,37.8
1005550390161117052206899564,99
1005550365161117055115238944,26.6
1005550365161117063042414340,18
1005550390161117064645607735,49.5
1005550396161117065944678721,15
1005550390161117075653641540,12
1005550390161117080752884413,40.5
1005550390161117091645625488,24
1005550390161117110314816894,4.5
1005550396161117110449052417,34.9
1005550390161117112939736473,7
1005550390161117114329026731,12
1005550365161117114603119104,74.9
1005550365161117114805229295,74.9
1005550390161117120532262253,4
1005550392161117121023325461,62.5
1005550345161117122658217046,39.9
1005550345161117124842046436,39.9
1005550345161117125018741355,39.9
1005550345161117130304802898,39.9
1005550345161117133224181772,34.9
1005550345161117133408267391,34.9
1005550345161117144846098477,39.9
1005550411161118004459944646,15
1005550390161118010920766186,4
1005550345161118011636155985,39.9
1005550365161118014234545638,35
1005550345161118015645264029,39.9
1005550365161118022957710830,19
1005550390161118031056932242,94
1005550345161118032133934639,39.9
1005550345161118032906099933,39.9
1005550390161118034713240220,14
1005550345161118034830249833,39.9
1005550345161118040347809757,39.9
1005550345161118042016039902,39.9
1005550390161118064117955886,8
1005550345161118075349224179,39.9
1005550390161118083400636006,4.5
1005550345161118093902832699,39.9
1005550418161118095718743627,3.5
1005550418161118104841948466,3.5
1005550390161118120247851924,94
1005550365161118122853312159,14
1005550365161118124027452899,79.9
1005550390161118125119389642,4.5
1005550375161118142300547227,44
1005550390161118145312187474,99
1005550372161118173005799222,4
1005550390161118234111494478,4.5
1005550390161119030039789457,4.5
1005550326161119040808994942,89
1005550326161119044152465308,16
1005550345161119060048623772,39.9
1005550397161119072342067397,70
1005550390161119072628445298,24
1005550390161119075740342408,4.5
1005550411161119082653879757,5
1005550390161119083154779078,7
1005550399161119085651729408,50
1005550365161119093847632602,84.9
1005550372161119130253068192,34.9
1005550372161119131934706606,17.5
1005550390161119134903611452,6.5
1005550390161119142656633748,22.5
1005550390161119230150818201,4.5
1005550390161119231330379365,9
1005550396161120013205938964,17.5
1005550390161120014328744448,35
1005550345161120021910104799,37.9
1005550397161120025630940868,75
1005550365161120034214162642,44
1005550411161120060938714109,5
1005550389161120072653630249,2
1005550390161120072737648033,6.5
1005550326161120113642098272,89
1005550365161120123726238268,79.9
1005550365161120130756667662,60.8
1005550411161120144335670030,54.9
1005550390161120161402298559,12
1005550345161120223248240551,39.9
1005550390161121010903485931,6
1005550390161121014823960342,52
1005550413161121023254757548,12
1005550411161121065141244458,54.9
1005550400161121104950876581,6
1005550395161121114014785753,54.9
1005550418161121130549908028,3.5
1005550390161121134054422481,13
1005550375161122040954658950,5
1005550372161122050851847500,5
1005550390161122051810094481,4.5
1005550390161122065300898324,31.7
1005550396161122092557284743,34.9
1005550365161122095449916627,14.1
1005550390161122100443222282,8
1005550365161122101850346795,15
1005550397161122123711297327,65
1005550390161122141126949242,54
1005550390161122141314088587,8
1005550390161122141613268703,24
1005550406161122151630548241,53
1005550396161123020150334844,34.9
1005550390161123033831681130,4.5
1005550397161123063344372125,150
1005550396161123064719135748,39.9
1005550168161123085636187369,0.02
1005550365161123111646742796,6.5
1005550397161123141248089136,65
1005550396161123180907154737,20
1005550390161124033616108525,79
1005550390161124040304607867,79
1005550390161124051904856294,4.5
1005550365161124065317270717,31
1005550396161124082811706365,7
1005550365161124103027879661,74.9
1005550424161124141251150950,15
1005550372161124164149039935,10
1005550372161124164827232142,5
1005550424161124222932866050,45
1005550326161124231106646258,15
1005550416161124235821886402,25.5
1005550396161125000908845873,17
1005550417161125010532747772,71.8
1005550372161125025641831981,10
1005550424161125030132874606,15
1005550413161125052604629171,27
1005550372161125053101337092,5
1005550396161125054029688988,17
1005550424161125055828076893,15
1005550424161125061143432088,14.5
1005550390161125061628620024,13.5
1005550365161125063548314064,24
1005550345161125072126565030,8.5
1005550326161125073935685857,15
1005550411161125075856347461,9
1005550396161125083649627956,17
1005550365161125084419643113,12
1005550400161125085319473862,26
1005550396161125092916944148,17
1005550390161125095722653065,6.5
1005550413161125101504816973,52
1005550425161125111432776381,8
1005550425161125111930351418,2.5
1005550326161125113033512500,41.5
1005550390161125121416969973,6.5
1005550425161125122543257251,5
1005550425161125123844390366,18
1005550396161125124027278645,17
1005550425161125124456941180,6
1005550372161125131033626916,73.8
1005550425161125134941754480,2
1005550390161125144159360043,12
1005550365161125150242162578,89.9
1005550413161125225134928656,27
1005550390161126005655920636,19.5
1005550390161126024528150947,6.5
1005550396161126121854477670,17.5
1005550390161127005759968779,4
1005550390161127010024017589,13
1005550390161127043249949709,13
1005550390161127051128844747,9
1005550396161127091136165150,20
1005550425161127131259675120,2.5
1005550411161127153233027178,10
1005550385161128073810920007,69.9
1005550416161128084123584528,24.5
1005550389161128085736744427,4
1005550422161128120417399656,16
1005550424161129070005291696,30