1000018301201611010678123474
1000018301201611010678422822
1000018301201611010678690768
1000018301201611010680514752
1000018301201611010681687805
1000018301201611010681873837
1000018301201611010682434229
1000018301201611010682651184
1000018301201611010682966461
1000018301201611010683002403
1000018301201611010683553464
1000018301201611010684916357
1000018301201611010685107305
1000018301201611010685241954
1000018301201611010685715353
1000018301201611010685376972
1000018301201611010685911412
1000018301201611010685972542
1000018301201611010686364068
1000018301201611010686808354
1000018301201611010687099137
1000018301201611010687145145
1000018301201611010686999588
1000018301201611010687551538
1000018301201611010687983181
1000018301201611010687777857
1000018301201611010688243287
1000018301201611010688327271
1000018301201611010688588122
1000018301201611010688836322
1000018301201611010688715586
1000018301201611020688929540
1000018301201611020690809355
1000018301201611020691734855
1000018301201611020692239876
1000018301201611020692430568
1000018301201611020693279077
1000018301201611020694440677
1000018301201611020694684747
1000018301201611020694921434
1000018301201611020694909602
1000018301201611020695158165
1000018301201611020695313210
1000018301201611020695524231
1000018301201611020695265864
1000018301201611020695607287
1000018301201611020695611282
1000018301201611020695452900
1000018301201611020695826403
1000018301201611020696241587
1000018301201611020696224793
1000018301201611020697089180
1000018301201611020697067678
1000018301201611020697817500
1000018301201611020698267729
1000018301201611020698630762
1000018301201611030699448095
1000018301201611030699939651
1000018301201611030701219297
1000018301201611030701560119
1000018301201611030702298981
1000018301201611030705990431
1000018301201611030706639707
1000018301201611030707042630
1000018301201611030707564948
1000018301201611030708148723
1000018301201611030708387289
1000018301201611030709060022
1000018301201611030708937935
1000018301201611040709643739
1000018301201611040711387278
1000018301201611040711627464
1000018301201611040711104819
1000018301201611040711615635
1000018301201611040713906622
1000018301201611040714126721
1000018301201611040715030444
1000018301201611040715319876
1000018301201611040717206555
1000018301201611040717071845
1000018301201611040718420084
1000018301201611040717416807
1000018301201611040723955540
1000018301201611040726085556
1000018301201611040730263735
1000018301201611040730898424
1000018301201611040730232917
1000018301201611040734971882
1000018301201611040736861527
1000018301201611040737710415
1000018301201611040740005230
1000018301201611040740978096
1000018301201611040743238548
1000018301201611040745467093
1000018301201611040745435258
1000018301201611040745998366
1000018301201611050746971006
1000018301201611050747489262
1000018301201611050748718918
1000018301201611050749459199
1000018301201611050749417437
1000018301201611050749282986
1000018301201611050751898161
1000018301201611050752841129
1000018301201611050752903095
1000018301201611050752829140
1000018301201611050752187807
1000018301201611050754477792
1000018301201611050756637871
1000018301201611050757064804
1000018301201611050758002610
1000018301201611050758971519
1000018301201611050760490189
1000018301201611050761656360
1000018301201611050762838815
1000018301201611050763135730
1000018301201611050764047116
1000018301201611050764083142
1000018301201611050763280881
1000018301201611050764633433
1000018301201611050765141059
1000018301201611050765108468
1000018301201611050765914057
1000018301201611050765519680
1000018301201611050766567275
1000018301201611050766692202
1000018301201611050767468587
1000018301201611050768519566
1000018301201611050768483750
1000018301201611050769748131
1000018301201611050769831108
1000018301201611050770268223
1000018301201611060772265638
1000018301201611060772910335
1000018301201611060772188703
1000018301201611060773168278
1000018301201611060772905579
1000018301201611060773781082
1000018301201611060773466798
1000018301201611060775593363
1000018301201611060775528670
1000018301201611060775823664
1000018301201611060776296110
1000018301201611060776372117
1000018301201611060776429195
1000018301201611060776332431
1000018301201611060776375408
1000018301201611060777775246
1000018301201611060777360964
1000018301201611060778830373
1000018301201611060779111001
1000018301201611060779124154
1000018301201611060779618028
1000018301201611060780005315
1000018301201611060780456410
1000018301201611060781407872
1000018301201611060782092845
1000018301201611060782021901
1000018301201611060782367640
1000018301201611060782832287
1000018301201611060783022145
1000018301201611070783508135
1000018301201611070783810037
1000018301201611070783529717
1000018301201611070783568780
1000018301201611070784232316
1000018301201611070784670009
1000018301201611070785665658
1000018301201611070786101653
1000018301201611070786998266
1000018301201611070787802717
1000018301201611070788951024
1000018301201611070788564775
1000018301201611070789226175
1000018301201611070789347513
1000018301201611070790501625
1000018301201611070791195548
1000018301201611070791408723
1000018301201611070791697345
1000018301201611070791855395
1000018301201611070791564837
1000018301201611070792043450
1000018301201611070792013502
1000018301201611070792350136
1000018301201611070792529190
1000018301201611070792607512
1000018301201611070792692517
1000018301201611070792660850
1000018301201611070793102758
1000018301201611070793216911
1000018301201611070793413679
1000018301201611070793430771
1000018301201611070793603867
1000018301201611070794176088
1000018301201611070793894876
1000018301201611070794265258
1000018301201611080795944621
1000018301201611080795911972
1000018301201611080796135807
1000018301201611080796320727
1000018301201611080796712107
1000018301201611080796443581
1000018301201611080796847078
1000018301201611080797017077
1000018301201611080798189343
1000018301201611080798467908
1000018301201611080800286300
1000018301201611080800381074
1000018301201611080800394660
1000018301201611080801079807
1000018301201611080801031966
1000018301201611080801422870
1000018301201611080801812113
1000018301201611080802139151
1000018301201611080802543269
1000018301201611080802878007
1000018301201611080803221357
1000018301201611080803378100
1000018301201611084803568235
1000018301201611080803418767
1000018301201611080803538519
1000018301201611080803986392
1000018301201611084805212614
1000018301201611084805335816
1000018301201611084807105193
1000018301201611084807297537
1000018301201611084807468439
1000018301201611094807931873
1000018301201611094808385215
1000018301201611094808407782
1000018301201611094808230991
1000018301201611094809025158
1000018301201611094809144104
1000018301201611094808610643
1000018301201611094808533952
1000018301201611094808704822
1000018301201611094808883465
1000018301201611094808820770
1000018301201611094808874698
1000018301201611094809007688
1000018301201611094809824010
1000018301201611094809863468
1000018301201611094810264302
1000018301201611094810328348
1000018301201611094810378549
1000018301201611094812568050
1000018301201611094812431979
1000018301201611094813388979
1000018301201611094813690991
1000018301201611094814164020
1000018301201611094814289083
1000018301201611094814281519
1000018301201611094814567701
1000018301201611094814651913
1000018301201611094815359121
1000018301201611094815442198
1000018301201611094815747737
1000018301201611094815807678
1000018301201611094816095565
1000018301201611094816341335
1000018301201611094816297698
1000018301201611094816731565
1000018301201611094817030263
1000018301201611094816908640
1000018301201611094817406368
1000018301201611094817221771
1000018301201611094817322713
1000018301201611104818426434
1000018301201611104818284962
1000018301201611104818760324
1000018301201611104818517687
1000018301201611104818723355
1000018301201611104818414839
1000018301201611104818305982
1000018301201611104818720349
1000018301201611104818741751
1000018301201611104819137505
1000018301201611104818981892
1000018301201611104821460211
1000018301201611104821530595
1000018301201611104821612765
1000018301201611104822569855
1000018301201611104823900951
1000018301201611104824471867
1000018301201611104824520713
1000018301201611104824869546
1000018301201611104825337783
1000018301201611104825711431
1000018301201611104827031144
1000018301201611104827472846
1000018301201611104827613893
1000018301201611114827950923
1000018301201611114828638628
1000018301201611114828585896
1000018301201611114828706724
1000018301201611114829013534
1000018301201611114828682794
1000018301201611114829736363
1000018301201611114829146930
1000018301201611114830798169
1000018301201611114829449823
1000018301201611114829562745
1000018301201611114829996601
1000018301201611114829942599
1000018301201611114831367451
1000018301201611114830724821
1000018301201611114833031043
1000018301201611114831188913
1000018301201611114831750993
1000018301201611114835679377
1000018301201611114836815733
1000018301201611114837550439
1000018301201611114837738478
1000018301201611114842544227
1000018301201611114849710232
1000018301201611114852112253
1000018301201611114851309733
1000018301201611114852743674
1000018301201611114854360636
1000018301201611114855074415
1000018301201611114855201661
1000018301201611114856127167
1000018301201611114861452498
1000018301201611114861937734
1000018301201611114863332374
1000018301201611114862747936
1000018301201611114864554216
1000018301201611114863742625
1000018301201611114865516683
1000018301201611114865948996
1000018301201611114868355914
1000018301201611124871912146
1000018301201611124871836484
1000018301201611124872085629
1000018301201611124872310385
1000018301201611124872430213
1000018301201611124872034500
1000018301201611124871929880
1000018301201611124872678714
1000018301201611124873854688
1000018301201611124875507130
1000018301201611124877145406
1000018301201611124878129139
1000018301201611124878307265
1000018301201611124881268084
1000018301201611124885125221
1000018301201611124886961426
1000018301201611124887312535
1000018301201611124887781878
1000018301201611124888185784
1000018301201611124887994942
1000018301201611124888519823
1000018301201611124891846024
1000018301201611124891853722
1000018301201611124891866787
1000018301201611124892928342
1000018301201611124892722535
1000018301201611124892979537
1000018301201611124893091389
1000018301201611124893995013
1000018301201611124894095379
1000018301201611134895062746
1000018301201611134895609097
1000018301201611134895531262
1000018301201611134895303740
1000018301201611134895157828
1000018301201611134896468029
1000018301201611134897088099
1000018301201611134896966527
1000018301201611134897070391
1000018301201611134897613447
1000018301201611134898535333
1000018301201611134898688226
1000018301201611134899778534
1000018301201611134899726977
1000018301201611134900014910
1000018301201611134900459256
1000018301201611134901234011
1000018301201611134901394002
1000018301201611134901223662
1000018301201611134901518762
1000018301201611134902005200
1000018301201611134901957658
1000018301201611134902069694
1000018301201611134902257481
1000018301201611134903100328
1000018301201611134903150259
1000018301201611134903905393
1000018301201611134904033561
1000018301201611144904572472
1000018301201611144905125364
1000018301201611144904965674
1000018301201611144905119504
1000018301201611144905034911
1000018301201611144905338509
1000018301201611144906742294
1000018301201611144906890803
1000018301201611144907022751
1000018301201611144907213051
1000018301201611144908194666
1000018301201611144908689039
1000018301201611144909541274
1000018301201611144909706076
1000018301201611144909938373
1000018301201611144909809711
1000018301201611144910612235
1000018301201611144910712290
1000018301201611144910722558
1000018301201611144910950459
1000018301201611144911152962
1000018301201611144911145895
1000018301201611144911638017
1000018301201611144911347914
1000018301201611144911944018
1000018301201611144912382085
1000018301201611144913056464
1000018301201611144912752992
1000018301201611144913240467
1000018301201611144913353635
1000018301201611144913784349
1000018301201611154914241862
1000018301201611154914832153
1000018301201611154914610666
1000018301201611154914631738
1000018301201611154914909543
1000018301201611154914900821
1000018301201611154915291167
1000018301201611154914912933
1000018301201611154916536308
1000018301201611154916506988
1000018301201611154916760699
1000018301201611154917513246
1000018301201611154918660621
1000018301201611154918905352
1000018301201611154919503040
1000018301201611154920074789
1000018301201611154920083951
1000018301201611154920393729
1000018301201611154920404429
1000018301201611154920575856
1000018301201611154921235477
1000018301201611154921147823
1000018301201611154921910052
1000018301201611154923947052
1000018301201611154923912628
1000018301201611154924315053
1000018301201611154924269748
1000018301201611164925315805
1000018301201611164925576900
1000018301201611164925666846
1000018301201611164925679747
1000018301201611164925972642
1000018301201611164926415083
1000018301201611164925805994
1000018301201611164926195990
1000018301201611164926521972
1000018301201611164926759577
1000018301201611164927151705
1000018301201611164927242749
1000018301201611164928565768
1000018301201611164928506897
1000018301201611164929085878
1000018301201611164929344690
1000018301201611164929676445
1000018301201611164929769880
1000018301201611164929962930
1000018301201611164930156561
1000018301201611164930393919
1000018301201611164931558515
1000018301201611164932278209
1000018301201611164931976992
1000018301201611164932114833
1000018301201611164932492519
1000018301201611164932808664
1000018301201611164932863623
1000018301201611164932926544
1000018301201611164933718075
1000018301201611164933503726
1000018301201611164934438063
1000018301201611164934657943
1000018301201611164935094497
1000018301201611164935531012
1000018301201611174935918131
1000018301201611174936269284
1000018301201611174936860035
1000018301201611174936374669
1000018301201611174936368728
1000018301201611174936370675
1000018301201611174936771313
1000018301201611174936996107
1000018301201611174936814807
1000018301201611174937494167
1000018301201611174937469579
1000018301201611174937376843
1000018301201611174937476854
1000018301201611174937637618
1000018301201611174938212055
1000018301201611174938381365
1000018301201611174938177894
1000018301201611174938484531
1000018301201611174939782976
1000018301201611174940301143
1000018301201611174940450009
1000018301201611174940217721
1000018301201611174940570145
1000018301201611174940685361
1000018301201611174941254440
1000018301201611174944047048
1000018301201611174944109293
1000018301201611174944172991
1000018301201611174945908180
1000018301201611174945890289
1000018301201611174946554290
1000018301201611174946419573
1000018301201611184947194794
1000018301201611184948891390
1000018301201611184948441693
1000018301201611184949871184
1000018301201611184950246176
1000018301201611184949053951
1000018301201611184954179563
1000018301201611184955146092
1000018301201611184955920015
1000018301201611184955196611
1000018301201611184956137108
1000018301201611184956153457
1000018301201611184956388986
1000018301201611184958206474
1000018301201611184961038286
1000018301201611184965715132
1000018301201611184965969310
1000018301201611184968953484
1000018301201611184970112907
1000018301201611184974188760
1000018301201611184974896716
1000018301201611184979545222
1000018301201611184979196873
1000018301201611184983478891
1000018301201611184984863314
1000018301201611184985140269
1000018301201611184987706281
1000018301201611184988292222
1000018301201611184987536789
1000018301201611194991473036
1000018301201611194990918531
1000018301201611194990913524
1000018301201611194991444390
1000018301201611194991428485
1000018301201611194991583306
1000018301201611194991291662
1000018301201611194992096195
1000018301201611194991876619
1000018301201611194993024427
1000018301201611194994309296
1000018301201611194995569191
1000018301201611194996856239
1000018301201611194996756883
1000018301201611194997179837
1000018301201611195000066810
1000018301201611195002762423
1000018301201611195002109904
1000018301201611195006024086
1000018301201611195006663453
1000018301201611195007230272
1000018301201611195007556127
1000018301201611195008089094
1000018301201611195007984177
1000018301201611195007471756
1000018301201611195009920869
1000018301201611195010188970
1000018301201611195012397565
1000018301201611195012439876
1000018301201611195014214431
1000018301201611205015471295
1000018301201611205016896698
1000018301201611205017321253
1000018301201611205017150548
1000018301201611205016677928
1000018301201611205017090619
1000018301201611205017500415
1000018301201611205017568733
1000018301201611205017845623
1000018301201611205018244988
1000018301201611205018920840
1000018301201611205019284217
1000018301201611205019261700
1000018301201611205020274915
1000018301201611205020816772
1000018301201611205020916780
1000018301201611205021003988
1000018301201611205021766571
1000018301201611205022177214
1000018301201611205022266568
1000018301201611205022594935
1000018301201611205023492473
1000018301201611205023261980
1000018301201611205023848108
1000018301201611205023996234
1000018301201611205024152678
1000018301201611205025469484
1000018301201611205025481615
1000018301201611205025807283
1000018301201611205025857408
1000018301201611215025937475
1000018301201611215026712965
1000018301201611215027279103
1000018301201611215026997481
1000018301201611215027240275
1000018301201611215026983934
1000018301201611215027652040
1000018301201611215027635072
1000018301201611215027240870
1000018301201611215028039264
1000018301201611215027909675
1000018301201611215028658063
1000018301201611215028607651
1000018301201611215028874154
1000018301201611215028517847
1000018301201611215029405417
1000018301201611215029331736
1000018301201611215029845487
1000018301201611215031086001
1000018301201611215031317326
1000018301201611215032197454
1000018301201611215032799183
1000018301201611215033154108
1000018301201611215032994589
1000018301201611215034014452
1000018301201611215033898786
1000018301201611215034944346
1000018301201611215035172423
1000018301201611215035203694
1000018301201611215035515556
1000018301201611215035862389
1000018301201611215035900624
1000018301201611215036360090
1000018301201611215037042264
1000018301201611215037353090
1000018301201611215036990792
1000018301201611215037434396
1000018301201611215037712352
1000018301201611215037565589
1000018301201611225037831965
1000018301201611225039640345
1000018301201611225039716300
1000018301201611225039857040
1000018301201611225039812234
1000018301201611225039518734
1000018301201611225039482815
1000018301201611225039873223
1000018301201611225040016028
1000018301201611225040182253
1000018301201611225040915087
1000018301201611225041070400
1000018301201611225042021795
1000018301201611225042464443
1000018301201611225043268942
1000018301201611225043471541
1000018301201611225043655760
1000018301201611225044021115
1000018301201611225046788712
1000018301201611225047845202
1000018301201611225047960000
1000018301201611225047649979
1000018301201611225047977612
1000018301201611225047902665
1000018301201611225048553379
1000018301201611225049010446
1000018301201611225048964933
1000018301201611225049239412
1000018301201611225049443541
1000018301201611225049294912
1000018301201611225049243192
1000018301201611225049687141
1000018301201611225049437796
1000018301201611225049574572
1000018301201611225049709213
1000018301201611225049358962
1000018301201611235050904042
1000018301201611235051223659
1000018301201611235052075053
1000018301201611235051534470
1000018301201611235051486545
1000018301201611235051614457
1000018301201611235052148129
1000018301201611235052357082
1000018301201611235052134390
1000018301201611235053124149
1000018301201611235053147600
1000018301201611235053833251
1000018301201611235053676884
1000018301201611235054449482
1000018301201611235054546715
1000018301201611235055201538
1000018301201611235055585004
1000018301201611235055065768
1000018301201611235056391845
1000018301201611235057513149
1000018301201611235058025546
1000018301201611235059145332
1000018301201611235058918892
1000018301201611235059010700
1000018301201611235059168586
1000018301201611235059658027
1000018301201611235059208985
1000018301201611235059704259
1000018301201611235059490747
1000018301201611235059514762
1000018301201611235059471668
1000018301201611235059552755
1000018301201611235059992367
1000018301201611235060580040
1000018301201611235060470207
1000018301201611235061359234
1000018301201611235061227848
1000018301201611235061444450
1000018301201611235061645459
1000018301201611235061910902
1000018301201611235062571009
1000018301201611235062288852
1000018301201611235062798081
1000018301201611235062678780
1000018301201611235062522930
1000018301201611235063116076
1000018301201611235063229789
1000018301201611235063332600
1000018301201611235063444619
1000018301201611235063752050
1000018301201611245063692582
1000018301201611245063944096
1000018301201611245064282552
1000018301201611245064454551
1000018301201611245064703592
1000018301201611245065131098
1000018301201611245065168093
1000018301201611245064985270
1000018301201611245065220202
1000018301201611245064639732
1000018301201611245065126470
1000018301201611245064983788
1000018301201611245065896008
1000018301201611245066909462
1000018301201611245066779716
1000018301201611245067327297
1000018301201611245067415715
1000018301201611245067788056
1000018301201611245068017052
1000018301201611245068133348
1000018301201611245068840084
1000018301201611245068730557
1000018301201611245069107519
1000018301201611245069693085
1000018301201611245069613345
1000018301201611245069760598
1000018301201611245070345552
1000018301201611245070565394
1000018301201611245071041216
1000018301201611245071216467
1000018301201611245071432670
1000018301201611245071751855
1000018301201611245072164473
1000018301201611245072167668
1000018301201611245072779590
1000018301201611245072828625
1000018301201611245073552891
1000018301201611245073391820
1000018301201611245073980514
1000018301201611245074326065
1000018301201611245073833741
1000018301201611245074399498
1000018301201611245074734559
1000018301201611245074359655
1000018301201611245074808100
1000018301201611245075059286
1000018301201611245074977397
1000018301201611245075552227
1000018301201611245075872175
1000018301201611245076036007
1000018301201611255075987151
1000018301201611255076039120
1000018301201611255075843720
1000018301201611255076124580
1000018301201611255077678285
1000018301201611255077134999
1000018301201611255077738344
1000018301201611255076948832
1000018301201611255077864187
1000018301201611255077842310
1000018301201611255078167116
1000018301201611255077429584
1000018301201611255078127169
1000018301201611255078157155
1000018301201611255077278951
1000018301201611255077396939
1000018301201611255078176321
1000018301201611255077482977
1000018301201611255078175559
1000018301201611255078088660
1000018301201611255079312958
1000018301201611255086174828
1000018301201611255087743328
1000018301201611255087847506
1000018301201611255087910750
1000018301201611255092223087
1000018301201611255090426766
1000018301201611255091089996
1000018301201611255096193795
1000018301201611255097261356
1000018301201611255097966105
1000018301201611255099536804
1000018301201611255100905132
1000018301201611255101676653
1000018301201611255104841110
1000018301201611255105086108
1000018301201611255107544505
1000018301201611255108104524
1000018301201611255109347117
1000018301201611255108044834
1000018301201611255109009669
1000018301201611255110522173
1000018301201611255109406831
1000018301201611255110682273
1000018301201611255111121566
1000018301201611255111290628
1000018301201611255114581140
1000018301201611255114922590
1000018301201611255114923989
1000018301201611255115596537
1000018301201611255115750578
1000018301201611255115877593
1000018301201611255115774571
1000018301201611255116219652
1000018301201611265116798943
1000018301201611265118501803
1000018301201611265118775721
1000018301201611265118991342
1000018301201611265119304084
1000018301201611265119148318
1000018301201611265119142298
1000018301201611265118893758
1000018301201611265118981579
1000018301201611265118714885
1000018301201611265118976462
1000018301201611265118482907
1000018301201611265119148351
1000018301201611265119202374
1000018301201611265119115353
1000018301201611265119261370
1000018301201611265119018456
1000018301201611265119353264
1000018301201611265118914532
1000018301201611265119235416
1000018301201611265119018505
1000018301201611265119501101
1000018301201611265119585074
1000018301201611265119321418
1000018301201611265119235607
1000018301201611265119130755
1000018301201611265119282490
1000018301201611265119392374
1000018301201611265119759079
1000018301201611265119555382
1000018301201611265119464509
1000018301201611265119141986
1000018301201611265119180919
1000018301201611265119562588
1000018301201611265120159009
1000018301201611265119588451
1000018301201611265120217005
1000018301201611265119335751
1000018301201611265119333972
1000018301201611265119981259
1000018301201611265119436857
1000018301201611265119672446
1000018301201611265120145209
1000018301201611265119540902
1000018301201611265119798552
1000018301201611265119626770
1000018301201611265119699904
1000018301201611265120244373
1000018301201611265120430348
1000018301201611265119982796
1000018301201611265121171105
1000018301201611265120233955
1000018301201611265120673757
1000018301201611265121207749
1000018301201611265121418626
1000018301201611265121797264
1000018301201611265121275757
1000018301201611265122030596
1000018301201611265122986114
1000018301201611265123061049
1000018301201611265124466243
1000018301201611265123933664
1000018301201611265124989325
1000018301201611265125996009
1000018301201611265127212848
1000018301201611265128676106
1000018301201611265128396643
1000018301201611265128311797
1000018301201611265129461112
1000018301201611265129622067
1000018301201611265129430544
1000018301201611265130617333
1000018301201611265131008962
1000018301201611265132307482
1000018301201611265133027160
1000018301201611265134059009
1000018301201611265135365147
1000018301201611265135495569
1000018301201611265136976500
1000018301201611265137416318
1000018301201611265138306062
1000018301201611265138963198
1000018301201611265139496304
1000018301201611265139524452
1000018301201611275140831723
1000018301201611275142705148
1000018301201611275142311748
1000018301201611275142821069
1000018301201611275142557939
1000018301201611275142693552
1000018301201611275143089241
1000018301201611275142997475
1000018301201611275143330152
1000018301201611275143288336
1000018301201611275143055930
1000018301201611275143355901
1000018301201611275143548714
1000018301201611275144028668
1000018301201611275144117970
1000018301201611275144469314
1000018301201611275145159331
1000018301201611275145264268
1000018301201611275145474658
1000018301201611275146043131
1000018301201611275146281781
1000018301201611275146579186
1000018301201611275146383881
1000018301201611275146881058
1000018301201611275146812670
1000018301201611275146948511
1000018301201611275147152293
1000018301201611275147055553
1000018301201611275147533690
1000018301201611275148092856
1000018301201611275148373267
1000018301201611275148570454
1000018301201611275148526594
1000018301201611275148652986
1000018301201611275148823737
1000018301201611275148889535
1000018301201611275149146631
1000018301201611275149176637
1000018301201611275149598462
1000018301201611275149558681
1000018301201611275149963116
1000018301201611275150135682
1000018301201611275150443354
1000018301201611275150863081
1000018301201611275150556618
1000018301201611285152206254
1000018301201611285151973931
1000018301201611285152210394
1000018301201611285152360429
1000018301201611285152326431
1000018301201611285152053876
1000018301201611285152368349
1000018301201611285152465421
1000018301201611285152700093
1000018301201611285152937384
1000018301201611285153349475
1000018301201611285153569091
1000018301201611285153417873
1000018301201611285153532696
1000018301201611285153828281
1000018301201611285154364246
1000018301201611285154985363
1000018301201611285155499223
1000018301201611285155605547
1000018301201611285155566703
1000018301201611285155760490
1000018301201611285155964098
1000018301201611285156704084
1000018301201611285156832249
1000018301201611285156725945
1000018301201611285157084692
1000018301201611285157437220
1000018301201611285157461213
1000018301201611285157295545
1000018301201611285157458250
1000018301201611285158538210
1000018301201611285159070923
1000018301201611285159160738
1000018301201611285159481143
1000018301201611285159640031
1000018301201611285159369926
1000018301201611285159855346
1000018301201611285160733367
1000018301201611285161119012
1000018301201611285161083514
1000018301201611285161128640
1000018301201611285161425124
1000018301201611285161484704
1000018301201611285161870135
1000018301201611285162031033
1000018301201611285162048921
1000018301201611295163079197
1000018301201611295164412568
1000018301201611295164889097
1000018301201611295165057155
1000018301201611295164725985
1000018301201611295165103109
1000018301201611295164684860
1000018301201611295164907691
1000018301201611295165217236
1000018301201611295165354456
1000018301201611295165502378
1000018301201611295165886698
1000018301201611295166183368
1000018301201611295166342280
1000018301201611295166448516
1000018301201611295166721627
1000018301201611295167023241
1000018301201611295167346135
1000018301201611295167271499
1000018301201611295167218777
1000018301201611295167325675
1000018301201611295168160007
1000018301201611295168056186
1000018301201611295168831083
1000018301201611295168560894
1000018301201611295169430764
1000018301201611295169605649
1000018301201611295169591635
1000018301201611295169813914
1000018301201611295170210225
1000018301201611295170917385
1000018301201611295171325455
1000018301201611295171169102
1000018301201611295171277864
1000018301201611295171819738
1000018301201611295172594738
1000018301201611295173077149
1000018301201611295173740172
1000018301201611295174219087
1000018301201611295174418050
1000018301201611295174188602
1000018301201611295174495833
1000018301201611295174816475
1000018301201611295174978167
1000018301201611295174998221
1000018301201611295175140307
1000018301201611295174923921
1000018301201611305177340029
1000018301201611305177063771
1000018301201611305177019892
1000018301201611305177081784
1000018301201611305177088932
1000018301201611305177316314
1000018301201611305177533154
1000018301201611305177323687
1000018301201611305177646454
1000018301201611305177703446
1000018301201611305177708629
1000018301201611305178075092
1000018301201611305178209273
1000018301201611305178468799
1000018301201611305178596730
1000018301201611305178575673
1000018301201611305178627759
1000018301201611305178747688
1000018301201611305179714803
1000018301201611305179779652
1000018301201611305180009496
1000018301201611305180090862
1000018301201611305180414226
1000018301201611305180661155
1000018301201611305180577859
1000018301201611305180805861
1000018301201611305181024383
1000018301201611305181026403
1000018301201611305181147015
1000018301201611305182170368
1000018301201611305182516033
1000018301201611305182556011
1000018301201611305182568129
1000018301201611305182673751
1000018301201611305182995003
1000018301201611305182989878
1000018301201611305183292228
1000018301201611305183467010
1000018301201611305183939521
1000018301201611305184050387
1000018301201611305184234295
1000018301201611305184363444
1000018301201611305184706321
1000018301201611305184600864
1000018301201611305184951932
1000018301201611305185426230
1000018301201611305185264843
1000018301201611305185381924
1000018301201611305185700214
1000018301201611305185835207