51,3311,友邦白艳🍃,9
76,5615,test3,51
261,237,萱萱,82
286,237,刘小喵,60
320,237,jujumama,801
364,237,sunny,31
376,237,能莉,65
430,237,Queenie,515
3055,5615,啦啦啦♚,57
3407,3398,张煦,94
4258,237,王健,23
4259,237, 叮当  ,69
4261,237,🎀Angela💓🌺,62
4332,237,coco潘,7
4351,237,洋洋洋,6
4521,237,妍儿Tsai,98
4858,237,王哲,43
4879,237,Sophie,28
4880,237,bling,198
4884,237,刘筝,40
5762,237,Lory,17
5820,237,Aimee,13
5868,237,Bryan,1
6266,237,💅HG💋,18
6311,237,Ke,1
6705,1568,轻风,122
7858,1472,飞飞,3
8574,841,碧玉玲珑,4
8689,7371,Nana,7
9547,8050,小予妈妈,1156
9698,1568,心,6
9711,8050,小嫩草,1718
9714,20593,李莹,41
9731,9711,🎀赵天真👄💐,97
9872,9547, 王代玲,28
10078,8050,安红,24
10099,8050,果果妈妈,168
10138,9711,🐏李志捷,19
10193,8050,AIA-陈娜,2
10415,9711,馨妈,1
10693,9547,张燕,34
10804,16930,安宁喜悦,174
10872,9711,重生十月,514
11084,9711,陈妍,76
11458,8050,幸福有多远,1
11770,1568,孟千耘,1414
11814,3311,JillyShen,12
11880,841,mirror,77
12310,8050,公主(翠翠)汤圆妈,4
12344,16930,^･ｪ･^秋韵,2
12723,8050,骆玉辉,28
12794,8050,健康相伴美丽人生,11
13199,12465,风雪,36
14285,11770,念念王子,50
14796,1475,梦境🎊🌟🎉,1
14804,13401,任浩,89
15149,841,笑笑妈🌺各种水果零食🚚🚚,348
15245,10872,壮壮,1
15434,20593,见思仪,87
15976,16238,微儿,3
15998,1568,elisa 王,20
16238,13257,老九,108
16611,15627,希少爷爹,13
16777,15627,净儿,35
16797,15627,千友汇,936
16873,8050,卢静,24
16875,9547,雅雅公主,65
16930,9547,永丰,12
16995,14897,文佳,481
17008,14897,🌻阳光灿烂☀️,6
17095,3311,亦彤💃🎨🎶😳,1074
17212,237,  兵,10
17287,17095,💕Lu Lu zhen💒,33
17682,30291,幸福のོོོ小熊妈🐻,23
17870,1568,美慧,6
17925,13401,杨艳丽,1
17970,20442,菠萝蜜,34
18027,9711,朵子  *summer🌟,27
18107,10078,琳mainlin,1
18171,17095,niudm,10
18199,17095,WDJ,26
18373,17095,vicky,464
18422,9711,Miss.T💗,269
18433,9711,大萝卜,227
18586,13401,星转百斗🌠,1
19050,16930,吴志茹（瑜伽么么哒^_^）,85
19053,17095,晓华,6
19464,237,Yoyo,2673
19486,237,🎀Miss PiPi🎀,7
19499,237,Winifred,9
19575,17095,琳祺,1269
20306,17095,Yvonne❤,21
20442,13257,波姐,2842
20593,1568,Lucky妈妈,962
20697,17095,吉静～健康就好,100
20766,8050,冰水,7
21019,237,明秋  AQUACOME总代,109
21066,14897,歆仪妈咪,2
21516,237,海健,2
21632,237,沙沙,70
21694,1568,小麦,253
21828,10693,润妈,39
21849,15627,fish,327
21968,20593,倪慧,593
22286,18422,AM铭,11
23358,18422,森林木,140
23414,20442,璐兒,21
23443,25895,北京格格,481
23447,18422,马杰,61
23502,20593,瑄,488
23600,18422,吖玲,206
23776,20442,Catherine,164
23806,9711,小兔子乖乖,9
23810,18422,嘉💑,1
23938,237,CH果品团,179
24090,19575,grace,358
24440,237,jenny,5
24456,23938,可可爱爱,18
24668,19575,刘书伊,571
24800,20442,孩儿他妈！,33
24968,15232,王云琼,43
25101,4259,清风,2
25141,18373,🌸silence xi🌸,39
25685,237,美好,1
25783,21968,蕊蕊,2
25863,9711,欣欣,1
25892,20442,大弘妈妈,167
26294,237,张艳琴,9
26436,18433,梦小梦,157
27103,349,张晨,1
27318,20593,尚妈宝,234
27731,20442,Milly(豆豆),76
27926,25141,InaPi,183
27997,25635,群主,66
28054,18433,🎀 刘容金雨,16
28302,19464,Marmot（吴巧然）,112
28430,19464,燕舟,72
28499,9711,👉孩儿他娘👈,423
28581,19464,王钰,10
28948,25892,张奇梅,1297
28964,19464,杨璐,54
29656,237,侯静,118
29752,25635,小九,34
29768,15627,蕾蕾🐎,7
29947,19464,宁静致远,34
29965,27926,相见恨晚,1
30052,9547,小主万安,95
30076,20593,EQ,17
30322,25635,飞雨,7
30445,19464,马冬梅,8
30717,36906,珠珠fy,24
31014,23776,wsy1013,68
31546,4259,🐒杨女士,4
31580,19464,Maria,31
31628,4521,妮妮,7
31735,237,蕾,5
31793,237,我不叫宋瑜,31
31831,237,妮妮🎀,629
31926,237,陈lingling,72
32251,19464,田华,574
32449,20593,吃货小王子,14
32499,25635,飞飞飞,20
32976,19464,安心,52
33281,237,苹果树🍎🌲,70
33334,20697,程明,2
33439,27997,咪咪肖,38
33461,286,ss,1
33478,20697,王晨,128
33561,20442,✨Cathy  chen✨,5
34139,8050,文欣,1
34568,20442,甜甜圈🐠马卡龙,65
35035,237,🐻熊宝宝悦悦💋,22
35538,11770,小敏感💭,44
35928,23443,玉风如烟,77
35987,20442,喜羊羊@菲妈,1436
36030,35987,琪晓然,474
36037,35987,小嘟嘟,1159
36054,35987,白雪,4
36092,35987,施瑾,20
36202,20442,蓉儿,243
36304,23443, 小金鱼儿,23
36475,15627,大冷爽   ,31
36640,35987,Monica Zhao,37
36703,26436,赵杰,53
36797,35987,凡凡,16
36906,-1,好心情一直都在,76
37058,35987,艳艳,35
37185,19636,Catherine•M,47
37207,37185,天儿,24
37210,23443,佐伊,7
37433,23094,冯裤子有个兜兜,164
37434,36037,悦·景轩🇰🇷韩国,29
37447,20442,jasmine,691
37480,36030,王虹,30
37659,36037,大周和小周,92
37786,23443,云水之间,1
37801,32499,阳光,49
37879,320,我就是可乐乐妈,116
37906,36906,小猕猴 ‍微信超級會員,23
37910,36906,🍭🍭静儿💍💍,86
38287,28302,❤🐯咩咩,7
38442,13401,张韵浩,1
38617,237,wangzj❤️kitty,545
38645,8050,睿雪儿,12
38710,24968,呥呥升起💬,37
38749,37434,殇訫,8
39163,36037,晶晶,145
39196,35270,爱吃糖的六一,68
39501,23443,ROSE,3
39546,841,王振※,92
39564,26436,婚礼策划·韩洁,2
39760,29752,白菜地,8
39831,23358,伊澜.我的甜蜜作坊,232
39840,237,天线宝宝,13
39885,37447,齐忻Queena,27
40112,23443,玲玲,8
40604,237,小君🍭,21
40805,25635,酷卡王的🇰🇷小铺,321
40858,35987,小轩,1077
40862,10872,花月,1
41290,23443,A源生原味侯建欣,82
41584,9547,微凉,110
41867,6705,开心果,10
41905,35987,茉莉,45
42147,37947,云云,2
42419,28499,末末妈,7
42546,39831,魏彦彦,63
42829,40805,魏炜,4
42900,28499,安娜娜,775
42914,28499,💋微笑女王💋,21
42996,28499,何静波,76
43035,41584,A艺文～🌺,52
43151,36475,灸舞-飞流,16
43238,38617,乐乐,9
43271,10078,森森,4
43351,32251,💓润丽💓,117
43464,20442,思思妈健康大使,3
43517,37447,雨打芭蕉,192
43519,39831,Wendy,82
43590,28499,郑丹（球球）,9
44035,3398,jane,56
44081,9872,木子佳,5
44233,237,米娅娅🍒,1
44248,36037,李涵霖,12
44390,54775,宏阳,2
44706,10099,臧春丽,18
44735,44035,罗慎,4
44851,10078,金环,5
45015,20593,anna,101
45027,36037,红岩,3
45391,28948,莲@荷,17
45427,11770,毕晨红,254
45547,44035,Susie,13
45789,21632,zoe,3
46159,20442,黎黎汽车KTV,21
46233,21632,A0 🍬南瓜堡进口母婴🍬,23
46392,37185,木木💙L,9
46833,237,宝妈,79
46852,40805,琪,12
46952,6705,李真,2
47661,35035,艾米💰💸💴💶💷💳,28
47755,38617,🎀 纵然 💖🍭,147
47845,27318,尚妈宝,9
48381,24090,Ace潇儿,5
48464,4880,吉吉,15
48870,19742,🍒汐汐🍒果园,3
49169,46833,白🎉two💨🐾,60
50112,36037, 爱吃俱乐部,16
50332,237,ff韩式美颜,10
50413,40805,紫石,14
50755,40805,格式,3
51036,42900,A👙小影子🍭,302
51049,841,翼妈,379
51117,45427,Cheོrry,29
51193,51036,AA胖美妞欧韩馆,13
51472,36037,DR王芳～wv下一站：澳门🇲🇴,4
51516,51036,潮宝贝，（韩国🇰🇷代购）,16
51741,42900,💋吃货朵儿,85
52007,42900,A🎀童衣战线🎀,325
52470,42900,小马驹妈妈,23
52718,50112,红果果,283
53068,23358,佳佳,5
53175,42900,天道酬勤,1
53183,42900,唯诺💕萌萌,24
53233,53232,.WoO、,22
53849,51233,J&#039;S,127
54696,32251,笑儿妈,1
54775,430,正能量女王Tracy,114
55612,50413,灵静,21
55854,19730,泓,4
56716,30717,小倩,17
56968,320,芮宏阳,32
57037,4310,lucyli,5
57058,4310,岁月静好,5
57355,51036,樂🎀樂❁҉҉҉҉҉҉҉҉,14
57512,31831,周雨萱,12
57580,78912,吃货团长,712
57612,430,因为喜欢,265
57673,57355,徐杨杨,37
58096,52007,sui满满🍧,12
58281,36037,朱艳华,5
58314,9547,娟子,8
58579,32251,桉桉家,23
58766,43035,茉莉清香,3
58960,31831,丁佳蕊妈妈,27
59435,51036,依苒,12
59562,237,平凡,33
59622,26412,陈陈妈咪,7
59985,20442,🌺小花小树妈🌳,11
60027,51036,王丽,51
60036,37433,爱雪麻麻,51
60125,23094,木豆鱼,7
60141,31831,肉肉,93
60158,31831,二锤,11
60407,51036,🍓喜洋洋吃货大街🍒,19
60787,43517,颜儿,35
60821,430,吃货天堂,3
60873,1568,刘蕾,8
61232,54775,🙏弘晟🙏,13
61458,59985,雪英,8
61463,56968,月牙儿,5
61496,36030,金航妈,34
61769,43517,相约。幸福,2
62219,52718,啪啦啪啦小魔女,65
62496,57673,晴天小🐷🐷,10
62726,66025,子文,1
62914,60999,吃货一枚,69
63387,31831,小棉袄🎀,141
63409,31831,Captain chan,29
63502,23443,秋天,7
64328,51741,💋happiness luo💗,10
64512,42900,-.🐻.娇,6
64608,62914,能吃是福,1
64671,62914,A沈静,13
64734,31831,王超,24
64736,60999,时光时光,9
64995,60999,吃美食享受生活,2
65028,11770,王颖,205
65501,62914,妞妞酱肉小馆一一妞妞妈,11
65705,40858,黄亚盟IMD,125
65819,49169,李小美、要幸福,12
65878,62980,😊辰,51
65887,65878,龙宝儿,3
65905,62980,杨梦达,49
66025,8634,漠子,1
66213,13401,俩孩子的妈🎃,2
66306,15149,♛Ꭶ̀ Regina懿 💃,4
66913,64995,╭☞ 源 圈 💭,1
67079,64995,数你,2
67280,38617,小圆儿,34
67479,57612,瑶瑶,4
67527,23443,博妈在线,132
67730,31831,好难瘦小姐 😝,36
67813,23358,Meg,3
67957,43517,淡泊,13
67980,68931,💓 "Oo.Zw_wZ.oO"●﹏●妞❕,69
68059,20593,A 👼 牛林林 ✨,1
68880,41290,周力静-天木工艺,1
68926,16611,戴小念,3
68931,67730,郑小欠是天蝎座,17
68959,65028,诺大诺宝儿,10
69440,36030,都都,6
69544,28964,逗鱼,17
69571,64671,湘姚,3
69611,69544,A-D,18
69999,65878,木青子争,12
70087,8634,A-鼻涕妞儿,19
70133,25635,A&amp;amp;Yy,2
70178,63409,♛ Queen .,1
70405,26357,李*^_^*晶,25
70604,36202,发现美食,9
70814,43351,S🌸S,3
70878,26357,薇风拂过,12
70927,16995,赵菲,395
71189,70927,笑一笑,1
71759,60141,小晨,18
71800,60141,NANA,2
71962,23443,关wei,2
71988,60141,张少伟,1
71989,60141,玖天,7
72136,68931,👶小萌🍼大菥（诚招加盟）,2
72247,60407,好人好梦,1
72335,31831,彭赛,2
72410,76,test1,1
72833,61458,龙凤宝妈,18
72834,65905,eva,8
72849,4259,A吴春影,8
72949,56968,123,39
72993,430,💓萌萌巴黎购💓请加星标,62
73190,63387,可可妈💓（梦克拉）,9
73198,31831,萌萌妈咪0930,94
73249,67980, 幸福宝宝,5
73591,43517,三杨开泰,64
73692,70927,槑完槑了,9
73697,65705,雪卿     ,49
73741,47755,A✨希望🎲,62
73801,67980,夏末秋芷💤,3
73887,63387,2,4
74201,53849,岳,2
74484,70878,💃恬妞儿麻麻💓,32
74498,47755,我行我素,31
74593,67527,💎 申思萌  🌻,1
74731,72949,Li,2
74778,73591,一起陶吧,8
74874,23443,玉玲珑 保迪秀常营店,16
75098,63387,高调唱情歌,18
75543,73591,俏俏,9
75742,4530,王 阳,1
76403,67980,心情不错,5
76848,11770,西城微平台,10
77005,73591,嗯哼👣,4
77077,70927,隋建平,3
77545,68959,Gloria,4
77669,36703,坨坨,1
78297,71800,Jolie,12
78947,37879,阿拉蕾💕,3
79609,74874,丹丹family 🐻,3
79879,27997,🎀微微旧好🎀,6
80546,67527,马丛,9
81649,70927,Tina糖堆儿家,6
82130,11770,🌸7'小花…,3
82514,23443,may,8
83993,39546,陈文勇,1
84249,81649,xiaoxia noah,1
84920,36703,🌶️小辣椒🌶️,5
85403,70133,✨👑大帆帆🌺💍✨♋,2