59
83
237
261
273
289
290
316
320
367
368
376
378
427
430
432
1472
1568
3309
3311
3398
3408
4258
4259
4270
4285
4310
4340
4350
4376
4387
4521
4530
4640
4874
4879
4880
4907
5130
5820
5828
6283
6344
6705
6914
7728
8050
8634
9083
9547
9667
9698
9711
9731
10099
10367
10733
10804
10838
10872
11002
11623
11770
11853
12187
12396
12465
13257
13401
14196
14253
14804
14807
14897
15998
16238
16797
16875
16995
17095
17174
17870
18081
18373
18433
18630
18679
18964
19464
19482
19575
19789
19872
19893
19894
19921
20442
20492
20516
20593
20915
21019
21066
21098
21162
21632
21846
21849
21968
22824
23065
23143
23301
23358
23414
23443
23483
23502
23576
23776
23836
23938
24090
24239
24444
24668
24740
25016
25635
25716
25783
25892
26197
26436
26591
26980
27318
27731
27964
27980
27997
28302
28499
28948
28964
29204
29656
30052
30329
30625
30628
31204
31356
31358
31426
31427
31433
31793
31831
31848
32251
32796
33281
33433
33439
34112
34533
34568
35507
35987
36030
36037
36202
36222
36326
37299
37433
37447
37457
37480
37570
37879
37896
37910
38308
38617
38710
38911
38982
39163
39831
39840
40218
40604
40628
40805
40858
40866
40988
41116
41268
41290
41867
42158
42160
42183
42331
42544
42598
42743
42744
42900
42902
43076
43287
43351
43517
43519
43788
43923
43936
43937
44186
44360
44509
44640
45015
45140
45335
45427
45720
45784
45789
45849
45879
45880
46085
46325
46833
46995
47057
47190
47661
47743
47755
47991
48416
48449
48464
48565
48675
48849
48964
48990
49169
49633
49859
50343
50483
50694
50924
51009
51036
51049
51233
52118
52718
53139
53143
53298
53356
53849
54775
55926
55962
57041
57580
57612
59218
59470
59537
59554
59622
59700
60036
60141
60407
60682
60787
60867
61361
62150
62219
62454
62914
62980
63387
64629
65028
65177
65346
65409
65705
65819
66793
67048
67280
67336
67413
67417
67527
67604
67651
67902
67980
68266
68926
69440
69532
69624
70016
70133
70264
70506
70591
70853
70927
71120
71183
71495
71500
71509
71632
71674
71721
71753
71811
71861
72108
72139
72834
72993
73132
73198
73697
73741
74363
74498
75098
75130
75156
75452
75560
76818
77161
77404
77545
77726
78049
78114
78502
78984
79445
79590
80017
80201
80253
80295
80546
80846
81255
81511
81557
81560
81580
81860
81941
82081
82179
82193
82481
83469
83621
83740
83947
83993
84265
84290
84584
84694
84751
85011
85184
85229
86021
86377
86680
87631
87634
88209
88541
88623
89079
89140
89159
89304
89317
89655
89874
89968
90003
90485
90498
90506
90576
90739
90796
90878
90884
91192
91274
91368
91683
91692
92000
92044
92104
92338
92384
93433
93506
93595
93645
93728
93850
94555
94689
95445
95673
95948
96114
96192
96405
96599
96669
97027
97065
97293
97484
97724
98259
98670
98736
98885
99535
100521
100625
100741
100800
101107
101164
101207
101369
101926
101963
102107
102438
102570
102580
102741
103006
103027
103120
103520
103541
103861
103922
104478
104506
104522
104832
104858
104873
105020
105432
105496
105630
105643
105647
105761
105773
105820
105825
105898
106140
106725
106996
107035
107346
107431
107540
107550
107885
109034
109462
109560
109638
109724
109825
109899
110141
110143
110200
110221
110550
110552
110588
110676
110808
110936
111039
111138
111401
111493
111948
111979
112120
112343
112801
113296
113329
113653
113865
113868
113988
113996
114260
114338
114385
114969
115100
115141
115266
115735
116000
116087
116346
116955
116959
117712
117765
118242
118351
119824
120418
120601
120622
120654
120763
120770
120952
121791
121830
121843
121876
122418
122503
122583
122936
122973
123031
123134
123688
123705
123814
123838
124016
124934
124998
125114
125139
125292
125472
125871
126012
126268
126594
126627
126821
126856
127253
127302
127540
127849
128141
128203
128219
128248
128249
128416
128446
128620
128759
128803
129026
129129
129266
129320
129416
129752
130302
130383
130525
131234
131401
131465
131521
131535
131541
131877
132192
132306
133350
133430
133686
133840
134289
134481
134483
134510
134823
134889
134903
134920
134939
134977
135063
135071
135225
135390
135529
135650
135723
135884
136082
136354
136511
136516
136682
136755
136788
136906
136993
137351
137373
137377
137434
137489
137494
137638
137673
137733
137751
137854
137892
138259
138272
138283
138295
138391
138530
138622
138641
138658
139056
139457
139489
139586
139800
139918
140011
140133
140291
140321
140367
140934
140983
141220
141531
142240
142286
142295
142338
142466
142596
142982
143014
143145
143230
143390
143391
143422
143604
143807
143813
144051
144063
144218
144236
144536
144612
144689
144695
144857
145007
145080
145089
145201
145287
145346
145393
145431
145451
145664
145945
145957
146093
146119
146649
146730
147484
147562
147650
147706
148123
148334
148392
148430
148961
149364
149395
149594
149863
149934
149999
150053
150342
150553
150913
151055
151461
151534
151829
151906
151972
152050
152101
152235
152284
152445
152539
152625
152768
152929
152937
153023
153257
153323
153640
153699
153725
154028
154100
154229
154351
154403
154946
155463
155580
156140
156188
156270
156301
156405
156481
156605
156696
156733
156914
156981
157317
157405
157559
157688
157961
158275
158331
158883
159117
159289
159490
159829
160042
160111
160135
160352
160357
160374
160408
160431
160441
160445
160477
160848
160863
161121
161276
161311
161633
161643
161787
161809
161813
161834
161999
162042
162261
162309
162539
162870
162882
163140
163143
163205
163251
163521
163816
164235
164311
164705
164761
164853
165411
165440
165503
165574
165578
165754
166094
166289
166522
166553
166878
166964
167319
167338
167358
167364
167384
167490
167704
167757
168019
168023
168122
168197
168335
168456
168722
168989
169207
169323
169854
169892
170003
170109
170144
170169
170289
170557
170661
170878
171026
171155
171461
171547
171554
171768
171790
171882
171998
172038
172057
172062
172084
172189
172192
172282
172574
172658
172718
172793
172860
172978
173283
173759
173822
173868
173878
174019
174200
174365
174369
174391
174550
174566
174641
174704
174980
175216
175534
175581
175615
175767
175868
175880
175897
175984
176083
176155
176405
176576
176580
177475
177746
178024
178526
178756
178957
179513
179722
179838
179903
179910
179936
180302
180416
180425
180776
180902
180967
181188
181216
181456
181574
181592
181998
182079
182135
182172
182258
182582
182956
183120
183364
183773
184020
184143
184689
185399
185462
185566
185765
185859
185892
186021
186272
186342
186428
186538
186603
186773
187074
187129
187167
187362
187411
187420
187450
187687
187945
187996
188007
188150
188156
188218
188621
188980
188981
189196
189230
189277
189351
189428
189517
190060
190136
190140
190332
190608
191190
191207
191499
192035
192297
192393
192811
192993
193268
193297
193595
193600
193626
194431
195018
195038
195475
195680
195952
196670
197890
198038
198515
198633
198818
198915
199142
199303
199372
199398
199404
199426
199963
200754
201016
201257
201728
202322
202355
202536
202662
202820
203302
203811
204415
204609
204683
204712
204927
205279
205748
205950
206347
206612
206780
206908
206986
207343
207487
207806
208310
208555
208620
208704
208991
209262
209430
209850
209921
209952
211147
211223
211644
212208
212386
212721
212819
212846
212923
213214
213523
213654
213771
213808
213852
213879
213883
213999
214437
214732
215185
215698
215791
216697
216702
217025
217703
218419
218428
218497
218499
218649
218715
218774
219137
219141
219396
219681
219775
219788
219842
219877
220020
220265
220373
220423
220531
220610
220690
220721
220766
220914
221031
221037
221091
221155
221382
221428
221524
221548
221813
222851
223130
223849
224012
224053
224771
224898
225045
225451
226338
226395
227133
227183
227542
228405
228563
228575
228592
228859
229479
230141
230252
231123
232269
232356
233202
233471
234788
235181
235658
236062
236493
237217
237325
237797
237817
238074
238372
239562
239589
239965
240743
240797
241725
242687
242907
243756
243945
244147
244157
244305
244515
244838
245691
245760
245816
245881
245896
245897
246537
246697
246896
246921
247202
247344
247522
247778
248455
248581
248582
248620
248734
248736
248838
249095
249219
249738
249833
249919
249939
249957
250195
250539
250598
250625
250809
250932
250939
251453
251662
251882
252039
252082
252442
253151
253173
253857
253860
254663
255115
255130
255136
255332
255420
255488
255687
255764
256007
256141
256476
257081
257351
257423
257446
258882
259011
259223
259528
260117
260350
260550
261523
262382
262835
263212
263951
264289
264701
265188
266777
267102
267585
267850
267892
267913
268028
268328
269016
269122
269293
269579
269938
270042
270054
270065
270083
270095
270642
271028
271071
271514
271616
271720
271773
272261
272539
272600
272799
273071
273188
273794
273871
273902
273927
273941
274040
274160
274194
274986
275015
275299
275343
275512
276148
276216
276341
276431
276487
276587
276904
277234
277571
277627
277899
278282
278417
278552
278703
278862
279023
279174
279245
279622
279911
280038
280433
280593
280769
280827
280875
280964
281124
281185
281454
281480
281764
282121
282407
282413
282424
283021
283095
283299
283684
284204
284281
284626
286557
286706
287061
287714
287769
287967
288311
290664
291528
291935
292607
293006
293623
293624
293636
293657
293668
293684
293842
294101
294157
294317
294494
294623
294662
294807
294860
295669
295815
296106
296157
296528
296583
296677
297750
297931
298050
298693
298938
299234
299256
299353
299371
299900
300368
300535
300633
300857
301581
301595
301977
302668
302866
303452
303732
305030
305764
305867
305938
305965
306008
306585
306604
307864
308194
308726
308860
308879
308985
310003
310057
310296
310788
311048
311142
311211
311862
312468
312880
314059
314203
314498
315054
315110
315281
315582
315601
315914
316169
316347
316615
316743
317210
317472
317544
318326
318557
318593
318847
320635
320726
321064
321436
321873
321948
322126
322754
324304
324578
324680
325000
325655
326396
326432
327911
327943
328384
328503
328527
328983
329102
329198
329410
329669
330105
330480
330807
331001
331732
331749
331813
332818
333196
333210
333514
333990
335582
336035
336114
336296
336305
336974
337260
337571
337865
338820
339932
340817
341148
341805
342132
342224
342801
342999
343721
343819
343973
344769
344966
345015
345191
345361
346794
348448
349975
350352
350423
350663
350964
351260
352227
353518
353555
353722
354577
354778
354887
354912
355184
355302
355856
356255
356460
356809
357863
358036
358849
359279
359974
360538
361153
364271
364617
364693
368042
368931
