59
83
237
261
273
290
316
320
368
376
430
1472
1568
3311
3408
4258
4270
4285
4310
4340
4521
4879
4880
5130
5828
7728
8050
8634
9083
9547
9698
9711
9731
10733
10804
10838
11623
11770
11853
12187
12465
13401
14196
14253
14804
14807
14897
15998
16797
16995
17095
17870
18081
18373
18433
18630
18964
19464
19575
19789
19921
20442
20492
20516
20593
20915
21019
21066
21162
21632
21846
21968
23143
23301
23358
23414
23443
23483
23502
23576
23776
23836
23938
24090
24668
24740
25016
25635
25892
26197
26436
27731
27964
27980
27997
28499
28948
29656
30052
30329
30625
31204
31358
31426
31433
31831
32251
33281
33433
33439
34568
35507
35987
36030
36037
36202
36222
36326
37433
37447
37457
37480
37570
37896
37910
38617
38911
38982
39163
39831
40218
40604
40805
40858
40866
41116
41290
42158
42183
42331
42544
42744
42900
42902
43076
43287
43351
43517
43936
43937
44186
44360
45015
45427
45784
45879
46085
46325
46833
47190
47743
47755
47991
48416
48449
48464
48849
48964
48990
49169
49859
50694
50924
51009
51049
52718
53139
53143
53298
53356
53849
54775
55926
55962
57580
57612
59537
59554
59700
60036
60141
60407
60787
62150
62219
62454
62914
62980
63387
64629
65028
65346
65819
67048
67280
67413
67417
67527
67604
67651
67902
69440
69532
69624
70133
70264
70506
70927
71120
71500
71509
71721
71753
71811
71861
72108
72834
73198
73697
73741
74498
75130
75156
75560
76818
77161
77726
78049
78984
79590
80017
80201
80253
81255
81557
81560
81580
82081
82193
82481
83947
83993
84584
84694
84751
85184
86021
86680
88209
88541
88623
89079
89140
89159
89304
89655
89968
90003
90485
90498
90576
90796
90884
91192
91274
91368
91692
92044
92104
92338
92384
93433
93506
93595
94689
95445
95673
95948
96114
96192
96405
96599
96669
97027
97065
97293
98670
98736
99535
100521
100625
101107
101164
101207
101369
101926
102570
102580
102741
103027
103120
103520
103541
104506
104832
104873
105432
105643
105820
105898
106140
106725
106996
107035
107346
107431
107550
109034
109462
109638
109899
110221
110550
110552
110588
110808
111039
111493
111948
111979
112120
112343
112801
113296
113653
113865
113868
113988
113996
114260
116087
116346
116959
118242
119824
120601
120654
120770
120952
121791
121830
121876
122583
123688
123705
124016
124934
124998
125114
125292
125472
125871
126012
126268
126594
126821
127253
127540
127849
128141
128203
128219
128249
128446
128620
128759
129129
129266
129752
130302
130525
131234
131465
131521
131535
131877
132192
133686
133840
134289
134483
134510
134889
134939
134977
135063
135225
135529
135650
135884
136082
136354
136511
136682
136788
137377
138259
138283
138295
138641
138658
139056
139457
139489
139586
140011
140291
140321
140934
140983
142240
142295
142466
142982
143230
143390
143604
143807
144063
144218
144536
144612
144695
145007
145089
145201
145287
145346
145393
145431
145451
145664
145945
145957
147484
147706
148123
148430
148961
149863
149999
150053
150342
150913
151829
152050
152235
152445
152539
152625
153023
153257
153640
153725
154028
154100
154351
154403
155580
156140
156188
156270
156405
156605
156696
156733
156914
156981
157405
157688
158275
158883
159829
160111
160135
160357
160408
160445
160848
161633
161643
161787
161809
161813
162870
163140
163205
163251
164235
164311
164705
165574
166522
166964
167319
167364
167490
167704
167757
168023
168335
168722
169323
169854
169892
170109
170557
170661
170878
171026
171155
171547
171790
171998
172057
172192
172282
172658
172860
173283
173759
173868
173878
174019
174200
174391
175534
175581
175615
176083
176155
176576
177475
178024
178957
179722
180416
181456
181574
182079
182135
182172
183773
184143
184689
185399
185892
186021
186272
186603
187362
187411
187420
187945
188150
188156
188218
188621
189196
189230
189277
189428
190136
190140
190608
191190
191499
192035
192297
192811
193600
195038
196670
198633
198818
199142
199303
199372
200754
201016
201728
202322
202355
204683
204712
204927
205748
206612
206908
208310
208555
208704
209262
209430
209850
209921
209952
212386
213808
213852
214732
215185
215791
216697
216702
218419
218497
218499
218715
219141
219396
219681
219775
219788
219842
219877
220020
220373
220610
220690
220721
220914
221031
221037
221155
221382
221428
221524
221548
223130
224012
224053
225451
226338
228405
228563
228592
228859
230141
230252
233471
235181
236062
236493
237217
237797
239589
240743
241725
242687
243945
244157
244305
244838
245816
245881
245896
245897
246537
246921
247202
247778
248455
248581
248582
248736
248838
249095
249219
249939
250195
250539
250598
250625
250939
251453
253151
253857
253860
254663
255130
255136
256007
257423
257446
259011
260550
261523
262835
265188
266777
267585
267850
267892
267913
268028
269016
269293
270042
270065
270083
270095
271028
271071
271616
271720
271773
272539
273071
273188
273794
273871
273927
273941
274160
274986
276341
276904
277571
277627
277899
278282
278703
279245
279622
280038
280593
280769
280964
281454
282121
282413
282424
283095
283684
284204
284281
284626
286557
286706
287769
287967
293006
293623
293657
293842
294494
294623
294662
294807
295669
295815
296157
296528
296677
297750
297931
298050
298693
298938
299234
299900
300368
300535
300633
302668
305764
306585
306604
307864
308194
308860
310296
311048
312880
314059
314203
315281
315582
316347
316743
318326
318593
320635
321064
324578
324680
325000
325655
326396
328527
329410
329669
330480
331732
331813
332818
333196
333514
333990
336305
337260
337571
338820
339932
340817
341805
342801
343973
344769
344966
345015
349975
350423
350663
350964
352227
353555
353722
354778
356460
356809
357863
358849
359279
364271
