59
237
290
316
320
368
430
1472
1568
4285
4310
4521
4879
4880
5828
7728
8050
8634
9547
9698
9711
10733
11623
11770
11853
13401
14196
14897
16995
17095
17870
18081
18373
18630
18964
19464
19575
19921
20442
20492
20593
20915
21632
21846
21968
23483
23576
24090
24668
24740
25016
25635
25892
26197
27731
27980
27997
28948
29656
30625
31426
31831
33281
33439
35507
35987
36030
36037
36202
37433
37447
37480
37570
38617
38911
38982
39163
40805
40858
40866
41290
42183
42900
42902
43076
43287
43351
43517
43937
44186
44360
45427
46085
46325
47190
47755
47991
48416
48464
49859
50694
50924
51049
53143
53298
53849
54775
55926
55962
57580
57612
60036
60141
60787
62454
62980
63387
67280
67413
67417
67527
67902
69440
70133
70264
70506
71120
71721
71811
72108
73198
73741
75130
75156
75560
76818
78984
81255
81560
81580
82081
82193
82481
83947
84694
86021
88623
89159
89304
90003
90485
91192
91274
91368
92044
92104
93433
95948
96114
96599
97065
98736
100521
101107
101164
101369
103120
103520
104506
104873
105432
105643
106725
107035
107550
109638
109899
110552
110808
111948
113868
113988
114260
116959
118242
120654
120770
120952
121830
122583
124016
124934
125114
125292
125871
126012
126268
126594
127540
127849
128203
128446
128620
129266
129752
130525
131234
131465
133840
134289
134483
134889
134977
135063
135225
135529
135884
136082
136511
136682
136788
137377
138259
138641
138658
139056
139457
140011
140934
140983
142295
143604
144063
144218
144536
144612
145007
145201
145393
145957
147706
148123
148430
148961
149999
151829
152445
152539
153725
154351
154403
155580
156140
156188
156405
156605
156914
157688
158275
159829
160111
160408
160445
161787
161809
162870
163205
163251
166522
166964
167319
167490
167704
168335
168722
170109
170878
171026
172057
172282
173878
174019
175615
176083
176155
177475
178024
178957
179722
180416
181456
181574
182079
185399
186021
187362
187945
188156
189230
189428
190140
191499
192035
192811
193600
195038
198633
199142
201016
202322
202355
204683
204712
208310
209262
209430
209850
209952
212386
213852
216697
218419
218499
219681
219775
219842
219877
221031
221155
224053
225451
228405
228563
228592
228859
242687
244157
245896
246537
246921
247778
248455
248581
250195
250598
253151
255130
256007
257446
261523
262835
267892
268028
270065
270083
270095
271028
271616
271773
272539
273071
273188
273941
274160
276341
277627
277899
280038
280769
281454
284626
293006
293623
293657
293842
294662
294807
297931
298938
300368
300535
300633
306585
306604
308194
311048
314059
315582
321064
324680
325655
326396
329669
336305
338820
339932
343973
