28
59
83
237
261
264
273
282
289
290
316
320
345
349
364
367
368
376
378
427
430
432
435
554
1472
1568
3309
3311
3398
3408
4249
4258
4259
4270
4275
4285
4310
4340
4350
4376
4387
4427
4521
4530
4640
4858
4874
4879
4880
4884
4890
4907
4947
5130
5356
5820
5828
6283
6344
6705
6914
7728
8050
8634
9083
9547
9667
9698
9711
9731
10099
10116
10138
10367
10733
10804
10838
10872
11002
11623
11770
11853
11880
12187
12396
12465
13068
13257
13401
13752
13922
14146
14196
14253
14409
14704
14804
14807
14897
15434
15559
15998
16238
16797
16875
16995
17095
17174
17523
17586
17870
17968
18081
18171
18373
18433
18470
18630
18679
18964
19050
19394
19420
19464
19482
19575
19696
19789
19812
19872
19893
19894
19921
20313
20442
20492
20516
20593
20690
20697
20766
20915
21019
21066
21098
21162
21632
21657
21694
21846
21849
21968
22824
22970
23065
23143
23296
23301
23358
23414
23443
23483
23502
23576
23776
23836
23938
24090
24099
24234
24239
24357
24444
24557
24574
24600
24668
24740
25016
25635
25716
25783
25892
26197
26389
26412
26436
26591
26864
26980
27318
27389
27731
27926
27964
27980
27997
28296
28302
28430
28444
28497
28499
28948
28964
29204
29611
29631
29656
29664
30052
30164
30262
30329
30625
30628
31204
31356
31358
31426
31427
31433
31437
31793
31831
31848
32251
32796
33281
33433
33439
33792
34112
34533
34568
35093
35417
35507
35599
35928
35987
36030
36037
36202
36222
36326
36640
36702
36703
36755
37078
37299
37326
37433
37447
37457
37480
37570
37659
37879
37896
37910
37921
38120
38308
38617
38710
38806
38911
38982
39030
39163
39182
39196
39546
39831
39840
40218
40604
40628
40805
40858
40866
40988
41116
41268
41290
41339
41373
41471
41584
41776
41867
42158
42160
42183
42331
42422
42544
42546
42598
42612
42743
42744
42900
42902
43035
43076
43287
43351
43517
43519
43788
43923
43936
43937
44186
44360
44509
44640
45009
45015
45140
45335
45427
45520
45720
45784
45789
45820
45849
45879
45880
46085
46325
46395
46833
46929
46995
47057
47190
47661
47686
47743
47755
47950
47991
48416
48449
48464
48565
48675
48849
48964
48990
49169
49633
49859
50343
50483
50655
50694
50875
50924
51009
51036
51049
51233
52007
52118
52150
52718
52822
53139
53143
53183
53298
53356
53849
54138
54360
54775
55370
55769
55818
55926
55962
57041
57580
57612
57711
59218
59470
59537
59554
59622
59700
60036
60141
60407
60584
60682
60787
60867
60873
61361
61496
62150
62219
62454
62482
62588
62914
62980
63387
64512
64614
64629
65028
65177
65346
65409
65705
65819
65905
66105
66793
66953
67048
67280
67312
67336
67413
67417
67527
67604
67651
67902
67980
68266
68627
68926
69440
69532
69534
69544
69589
69624
70016
70087
70133
70264
70347
70506
70555
70591
70853
70871
70927
71120
71183
71397
71495
71500
71509
71632
71674
71721
71753
71811
71828
71861
72108
72127
72139
72170
72834
72949
72981
72993
73020
73132
73198
73591
73697
73741
74156
74184
74363
74498
74503
75098
75130
75156
75452
75560
76033
76596
76818
76950
77161
77226
77404
77545
77726
78049
78114
78502
78807
78947
78984
79122
79445
79590
80017
80201
80253
80295
80404
80514
80546
80846
81068
81255
81511
81557
81560
81580
81860
81941
82081
82179
82193
82459
82481
83469
83621
83635
83740
83771
83947
83993
84265
84290
84459
84584
84694
84751
85011
85184
85229
86021
86377
86463
86586
86680
87134
87631
87634
87867
88024
88209
88541
88623
89079
89140
89159
89304
89317
89655
89874
89968
90003
90485
90498
90506
90576
90739
90796
90801
90878
90884
91192
91274
91368
91683
91692
92000
92044
92104
92113
92233
92338
92384
92518
92837
92860
93016
93433
93506
93569
93595
93645
93728
93850
94098
94372
94555
94689
95445
95620
95673
95894
95948
96114
96192
96319
96405
96599
96660
96669
96996
97027
97065
97293
97484
97724
97972
98259
98670
98736
98885
99127
99489
99535
99616
99994
100521
100625
100741
100800
100921
101075
101107
101164
101207
101240
101369
101926
101963
102107
102151
102438
102570
102580
102645
102741
103006
103027
103120
103314
103505
103520
103541
103861
103922
104402
104478
104506
104522
104832
104858
104873
105020
105432
105496
105630
105643
105647
105761
105773
105820
105825
105898
105920
106140
106725
106996
107035
107346
107431
107540
107550
107885
108746
109034
109273
109462
109560
109587
109638
109724
109825
109899
110141
110143
110200
110221
110550
110552
110588
110641
110676
110706
110808
110839
110936
111039
111138
111401
111493
111948
111979
112120
112343
112540
112801
113101
113296
113329
113653
113865
113868
113892
113974
113988
113996
114090
114260
114338
114385
114500
114765
114969
115100
115141
115156
115266
115735
115905
116000
116087
116346
116646
116955
116959
117108
117442
117606
117712
117765
117770
118061
118242
118341
118351
118644
118729
119214
119420
119443
119824
119875
120308
120418
120534
120601
120622
120654
120702
120763
120770
120952
121387
121791
121830
121831
121843
121862
121876
122342
122383
122401
122418
122503
122583
122916
122936
122973
123031
123134
123258
123558
123688
123705
123814
123838
123886
123900
124016
124934
124998
125114
125139
125292
125305
125416
125472
125871
126012
126207
126268
126594
126627
126708
126821
126856
126865
127048
127253
127302
127540
127849
128141
128203
128219
128248
128249
128416
128446
128620
128759
128803
129026
129129
129266
129320
129416
129752
130256
130281
130302
130383
130455
130525
130562
131206
131234
131401
131437
131465
131496
131521
131535
131541
131877
131903
132013
132187
132192
132301
132306
133350
133430
133483
133590
133686
133840
133867
133883
133989
134213
134264
134289
134481
134483
134510
134823
134889
134903
134920
134939
134977
135063
135071
135225
135390
135442
135529
135600
135650
135723
135759
135884
136082
136162
136336
136354
136362
136511
136516
136682
136755
136788
136906
136993
136997
137351
137366
137373
137377
137381
137434
137489
137494
137548
137638
137673
137733
137751
137850
137854
137892
138003
138259
138270
138272
138283
138295
138391
138530
138622
138641
138658
138737
139056
139161
139302
139370
139457
139489
139586
139598
139604
139648
139800
139918
139973
140011
140133
140201
140241
140291
140321
140367
140431
140934
140983
141139
141220
141424
141531
141644
141789
141902
142240
142286
142295
142296
142338
142466
142596
142637
142857
142982
143014
143145
143230
143313
143390
143391
143422
143604
143715
143735
143761
143807
143813
144051
144063
144218
144236
144383
144536
144604
144612
144689
144695
144841
144857
145007
145080
145089
145201
145287
145346
145393
145431
145451
145519
145530
145553
145664
145945
145957
146078
146093
146119
146273
146279
146314
146356
146649
146730
146755
147001
147176
147276
147484
147562
147650
147706
147901
147902
148123
148334
148392
148430
148503
148961
149364
149395
149565
149594
149620
149666
149863
149934
149999
150053
150129
150342
150417
150553
150913
151055
151140
151461
151534
151766
151829
151906
151972
152050
152075
152101
152216
152235
152284
152445
152539
152625
152655
152768
152844
152929
152937
153023
153257
153323
153640
153699
153725
153737
153925
154020
154028
154100
154229
154351
154403
154595
154775
154946
155445
155463
155580
155675
156140
156188
156270
156301
156405
156459
156481
156605
156696
156721
156733
156914
156981
156996
157149
157317
157405
157559
157688
157961
158275
158280
158331
158458
158502
158883
159094
159117
159289
159440
159490
159829
160017
160042
160111
160135
160352
160357
160374
160408
160412
160426
160431
160441
160445
160477
160848
160863
160896
161016
161030
161117
161121
161265
161276
161292
161294
161311
161473
161500
161633
161643
161787
161809
161813
161834
161999
162042
162213
162215
162261
162309
162526
162539
162709
162799
162870
162882
162925
163140
163143
163205
163226
163251
163521
163816
164110
164235
164311
164545
164608
164705
164761
164853
165004
165151
165241
165263
165322
165411
165440
165503
165574
165578
165609
165754
165910
166094
166289
166522
166553
166853
166878
166930
166964
166988
167224
167232
167319
167338
167358
167364
167382
167384
167490
167526
167704
167743
167757
167898
168019
168023
168122
168192
168197
168335
168456
168722
168989
169064
169112
169207
169323
169854
169892
170003
170037
170104
170109
170144
170169
170289
170525
170557
170599
170620
170661
170714
170806
170878
170882
171026
171136
171155
171362
171461
171536
171547
171554
171768
171790
171791
171838
171882
171998
172038
172056
172057
172062
172081
172084
172189
172192
172282
172529
172574
172595
172604
172658
172718
172793
172860
172962
172978
173130
173283
173759
173797
173822
173868
173878
174019
174200
174330
174365
174369
174391
174550
174551
174566
174641
174704
174731
174843
174845
174980
175216
175534
175581
175615
175767
175815
175868
175880
175897
175984
176083
176155
176328
176405
176436
176576
176580
176732
177475
177588
177589
177704
177746
177942
178001
178024
178226
178429
178526
178538
178756
178957
179226
179513
179722
179838
179903
179910
179936
179948
180075
180302
180328
180331
180416
180425
180632
180765
180776
180801
180902
180967
180993
181188
181216
181456
181502
181574
181592
181998
182079
182135
182172
182258
182582
182606
182765
182883
182956
183120
183230
183279
183354
183364
183373
183391
183773
183790
184020
184143
184481
184529
184625
184689
184901
185399
185462
185566
185730
185765
185859
185892
186021
186102
186272
186342
186428
186507
186538
186603
186773
186881
187074
187129
187167
187362
187369
187411
187420
187436
187448
187450
187687
187689
187913
187945
187996
188007
188086
188150
188156
188218
188621
188782
188980
188981
189196
189230
189277
189351
189428
189451
189517
189892
190060
190136
190140
190332
190478
190593
190608
191028
191190
191207
191212
191499
191795
191823
192035
192297
192393
192563
192784
192811
192837
192993
193015
193150
193268
193297
193595
193600
193610
193626
193749
193822
194400
194431
194964
195018
195038
195415
195475
195680
195732
195952
196456
196559
196670
196716
197005
197081
197796
197890
197901
197951
197986
198038
198276
198515
198633
198731
198818
198903
198915
198924
199056
199142
199303
199372
199398
199404
199426
199963
200221
200357
200494
200754
200840
201016
201048
201257
201385
201728
202322
202355
202458
202536
202662
202820
202881
203055
203082
203302
203554
203811
203995
204303
204415
204609
204683
204712
204927
205158
205217
205279
205327
205664
205748
205792
205950
206207
206347
206612
206760
206780
206831
206887
206908
206986
207145
207200
207343
207487
207806
207990
208055
208310
208555
208620
208704
208716
208991
209262
209430
209850
209921
209952
210629
210969
211026
211147
211148
211223
211335
211397
211593
211644
211653
212208
212386
212721
212819
212846
212875
212923
213189
213214
213523
213654
213771
213805
213808
213850
213852
213879
213883
213923
213999
214437
214588
214732
214755
215112
215122
215185
215222
215692
215698
215791
216272
216697
216702
216734
216970
217025
217244
217382
217703
218111
218419
218428
218497
218499
218541
218649
218701
218715
218774
218841
219137
219141
219396
219681
219775
219788
219842
219877
219901
220020
220162
220265
220373
220423
220508
220531
220610
220690
220721
220766
220914
221031
221037
221091
221155
221230
221317
221321
221382
221428
221524
221548
221666
221791
221813
221916
222153
222851
222896
223130
223566
223841
223849
224012
224040
224053
224089
224289
224444
224485
224716
224771
224898
225045
225085
225256
225404
225451
225539
225621
225694
225697
225967
226141
226338
226395
226642
227133
227183
227542
227694
228012
228405
228563
228575
228592
228599
228702
228859
229107
229479
229490
229612
230124
230141
230252
230391
230911
231123
231410
231760
231965
232198
232269
232356
232488
233202
233471
234117
234593
234788
235181
235384
235658
235681
236062
236269
236420
236493
236775
237094
237217
237325
237797
237817
237981
238074
238263
238372
238530
238904
239350
239426
239493
239520
239562
239589
239965
240011
240320
240523
240697
240743
240790
240797
240926
241428
241725
242545
242669
242687
242907
243015
243691
243756
243945
244147
244157
244305
244515
244520
244580
244639
244838
244982
245014
245017
245587
245691
245753
245760
245816
245840
245881
245896
245897
245931
246537
246697
246802
246896
246921
247041
247042
247202
247269
247292
247344
247522
247778
247823
248140
248204
248453
248455
248581
248582
248613
248620
248734
248736
248784
248838
248949
249017
249095
249219
249338
249367
249643
249738
249833
249919
249939
249957
250195
250219
250366
250539
250598
250625
250809
250932
250939
251049
251453
251662
251882
252014
252039
252082
252442
252743
252853
253132
253151
253173
253857
253860
254663
254934
255115
255130
255136
255242
255332
255420
255434
255488
255687
255764
256007
256141
256476
256618
256927
257081
257351
257423
257446
257594
258097
258495
258553
258582
258882
259001
259011
259223
259528
260117
260250
260350
260550
261041
261425
261523
261784
262382
262643
262835
262892
262932
263212
263929
263951
264289
264701
264978
265188
266486
266558
266777
267018
267102
267394
267585
267850
267892
267913
267948
268028
268124
268328
269016
269122
269293
269579
269617
269938
270042
270054
270065
270083
270095
270584
270642
271028
271071
271073
271514
271616
271720
271773
272034
272038
272261
272484
272539
272600
272799
273071
273188
273227
273772
273794
273871
273902
273927
273941
274040
274160
274194
274986
275015
275299
275343
275512
275547
276148
276216
276341
276431
276487
276587
276607
276756
276904
277234
277571
277627
277629
277899
278130
278282
278360
278417
278514
278552
278703
278862
279023
279174
279245
279270
279398
279622
279797
279804
279911
280038
280117
280433
280593
280769
280827
280864
280875
280910
280964
281124
281185
281389
281443
281454
281480
281514
281764
281876
282121
282182
282300
282407
282408
282413
282424
282521
282966
283021
283095
283229
283299
283556
283684
283982
284204
284263
284281
284565
284626
285004
285085
285283
285466
285690
285799
286394
286557
286706
286893
287061
287207
287714
287769
287967
288040
288311
288557
289452
289513
290477
290664
290668
290701
291528
291617
291621
291935
291955
292607
292807
293006
293008
293586
293623
293624
293636
293657
293668
293684
293842
294101
294157
294181
294277
294317
294494
294541
294623
294662
294807
294860
294916
295577
295669
295815
295818
296104
296106
296107
296115
296157
296528
296556
296583
296677
297231
297750
297931
297942
298050
298422
298693
298772
298888
298895
298938
298993
299234
299256
299353
299371
299708
299778
299900
300250
300368
300535
300540
300633
300664
300728
300857
300999
301353
301547
301581
301595
301977
302244
302559
302668
302866
302981
303126
303158
303452
303732
303768
303994
304693
305030
305235
305269
305764
305867
305918
305938
305965
306008
306577
306585
306604
307864
308178
308194
308267
308469
308541
308726
308857
308860
308879
308886
308930
308985
309305
309421
310003
310057
310296
310788
310895
311048
311142
311211
311429
311620
311862
312141
312333
312468
312880
313117
313506
313515
314059
314099
314203
314313
314498
314552
314704
315054
315110
315281
315422
315582
315601
315725
315914
316169
316347
316615
316743
317210
317472
317544
318326
318382
318483
318498
318550
318557
318579
318593
318847
319445
319618
319731
319834
319836
320577
320635
320726
320984
321064
321235
321436
321580
321873
321874
321948
322126
322383
322754
322868
323932
323951
324304
324471
324578
324680
325000
325429
325467
325655
325752
326396
326432
326947
327911
327943
328384
328445
328477
328503
328527
328569
328848
328885
328983
329102
329198
329265
329347
329410
329669
330051
330105
330286
330480
330492
330601
330807
331001
331390
331732
331749
331813
332630
332741
332818
333196
333210
333514
333990
334036
334622
335245
335582
336035
336114
336296
336305
336639
336974
337260
337395
337571
337783
337865
338464
338756
338820
339023
339932
340536
340580
340817
341013
341067
341148
341805
342132
342224
342801
342999
343368
343644
343721
343819
343973
344666
344769
344966
345015
345191
345361
345682
346138
346459
346794
348448
349427
349975
350030
350307
350352
350417
350423
350515
350663
350698
350964
351260
352227
353116
353518
353555
353722
353856
354577
354778
354871
354887
354912
355184
355302
355856
356255
356259
356460
356809
357528
357863
358036
358849
359279
359786
359974
360538
360608
360918
361153
362381
362710
363637
363890
364063
364271
364617
364693
366787
367019
368042
368862
368931
369176
369745
370414
370460
372663
374028
378680
