59
237
368
430
1568
4285
4879
4880
7728
8634
9547
9711
11623
11770
11853
14196
17095
18081
18373
18964
19464
19575
20442
20492
20593
21632
21968
24090
24668
24740
25016
25635
27980
27997
28948
29656
31831
33439
35987
36030
36037
37433
37447
38617
39163
40805
40858
41290
43076
44186
45427
46085
46325
47755
47991
49859
50924
51049
53143
54775
55926
57580
60141
60787
67413
70264
73198
75130
76818
81255
81560
81580
82193
83947
86021
89159
91274
91368
92104
96114
96599
100521
103120
103520
105432
109638
110552
113868
120770
120952
122583
124016
125114
126268
127540
127849
129752
131234
133840
134483
134977
135063
135225
135529
135884
136082
136511
136788
137377
138658
139056
139457
140983
143604
144063
144218
144536
144612
145007
145201
145393
145957
147706
148430
148961
152445
156140
156405
156605
160445
161787
161809
162870
163205
166522
166964
167319
170878
171026
172057
172282
174019
177475
178957
180416
181456
182079
186021
190140
192811
193600
202355
209262
209430
213852
216697
219681
219877
225451
242687
245896
246537
246921
248455
250598
253151
256007
270083
271028
272539
274160
276341
280038
281454
294662
298938
300368
308194
315582
