237
368
430
1568
4285
4879
8634
9547
11623
11770
17095
18964
19464
19575
20442
20492
21632
21968
24740
25016
27980
27997
28948
29656
31831
33439
35987
36030
36037
37447
38617
40858
43076
44186
45427
46085
47755
47991
49859
50924
51049
53143
55926
57580
67413
75130
81560
81580
82193
83947
89159
91274
96114
103120
120770
122583
124016
125114
129752
131234
133840
134977
135529
135884
136082
136788
137377
139056
139457
140983
144536
144612
145007
145201
147706
148961
152445
156140
160445
161809
166964
167319
170878
171026
177475
192811
193600
219681
225451
245896
256007
270083
272539
281454
