915359
919708
922337
900483
917982
924792
908762
929988
925153
919707
929887
929891
929900
927025
927025
929639
923517
924330
923626
924160
919949
924746
929583
1005550633170710114352082597
929710
875186
929434
929706
929688
924162
924511
925122
929626
876204
925874
929610
924025
916478
913983
911078
925039
925263
924002
925743
906645
925743
921461
929420
925977
911776
925381
926344
929124
923480
927095
926345
924094
929149
928857
902888
929444
915156
924604
929032
929036
922865
923145
915991
929394
926595
906178
929339
929349
911074
923845
847516
925630
917910
922351
926337
922351
929198
923014
926284
912072
927894
929220
929224
909147
923944
869016
920457
885415
922443
908344
924670
914535
922327
889328
924815
924815
925207
906154
919790
929050
912443
912443
928835
901839
924756
925381
928961
928983
910260
924756
907705
926974
924747
924747
923331
925381
928856
918319
911204
928930
923760
918561
918561
918561
924003
925178
924767
924767
928903
928875
928866
915841
904136
899695
923877
909873
902155
908186
915474
928799
926043
916308
907906
917199
911617
906092
926436
912423
918170
928590
909676
926812
925419
925419
927322
924844
921284
921306
908511
921306
927687
921280
928654
922576
904717
925854
909945
922926
909669
928633
895982
895982
895982
895982
895982
928572
926515
926515
928577
925900
911663
904788
922331
914223
926179
918405
923276
924632
917374
922289
914223
924632
926345
928348
903899
924226
926628
909212
928131
926595
927926
928423
927408
924187
928485
923723
928479
918018
923464
908083
922554
915373
907206
919576
915724
924956
928433
915072
860851
926878
928404
922538
924802
918805
926288
926288
926288
927832
918466
928058
875327
928389
928284
923837
922628
927443
927443
927443
927443
927443
915009
907833
919351
915168
902486
926007
921569
917787
917909
916156
920410
917313
908283
920842
914046
923623
901039
913026
919500
928109
927893
916394
911080
916302
922941
927343
911095
928197
921869
921869
920116
907771
928157
927622
928088
928089