1000018301201612015186374977
1000018301201612015186855411
1000018301201612015186947182
1000018301201612015187095324
1000018301201612015187231515
1000018301201612015187007750
1000018301201612015187148570
1000018301201612015187310589
1000018301201612015187458269
1000018301201612015186952900
1000018301201612015187059918
1000018301201612015187513220
1000018301201612015187493398
1000018301201612015187336885
1000018301201612015187337872
1000018301201612015187803069
1000018301201612015187751263
1000018301201612015187735287
1000018301201612015187768327
1000018301201612015187608715
1000018301201612015187823629
1000018301201612015188183434
1000018301201612015188492238
1000018301201612015188374969
1000018301201612015188745499
1000018301201612015188756984
1000018301201612015189244938
1000018301201612015189470461
1000018301201612015189389718
1000018301201612015189624480
1000018301201612015189754166
1000018301201612015189611562
1000018301201612015189475951
1000018301201612015189976082
1000018301201612015189651982
1000018301201612015189962206
1000018301201612015189959824
1000018301201612015189909811
1000018301201612015190346229
1000018301201612015190622129
1000018301201612015190695483
1000018301201612015190607892
1000018301201612015191224718
1000018301201612015191453926
1000018301201612015191469819
1000018301201612015191616649
1000018301201612015191950052
1000018301201612015191979682
1000018301201612015193190009
1000018301201612015193545522
1000018301201612015193828532
1000018301201612015193694781
1000018301201612015194198259
1000018301201612015194756028
1000018301201612015195366776
1000018301201612015195368909
1000018301201612015195811472
1000018301201612015197271666
1000018301201612015197334663
1000018301201612015197521394
1000018301201612015197617451
1000018301201612015198222128
1000018301201612025199931094
1000018301201612025200001198
1000018301201612025199861536
1000018301201612025200435021
1000018301201612025199739735
1000018301201612025200324153
1000018301201612025199556899
1000018301201612025200053474
1000018301201612025199662872
1000018301201612025200304280
1000018301201612025200538050
1000018301201612025200095589
1000018301201612025200318227
1000018301201612025200583078
1000018301201612025200465288
1000018301201612025200034749
1000018301201612025200416435
1000018301201612025200316565
1000018301201612025200931152
1000018301201612025200484517
1000018301201612025200268821
1000018301201612025204103461
1000018301201612025205132693
1000018301201612025206140842
1000018301201612025207514573
1000018301201612025207563583
1000018301201612025208964425
1000018301201612025208863919
1000018301201612025213033136
1000018301201612025213725394
1000018301201612025214504404
1000018301201612025216053778
1000018301201612025216592765
1000018301201612025217728849
1000018301201612025219210787
1000018301201612025223080534
1000018301201612025226840390
1000018301201612025227011345
1000018301201612025226754554
1000018301201612025227644093
1000018301201612025226613792
1000018301201612025228467364
1000018301201612025231103107
1000018301201612025231894077
1000018301201612025231648595
1000018301201612025231686520
1000018301201612025232171629
1000018301201612025232585370
1000018301201612025233988919
1000018301201612025234886262
1000018301201612025234975294
1000018301201612035235187486
1000018301201612035236926431
1000018301201612035236932490
1000018301201612035236490958
1000018301201612035236964476
1000018301201612035237082371
1000018301201612035237014667
1000018301201612035237371135
1000018301201612035237112409
1000018301201612035236745986
1000018301201612035237378130
1000018301201612035237038851
1000018301201612035237023912
1000018301201612035237595106
1000018301201612035237312769
1000018301201612035238057111
1000018301201612035238297130
1000018301201612035238155321
1000018301201612035238376213
1000018301201612035239009611
1000018301201612035239283390
1000018301201612035239931591
1000018301201612035241114049
1000018301201612035240977941
1000018301201612035243273200
1000018301201612035244076222
1000018301201612035244404262
1000018301201612035245248451
1000018301201612035245696132
1000018301201612035245687360
1000018301201612035246095507
1000018301201612035246297793
1000018301201612035249909478
1000018301201612035249305871
1000018301201612035249673744
1000018301201612035250369489
1000018301201612035250469391
1000018301201612035252063287
1000018301201612035251989789
1000018301201612035252721229
1000018301201612035253382558
1000018301201612035254700086
1000018301201612035254720300
1000018301201612035255326384
1000018301201612035255369928
1000018301201612035256707548
1000018301201612045258741355
1000018301201612045258802640
1000018301201612045259316819
1000018301201612045259489523
1000018301201612045259565434
1000018301201612045259559570
1000018301201612045259632565
1000018301201612045259704387
1000018301201612045259532671
1000018301201612045259675505
1000018301201612045259683491
1000018301201612045259759517
1000018301201612045260010291
1000018301201612045260362452
1000018301201612045260571837
1000018301201612045260614787
1000018301201612045261115486
1000018301201612045261877773
1000018301201612045261945937
1000018301201612045262435363
1000018301201612045262381631
1000018301201612045262672647
1000018301201612045262982382
1000018301201612045263055475
1000018301201612045263344080
1000018301201612045263391268
1000018301201612045263438252
1000018301201612045263480402
1000018301201612045263515892
1000018301201612045263690443
1000018301201612045263607915
1000018301201612045263975453
1000018301201612045263909739
1000018301201612045264161804
1000018301201612045264507550
1000018301201612045264753018
1000018301201612045264740320
1000018301201612045264814316
1000018301201612045264745579
1000018301201612045265272732
1000018301201612045266013250
1000018301201612045266031242
1000018301201612045266169079
1000018301201612045266158476
1000018301201612045266308162
1000018301201612045266546262
1000018301201612045266912452
1000018301201612045266977887
1000018301201612045267349765
1000018301201612055268136251
1000018301201612055268462037
1000018301201612055268258827
1000018301201612055268476345
1000018301201612055268542114
1000018301201612055268475383
1000018301201612055268584163
1000018301201612055268469563
1000018301201612055268609207
1000018301201612055268487602
1000018301201612055268576460
1000018301201612055268452916
1000018301201612055268835700
1000018301201612055269068339
1000018301201612055269576619
1000018301201612055269597873
1000018301201612055270191637
1000018301201612055270305485
1000018301201612055270221912
1000018301201612055270341616
1000018301201612055271123602
1000018301201612055272107193
1000018301201612055272422229
1000018301201612055272129788
1000018301201612055272418682
1000018301201612055272394727
1000018301201612055272345932
1000018301201612055272529807
1000018301201612055272725524
1000018301201612055273242170
1000018301201612055273025835
1000018301201612055273344019
1000018301201612055273088710
1000018301201612055273419402
1000018301201612055273368519
1000018301201612055273394807
1000018301201612055274286388
1000018301201612055274223620
1000018301201612055274159746
1000018301201612055274393409
1000018301201612055274803508
1000018301201612055275074152
1000018301201612055275086187
1000018301201612055274998707
1000018301201612055275441293
1000018301201612055275374394
1000018301201612055275444641
1000018301201612055275881647
1000018301201612055276247309
1000018301201612055276098696
1000018301201612055276833184
1000018301201612055277162110
1000018301201612055277167357
1000018301201612055277399888
1000018301201612065278476153
1000018301201612065278384357
1000018301201612065278369643
1000018301201612065278428894
1000018301201612065280774257
1000018301201612065280906706
1000018301201612065281203540
1000018301201612065280880696
1000018301201612065280983696
1000018301201612065281220252
1000018301201612065280950859
1000018301201612065281451699
1000018301201612065281692102
1000018301201612065281804051
1000018301201612065281648699
1000018301201612065281936585
1000018301201612065282052679
1000018301201612065282066629
1000018301201612065282366518
1000018301201612065283315251
1000018301201612065283549724
1000018301201612065284282220
1000018301201612065284146714
1000018301201612065284294552
1000018301201612065284616061
1000018301201612065284321905
1000018301201612065284521792
1000018301201612065285045572
1000018301201612065285203816
1000018301201612065285359116
1000018301201612065285882635
1000018301201612065286139447
1000018301201612065286028790
1000018301201612065286273375
1000018301201612065286076915
1000018301201612065286172933
1000018301201612065286705220
1000018301201612065287100340
1000018301201612065287890085
1000018301201612065288282503
1000018301201612065288325605
1000018301201612065288280722
1000018301201612065288230845
1000018301201612065288793259
1000018301201612065288747404
1000018301201612065288906158
1000018301201612065288610609
1000018301201612065289159168
1000018301201612065288904640
1000018301201612065288936857
1000018301201612065289589089
1000018301201612065289586456
1000018301201612065289906040
1000018301201612065290277335
1000018301201612065290165758
1000018301201612065290060901
1000018301201612065290170845
1000018301201612065290380454
1000018301201612065290328925
1000018301201612075290734335
1000018301201612075291176324
1000018301201612075291155727
1000018301201612075291354551
1000018301201612075291257964
1000018301201612075291573287
1000018301201612075291419659
1000018301201612075291386809
1000018301201612075291540430
1000018301201612075291556546
1000018301201612075291353980
1000018301201612075292148016
1000018301201612075292430277
1000018301201612075292558724
1000018301201612075292705368
1000018301201612075292708827
1000018301201612075292826904
1000018301201612075293005472
1000018301201612075293258789
1000018301201612075294030473
1000018301201612075294480318
1000018301201612075294189879
1000018301201612075294854121
1000018301201612075294914767
1000018301201612075295549593
1000018301201612075296357711
1000018301201612075296739420
1000018301201612075296878153
1000018301201612075296637550
1000018301201612075296612991
1000018301201612075298582316
1000018301201612075298550437
1000018301201612075298991083
1000018301201612075299050871
1000018301201612075299465765
1000018301201612075299715521
1000018301201612075299914480
1000018301201612075301090845
1000018301201612075301784868
1000018301201612075301453256
1000018301201612075301576722
1000018301201612075301559986
1000018301201612075301863535
1000018301201612075302409462
1000018301201612085302438716
1000018301201612085302584633
1000018301201612085303272044
1000018301201612085303563195
1000018301201612085303581162
1000018301201612085303562248
1000018301201612085303675014
1000018301201612085303485461
1000018301201612085303673064
1000018301201612085303435575
1000018301201612085303437562
1000018301201612085303270885
1000018301201612085303520381
1000018301201612085303652387
1000018301201612085303437698
1000018301201612085303421788
1000018301201612085303677288
1000018301201612085303604623
1000018301201612085304022193
1000018301201612085304242255
1000018301201612085304257812
1000018301201612085304794570
1000018301201612085304980633
1000018301201612085304890801
1000018301201612085305378376
1000018301201612085305324906
1000018301201612085306575356
1000018301201612085307376100
1000018301201612085307242584
1000018301201612085307184886
1000018301201612085307600403
1000018301201612085307665367
1000018301201612085308036352
1000018301201612085307957578
1000018301201612085308204186
1000018301201612085308218775
1000018301201612085308217954
1000018301201612085308428392
1000018301201612085308698518
1000018301201612085308530845
1000018301201612085309217376
1000018301201612085309358065
1000018301201612085309810020
1000018301201612085309933086
1000018301201612085310079183
1000018301201612085310275187
1000018301201612085309962805
1000018301201612085311062971
1000018301201612085311518172
1000018301201612085311467446
1000018301201612085311428758
1000018301201612085311709518
1000018301201612085311803396
1000018301201612085312269569
1000018301201612085312531684
1000018301201612085312544781
1000018301201612085312511967
1000018301201612085313068096
1000018301201612085313028601
1000018301201612085313383469
1000018301201612095313302901
1000018301201612095315035068
1000018301201612095314213900
1000018301201612095314752522
1000018301201612095315511111
1000018301201612095314656737
1000018301201612095315526094
1000018301201612095314815680
1000018301201612095314717914
1000018301201612095315568145
1000018301201612095315299632
1000018301201612095315397449
1000018301201612095315052765
1000018301201612095315219667
1000018301201612095316064103
1000018301201612095315641418
1000018301201612095316112437
1000018301201612095316813518
1000018301201612095316370777
1000018301201612095316496766
1000018301201612095318913096
1000018301201612095320254338
1000018301201612095320712011
1000018301201612095320050579
1000018301201612095320859106
1000018301201612095321213940
1000018301201612095322858719
1000018301201612095323734469
1000018301201612095324574277
1000018301201612095324179657
1000018301201612095325263950
1000018301201612095326406605
1000018301201612095329421828
1000018301201612095329934517
1000018301201612095331320415
1000018301201612095334071321
1000018301201612095334509098
1000018301201612095333288982
1000018301201612095334058639
1000018301201612095334158587
1000018301201612095335496020
1000018301201612095335361557
1000018301201612095335296947
1000018301201612095336375632
1000018301201612095338807149
1000018301201612095338241531
1000018301201612095339400214
1000018301201612095341751312
1000018301201612095341810385
1000018301201612095342386099
1000018301201612095342085443
1000018301201612095343166625
1000018301201612095343245883
1000018301201612095345231762
1000018301201612095345889638
1000018301201612095347360395
1000018301201612095348498095
1000018301201612095348518200
1000018301201612095349620030
1000018301201612095349333868
1000018301201612095349706618
1000018301201612095350382127
1000018301201612095350725195
1000018301201612095350393548
1000018301201612095350693319
1000018301201612105350769401
1000018301201612105351045887
1000018301201612105352182813
1000018301201612105352799725
1000018301201612105352625958
1000018301201612105353385223
1000018301201612105353520022
1000018301201612105352988826
1000018301201612105353133718
1000018301201612105352838894
1000018301201612105353523152
1000018301201612105353217536
1000018301201612105353071694
1000018301201612105353435300
1000018301201612105353045756
1000018301201612105353180582
1000018301201612105352878903
1000018301201612105353274464
1000018301201612105353618320
1000018301201612105353403390
1000018301201612105353039810
1000018301201612105353429332
1000018301201612105353661154
1000018301201612105353790049
1000018301201612105353369658
1000018301201612105353219956
1000018301201612105353395773
1000018301201612105353727510
1000018301201612105353286888
1000018301201612105354070426
1000018301201612105354501073
1000018301201612105353741928
1000018301201612105354397385
1000018301201612105354254480
1000018301201612105353892832
1000018301201612105353870815
1000018301201612105353851911
1000018301201612105354379419
1000018301201612105354501448
1000018301201612105354256703
1000018301201612105354896707
1000018301201612105356100289
1000018301201612105355775768
1000018301201612105356279397
1000018301201612105356990901
1000018301201612105357376952
1000018301201612105359113342
1000018301201612105358923510
1000018301201612105359866741
1000018301201612105360457687
1000018301201612105361312325
1000018301201612105361853261
1000018301201612105362976098
1000018301201612105362373712
1000018301201612105362896531
1000018301201612105363772053
1000018301201612105363816019
1000018301201612105363515756
1000018301201612105364629197
1000018301201612105365262727
1000018301201612105366069255
1000018301201612105366203395
1000018301201612105366346819
1000018301201612105367477672
1000018301201612105368825039
1000018301201612105369023226
1000018301201612105369268582
1000018301201612105370731455
1000018301201612105372225686
1000018301201612105373424197
1000018301201612105374171500
1000018301201612105374521129
1000018301201612115374208893
1000018301201612115375325764
1000018301201612115376307353
1000018301201612115375997898
1000018301201612115376071913
1000018301201612115376082920
1000018301201612115376754073
1000018301201612115376323915
1000018301201612115376756363
1000018301201612115376871254
1000018301201612115376664662
1000018301201612115377617485
1000018301201612115379051160
1000018301201612115378928652
1000018301201612115379736189
1000018301201612115379848489
1000018301201612115380081117
1000018301201612115380028207
1000018301201612115380179698
1000018301201612115381091338
1000018301201612115381048913
1000018301201612115381331718
1000018301201612115381388786
1000018301201612115381604405
1000018301201612115381846426
1000018301201612115382149710
1000018301201612115382610028
1000018301201612115382466485
1000018301201612115382364752
1000018301201612115383075425
1000018301201612115383394229
1000018301201612115383426161
1000018301201612115383497596
1000018301201612115383577570
1000018301201612115384496409
1000018301201612125385588908
1000018301201612125387569845
1000018301201612125388234568
1000018301201612125388406057
1000018301201612125388575548
1000018301201612125388483352
1000018301201612125388157864
1000018301201612125388426640
1000018301201612125388568552
1000018301201612125388353768
1000018301201612125388523619
1000018301201612125388509561
1000018301201612125388588898
1000018301201612125388971167
1000018301201612125389696336
1000018301201612125389696627
1000018301201612125390047064
1000018301201612125389922519
1000018301201612125390186167
1000018301201612125390511098
1000018301201612125390626642
1000018301201612125390719671
1000018301201612125391067332
1000018301201612125391309417
1000018301201612125391729978
1000018301201612125391837859
1000018301201612125391907829
1000018301201612125392550418
1000018301201612125392348877
1000018301201612125392977130
1000018301201612125392934330
1000018301201612125393155275
1000018301201612125393677408
1000018301201612125393932100
1000018301201612125394216039
1000018301201612125394477040
1000018301201612125394754635
1000018301201612125394946856
1000018301201612125395531127
1000018301201612125396794501
1000018301201612125396647859
1000018301201612125396882698
1000018301201612125398137455
1000018301201612125398458718
1000018301201612125398738301
1000018301201612125398720698
1000018301201612125399411358
1000018301201612125399531223
1000018301201612125399722278
1000018301201612125400063006
1000018301201612125399616804
1000018301201612125399876416
1000018301201612125400191306
1000018301201612125400180884
1000018301201612125400362635
1000018301201612125400390720
1000018301201612125400946328
1000018301201612125400973661
1000018301201612125401183279
1000018301201612125401310145
1000018301201612125401166515
1000018301201612125401348356
1000018301201612125401478275
1000018301201612135402144817
1000018301201612135402362846
1000018301201612135403044135
1000018301201612135403539133
1000018301201612135403590081
1000018301201612135403623014
1000018301201612135403026886
1000018301201612135403590200
1000018301201612135403206747
1000018301201612135403451437
1000018301201612135403552349
1000018301201612135403059945
1000018301201612135403712328
1000018301201612135403961000
1000018301201612135403691580
1000018301201612135403904320
1000018301201612135403565775
1000018301201612135403960373
1000018301201612135404306021
1000018301201612135404319663
1000018301201612135404778295
1000018301201612135404999215
1000018301201612135405086605
1000018301201612135405540268
1000018301201612135405514262
1000018301201612135406006223
1000018301201612135405650940
1000018301201612135406165368
1000018301201612135407794738
1000018301201612135408401364
1000018301201612135408251955
1000018301201612135408577902
1000018301201612135409141108
1000018301201612135409485594
1000018301201612135409485907
1000018301201612135409927296
1000018301201612135410401650
1000018301201612135410677401
1000018301201612135410548674
1000018301201612135410744984
1000018301201612135411719478
1000018301201612135411509675
1000018301201612135411922417
1000018301201612135412254167
1000018301201612135412248158
1000018301201612135412579624
1000018301201612135412892254
1000018301201612135413351142
1000018301201612135413405329
1000018301201612135413267607
1000018301201612135413639405
1000018301201612135413527766
1000018301201612135413650639
1000018301201612135413954735
1000018301201612135414273397
1000018301201612135414139741
1000018301201612135415282510
1000018301201612135415925446
1000018301201612135416522416
1000018301201612135416270948
1000018301201612135416486775
1000018301201612135416592729
1000018301201612135416747498
1000018301201612135416589834
1000018301201612135416999622
1000018301201612145418192861
1000018301201612145418325751
1000018301201612145418754270
1000018301201612145418871097
1000018301201612145418925066
1000018301201612145419001002
1000018301201612145418489659
1000018301201612145418355671
1000018301201612145418826176
1000018301201612145418195916
1000018301201612145418974157
1000018301201612145418926251
1000018301201612145418817473
1000018301201612145419139055
1000018301201612145418767787
1000018301201612145419370090
1000018301201612145419157842
1000018301201612145419147975
1000018301201612145419754024
1000018301201612145420284107
1000018301201612145420405393
1000018301201612145420354568
1000018301201612145420664260
1000018301201612145420900031
1000018301201612145420930280
1000018301201612145421148339
1000018301201612145421314359
1000018301201612145421586597
1000018301201612145421912170
1000018301201612145422017368
1000018301201612145422259909
1000018301201612145422765245
1000018301201612145422883211
1000018301201612145422572939
1000018301201612145422925899
1000018301201612145423502175
1000018301201612145423689240
1000018301201612145424216226
1000018301201612145423781873
1000018301201612145424017493
1000018301201612145424517048
1000018301201612145424617202
1000018301201612145424842081
1000018301201612145425375914
1000018301201612145426028686
1000018301201612145426268879
1000018301201612145426369633
1000018301201612145426703171
1000018301201612145426878712
1000018301201612145427272364
1000018301201612145427032977
1000018301201612145427304343
1000018301201612145427110890
1000018301201612145427293709
1000018301201612145427794719
1000018301201612145428084377
1000018301201612145428420278
1000018301201612145428121942
1000018301201612145428282913
1000018301201612145428565391
1000018301201612145428868026
1000018301201612155429006869
1000018301201612155429558747
1000018301201612155430244051
1005550426161130060855768027
1000018301201612155430117195
1000018301201612155430162135
1000018301201612155429826542
1000018301201612155430013473
1000018301201612155430251217
1000018301201612155430164314
1000018301201612155430162329
1000018301201612155430091470
1000018301201612155430099555
1000018301201612155430251283
1000018301201612155429849815
1000018301201612155430357210
1000018301201612155430122527
1000018301201612155430422173
1000018301201612155430289434
1000018301201612155430462119
1000018301201612155430491164
1000018301201612155430517093
1000018301201612155430253697
1000018301201612155430447435
1000018301201612155430413519
1000018301201612155430940173
1000018301201612155431391054
1000018301201612155431152625
1000018301201612155431651184
1000018301201612155431497817
1000018301201612155431864191
1000018301201612155431960384
1000018301201612155431979960
1000018301201612155432665647
1000018301201612155432911288
1000018301201612155432956463
1000018301201612155433455290
1000018301201612155433522273
1000018301201612155433441599
1000018301201612155433640423
1000018301201612155433475919
1000018301201612155434503200
1000018301201612155434594418
1000018301201612155434241937
1000018301201612155434702093
1000018301201612155435025007
1000018301201612155434858527
1000018301201612155434759691
1000018301201612155435050352
1000018301201612155434919787
1000018301201612155435471739
1000018301201612155435997092
1000018301201612155436206393
1000018301201612155436091617
1000018301201612155436447132
1000018301201612155436445844
1000018301201612155436814567
1000018301201612155436884560
1000018301201612155437239299
1000018301201612155437137523
1000018301201612155437144695
1000018301201612155437263656
1000018301201612155437506317
1000018301201612155437537371
1000018301201612155437839004
1000018301201612155437625420
1000018301201612155437659532
1000018301201612155437943237
1000018301201612155437740834
1000018301201612155438334061
1000018301201612155438160610
1000018301201612155438900013
1000018301201612155438486803
1000018301201612155438871107
1000018301201612155438654835
1000018301201612155438825711
1000018301201612165440692124
1000018301201612165440730540
1000018301201612165441562145
1000018301201612165441613144
1000018301201612165441631324
1000018301201612165441720333
1000018301201612165440899741
1000018301201612165441637307
1000018301201612165440839752
1000018301201612165442131064
1000018301201612165441750297
1000018301201612165441676456
1000018301201612165441014879
1000018301201612165441733381
1000018301201612165441473591
1000018301201612165441014998
1000018301201612165441744606
1000018301201612165441635662
1000018301201612165442719136
1000018301201612165442408539
1000018301201612165443198194
1000018301201612165443409714
1000018301201612165445973437
1000018301201612165445915900
1000018301201612165447475354
1000018301201612165446991611
1000018301201612165448052148
1000018301201612165448229142
1000018301201612165448052188
1000018301201612165447713392
1000018301201612165447425758
1000018301201612165447640926
1000018301201612165449144591
1000018301201612165450474090
1000018301201612165450891144
1000018301201612165451341324
1000018301201612165452066168
1000018301201612165451957228
1000018301201612165450933919
1000018301201612165452166801
1000018301201612165459064052
1000018301201612165459822381
1000018301201612165459193788
1000018301201612165460716374
1000018301201612165462322313
1000018301201612165463666880
1000018301201612165464352452
1000018301201612165464208785
1000018301201612165464695576
1000018301201612165464474640
1000018301201612165464267799
1000018301201612165465832074
1000018301201612165464921749
1000018301201612165467095364
1000018301201612165467869148
1000018301201612165468028307
1000018301201612165468700137
1000018301201612165466976984
1000018301201612165468632339
1000018301201612165467809992
1000018301201612165469078749
1000018301201612165470809399
1000018301201612165472283074
1000018301201612165474675074
1000018301201612165475424637
1000018301201612165477001260
1000018301201612165477066625
1000018301201612165478215491
1000018301201612165479851150
1000018301201612165480243788
1000018301201612165481937298
1000018301201612165481755339
1000018301201612165482321022
1000018301201612165483931632
1000018301201612165485258018
1000018301201612165483894644
1000018301201612165484550779
1000018301201612165487776759
1000018301201612175490505239
1000018301201612175491464127
1000018301201612175491887646
1000018301201612175492069622
1000018301201612175492640143
1000018301201612175492131746
1000018301201612175492131752
1000018301201612175492578267
1000018301201612175492556410
1000018301201612175493008040
1000018301201612175491998971
1000018301201612175492678380
1000018301201612175493250013
1000018301201612175492873398
1000018301201612175493160286
1000018301201612175493870069
1000018301201612175492979876
1000018301201612175493737523
1000018301201612175493638700
1000018301201612175493998647
1000018301201612175493710946
1000018301201612175494267776
1000018301201612175494098902
1000018301201612175495232271
1000018301201612175494989674
1000018301201612175496440129
1000018301201612175496740242
1000018301201612175496900316
1000018301201612175496706526
1000018301201612175498474347
1000018301201612175498077596
1000018301201612175500174979
1000018301201612175501716388
1000018301201612175502850448
1000018301201612175502219806
1000018301201612175504443005
1000018301201612175506919389
1000018301201612175506784687
1000018301201612175506527806
1000018301201612175507558892
1000018301201612175509533181
1000018301201612175510680173
1000018301201612175513812118
1000018301201612175512334909
1000018301201612175515399491
1000018301201612175519782157
1000018301201612175519965996
1000018301201612175522349461
1000018301201612175524399405
1000018301201612175525132265
1000018301201612175525559547
1000018301201612175526175390
1000018301201612175528171398
1000018301201612175528723736
1000018301201612175530391164
1000018301201612175528611888
1000018301201612175529464712
1000018301201612175530964444
1000018301201612175531507346
1000018301201612175530802860
1000018301201612175532376074
1000018301201612175531507966
1000018301201612185534453455
1000018301201612185534797382
1000018301201612185534595796
1000018301201612185534485848
1000018301201612185534696682
1000018301201612185534803480
1000018301201612185534719674
1000018301201612185535134092
1000018301201612185534936655
1000018301201612185535070445
1000018301201612185534980489
1000018301201612185535271084
1000018301201612185534936963
1000018301201612185535067772
1000018301201612185535311599
1000018301201612185535405426
1000018301201612185535233942
1000018301201612185535605254
1000018301201612185535727329
1000018301201612185535764476
1000018301201612185535957440
1000018301201612185536237098
1000018301201612185535894941
1000018301201612185536154401
1000018301201612185536917134
1000018301201612185536809688
1000018301201612185537471545
1000018301201612185537520699
1000018301201612185538233058
1000018301201612185538326108
1000018301201612185539171387
1000018301201612185539546385
1000018301201612185540237500
1000018301201612185540502031
1000018301201612185540657487
1000018301201612185541089076
1000018301201612185541077283
1000018301201612185540946840
1000018301201612185541145708
1000018301201612185541510182
1000018301201612185541658091
1000018301201612185541970558
1000018301201612185542291544
1000018301201612185542439813
1000018301201612185542548818
1000018301201612185542877233
1000018301201612185542777313
1000018301201612185542889220
1000018301201612185542600954
1000018301201612185542735743
1000018301201612185543494101
1000018301201612185543607720
1000018301201612185543823281
1000018301201612185544445277
1000018301201612185544783193
1000018301201612185544834376
1000018301201612185544859479
1000018301201612185544848567
1000018301201612185545135171
1000018301201612195545301560
1000018301201612195546681004
1000018301201612195547199431
1000018301201612195547126873
1000018301201612195547167818
1000018301201612195547243615
1000018301201612195547285616
1000018301201612195547194859
1000018301201612195547173806
1000018301201612195547198668
1000018301201612195547227865
1000018301201612195547361478
1000018301201612195547532133
1000018301201612195547231705
1000018301201612195547628051
1000018301201612195547563182
1000018301201612195547383600
1000018301201612195547331842
1000018301201612195547569470
1000018301201612195547418110
1000018301201612195547620478
1000018301201612195547666659
1000018301201612195547722415
1000018301201612195547872227
1000018301201612195547652638
1000018301201612195547950832
1000018301201612195548351097
1000018301201612195548046845
1000018301201612195548129679
1000018301201612195548691476
1000018301201612195548626817
1000018301201612195548777889
1000018301201612195548963500
1000018301201612195549090837
1000018301201612195549291371
1000018301201612195549272693
1000018301201612195549671180
1000018301201612195549760420
1000018301201612195549887142
1000018301201612195549792536
1000018301201612195550069471
1000018301201612195551049296
1000018301201612195550947687
1000018301201612195551029589
1000018301201612195550876941
1000018301201612195551006818
1000018301201612195551662046
1000018301201612195551614448
1000018301201612195552034518
1000018301201612195552020748
1000018301201612195552394387
1000018301201612195552478883
1000018301201612195552758796
1000018301201612195552981606
1000018301201612195553332219
1000018301201612195554121281
1000018301201612195554567462
1000018301201612195555849314
1000018301201612195556181277
1000018301201612195557147329
1000018301201612195557216298
1000018301201612195557077769
1000018301201612195558079168
1000018301201612195557804726
1000018301201612195557960924
1000018301201612195558479708
1000018301201612195559210036
1000018301201612195559498105
1000018301201612195559609741
1000018301201612205559988605
1000018301201612205560345484
1000018301201612205560879727
1000018301201612205560989747
1000018301201612205561050569
1000018301201612205560987581
1000018301201612205561412144
1000018301201612205561432044
1000018301201612205561360268
1000018301201612205561049580
1000018301201612205561071664
1000018301201612205561489097
1000018301201612205561593029
1000018301201612205561135833
1000018301201612205561303663
1000018301201612205561638046
1000018301201612205561443398
1000018301201612205561613479
1000018301201612205561959370
1000018301201612205562325156
1000018301201612205562313233
1000018301201612205562284375
1000018301201612205562867141
1000018301201612205563389763
1000018301201612205564133000
1000018301201612205564427502
1000018301201612205564629626
1000018301201612205565246074
1000018301201612205565163592
1000018301201612205565389347
1000018301201612205565064934
1000018301201612205565832703
1000018301201612205566348264
1000018301201612205566164930
1000018301201612205566471533
1000018301201612205567908218
1000018301201612205566944948
1000018301201612205567583570
1000018301201612205567845835
1000018301201612205568255481
1000018301201612205568129189
1000018301201612205568550101
1000018301201612205568559439
1000018301201612205569279519
1000018301201612205569446378
1000018301201612205570341000
1000018301201612205569924845
1000018301201612205570556936
1000018301201612205570869796
1000018301201612205571172456
1000018301201612205571515106
1000018301201612205571517368
1000018301201612205571608137
1000018301201612205571709535
1000018301201612205571774814
1000018301201612205571962647
1000018301201612205572639490
1000018301201612205572807624
1000018301201612205573179112
1000018301201612205573670220
1000018301201612205573566743
1000018301201612205573635618
1000018301201612205573921366
1000018301201612205573728831
1000018301201612205574056898
1000018301201612205574301309
1000018301201612205574081988
1000018301201612215574838504
1000018301201612215575150923
1000018301201612215575466540
1000018301201612215575876012
1000018301201612215575588487
1000018301201612215575776189
1000018301201612215575597453
1000018301201612215575644431
1000018301201612215575845254
1000018301201612215575467783
1000018301201612215575865321
1000018301201612215575693600
1000018301201612215575835490
1000018301201612215575958847
1000018301201612215576053147
1000018301201612215576011242
1000018301201612215576094200
1000018301201612215576250018
1000018301201612215576250135
1000018301201612215576307237
1000018301201612215576120926
1000018301201612215576561612
1000018301201612215577281749
1000018301201612215577757847
1000018301201612215578301048
1000018301201612215578208628
1000018301201612215578404672
1000018301201612215578371820
1000018301201612215578322913
1000018301201612215580037485
1000018301201612215579906684
1000018301201612215579862777
1000018301201612215580093548
1000018301201612215580460268
1000018301201612215580950219
1000018301201612215581020692
1000018301201612215581373007
1000018301201612215581319388
1000018301201612215581630339
1000018301201612215581346883
1000018301201612215582031186
1000018301201612215582243451
1000018301201612215582325530
1000018301201612215582583842
1000018301201612215582578932
1000018301201612215583150369
1000018301201612215583446595
1000018301201612215583541560
1000018301201612215583949035
1000018301201612215583983443
1000018301201612215583922727
1000018301201612215583982647
1000018301201612215584200353
1000018301201612215583978876
1000018301201612215584199515
1000018301201612215584612226
1000018301201612215584719320
1000018301201612215584834602
1000018301201612215585075827
1000018301201612215585388169
1000018301201612215585123713
1000018301201612215585214716
1000018301201612215585672741
1000018301201612215585922316
1000018301201612215586061321
1000018301201612215585871746
1000018301201612215586281317
1000018301201612215586260429
1000018301201612215586804090
1000018301201612225586919192
1000018301201612225586834512
1000018301201612225587595587
1000018301201612225587842330
1000018301201612225587817493
1000018301201612225587516913
1000018301201612225587664683
1000018301201612225588167037
1000018301201612225587567936
1000018301201612225588059284
1000018301201612225587671691
1000018301201612225587921547
1000018301201612225587952429
1000018301201612225588029323
1000018301201612225587779609
1000018301201612225587728876
1000018301201612225587767901
1000018301201612225587855656
1000018301201612225587842777
1000018301201612225588132329
1000018301201612225587982582
1000018301201612225588410051
1000018301201612225587796858
1000018301201612225588011754
1000018301201612225588226650
1000018301201612225588382586
1000018301201612225588347747
1000018301201612225588504590
1000018301201612225588653269
1000018301201612225588878101
1000018301201612225588633839
1000018301201612225589172190
1000018301201612225588857890
1000018301201612225589340038
1000018301201612225589083673
1000018301201612225589131685
1000018301201612225589371430
1000018301201612225589428325
1000018301201612225589563066
1000018301201612225589877267
1000018301201612225589938492
1000018301201612225589778875
1000018301201612225590417209
1000018301201612225590618261
1000018301201612225591089074
1000018301201612225591112185
1000018301201612225591043413
1000018301201612225591388344
1000018301201612225591517931
1000018301201612225592137336
1000018301201612225592590743
1000018301201612225592848524
1000018301201612225593553040
1000018301201612225593719840
1000018301201612225593876709
1000018301201612225594062746
1000018301201612225594104931
1000018301201612225594410663
1000018301201612225594273882
1000018301201612225594846141
1000018301201612225594766575
1000018301201612225594816514
1000018301201612225595415499
1000018301201612225595443499
1000018301201612225595405894
1000018301201612225595624526
1000018301201612225595753328
1000018301201612225595499946
1000018301201612225595586748
1000018301201612225595876358
1000018301201612225595865553
1000018301201612225595628972
1000018301201612225596000262
1000018301201612225596127185
1000018301201612225596313725
1000018301201612225596543496
1000018301201612225597279348
1000018301201612225598797975
1000018301201612225598999547
1000018301201612225599090624
1000018301201612225599346168
1000018301201612235599178997
1000018301201612235599465671
1000018301201612235599458735
1000018301201612235600626625
1000018301201612235601629052
1000018301201612235601000880
1000018301201612235601294867
1000018301201612235601659486
1000018301201612235601512696
1000018301201612235601293837
1000018301201612235601760406
1000018301201612235601907283
1000018301201612235601502792
1000018301201612235601853338
1000018301201612235602058232
1000018301201612235601955387
1000018301201612235602163194
1000018301201612235601749633
1000018301201612235601511924
1000018301201612235602353123
1000018301201612235601542902
1000018301201612235601873608
1000018301201612235601800728
1000018301201612235601971534
1000018301201612235601737815
1000018301201612235602763100
1000018301201612235602579356
1000018301201612235602137807
1000018301201612235602464493
1000018301201612235603378173
1000018301201612235602065891
1000018301201612235603193308
1000018301201612235604221026
1000018301201612235604043538
1000018301201612235603874584
1000018301201612235607100660
1000018301201612235608689173
1000018301201612235609672680
1000018301201612235611892589
1000018301201612235613899493
1000018301201612235616260419
1000018301201612235618230626
1000018301201612235618048685
1000018301201612235619147253
1000018301201612235618543934
1000018301201612235619252787
1000018301201612235619948553
1000018301201612235622965041
1000018301201612235623205206
1000018301201612235624131071
1000018301201612235625785232
1000018301201612235626392074
1000018301201612235625680738
1000018301201612235628049733
1000018301201612235630468210
1000018301201612235633325185
1000018301201612235632702822
1000018301201612235634434354
1000018301201612235635264038
1000018301201612235636144069
1000018301201612235636480066
1000018301201612235636486136
1000018301201612235636856042
1000018301201612235636595801
1000018301201612235636839600
1000018301201612235637695414
1000018301201612235637870324
1000018301201612235638641156
1000018301201612235638756144
1000018301201612235638647375
1000018301201612235638718571
1000018301201612235639094167
1000018301201612235638972609
1000018301201612235639046645
1000018301201612235639745127
1000018301201612245639302608
1000018301201612245640556362
1000018301201612245640878538
1000018301201612245641206282
1000018301201612245641370046
1000018301201612245640953886
1000018301201612245640869695
1000018301201612245641347471
1000018301201612245641537417
1000018301201612245641490490
1000018301201612245641788097
1000018301201612245641342676
1000018301201612245641124998
1000018301201612245641702271
1000018301201612245641573424
1000018301201612245641635398
1000018301201612245641295995
1000018301201612245641660432
1000018301201612245642175001
1000018301201612245641667757
1000018301201612245641873530
1000018301201612245642328067
1000018301201612245642035408
1000018301201612245641995487
1000018301201612245642131327
1000018301201612245641855770
1000018301201612245642579141
1000018301201612245642452224
1000018301201612245642842350
1000018301201612245643328199
1000018301201612245643292552
1000018301201612245642979773
1000018301201612245643231779
1000018301201612245643704419
1000018301201612245643570984
1000018301201612245644552608
1000018301201612245644672686
1000018301201612245645338722
1000018301201612245645711513
1000018301201612245645695937
1000018301201612245645813926
1000018301201612245648680138
1000018301201612245648233805
1000018301201612245648770846
1000018301201612245648892862
1000018301201612245651099596
1000018301201612245651889309
1000018301201612245651876581
1000018301201612245651808890
1000018301201612245652025648
1000018301201612245652463908
1000018301201612245655826751
1000018301201612245656817046
1000018301201612245657953440
1000018301201612245658528180
1000018301201612245659497279
1000018301201612245659823479
1000018301201612245660160147
1000018301201612245660831015
1000018301201612245661007137
1000018301201612245662176010
1000018301201612245662191590
1000018301201612245662876793
1000018301201612245664022280
1000018301201612245664205949
1000018301201612245664465945
1000018301201612245665749023
1000018301201612245665425319
1000018301201612245666005198
1000018301201612245665569798
1000018301201612255666654160
1000018301201612255666726359
1000018301201612255667216772
1000018301201612255667420487
1000018301201612255667450297
1000018301201612255667193911
1000018301201612255667443521
1000018301201612255667435456
1000018301201612255667524400
1000018301201612255667592271
1000018301201612255667695094
1000018301201612255667465565
1000018301201612255667488568
1000018301201612255667687303
1000018301201612255667664443
1000018301201612255667891414
1000018301201612255668129079
1000018301201612255668139344
1000018301201612255668334543
1000018301201612255668663130
1000018301201612255668537731
1000018301201612255668965286
1000018301201612255668925604
1000018301201612255669162189
1000018301201612255669898888
1000018301201612255670112549
1000018301201612255670434443
1000018301201612255670783387
1000018301201612255671139303
1000018301201612255671419092
1000018301201612255671242515
1000018301201612255671351482
1000018301201612255671615883
1000018301201612255672254399
1000018301201612255672955417
1000018301201612255673007838
1000018301201612255673322720
1000018301201612255673315930
1000018301201612255673876920
1000018301201612255674477950
1000018301201612255674966202
1000018301201612255674836595
1000018301201612255675021548
1000018301201612255675698114
1000018301201612255676060135
1000018301201612255675719991
1000018301201612255676332094
1000018301201612255676225406
1000018301201612255676465052
1000018301201612255676376914
1000018301201612255676621959
1000018301201612255677248235
1000018301201612255677527089
1000018301201612255677716088
1000018301201612255677389844
1000018301201612255677841366
1000018301201612255677850737
1000018301201612255678226334
1000018301201612255678317557
1000018301201612255678595474
1000018301201612265680639399
1000018301201612265681157185
1000018301201612265681123190
1000018301201612265680978584
1000018301201612265680776843
1000018301201612265681191197
1000018301201612265681074472
1000018301201612265681088423
1000018301201612265681331073
1000018301201612265681100632
1000018301201612265681237403
1000018301201612265681021798
1000018301201612265680948941
1000018301201612265681260449
1000018301201612265681262610
1000018301201612265681355563
1000018301201612265681491562
1000018301201612265681776032
1000018301201612265681565677
1000018301201612265681742593
1000018301201612265681755732
1000018301201612265681889569
1000018301201612265681899553
1000018301201612265682196030
1000018301201612265681970689
1000018301201612265682547660
1000018301201612265683033139
1000018301201612265683002560
1000018301201612265683265983
1000018301201612265683490805
1000018301201612265683898565
1000018301201612265683916730
1000018301201612265683914961
1000018301201612265684132850
1000018301201612265684442163
1000018301201612265684653036
1000018301201612265685020818
1000018301201612265685272785
1000018301201612265686750490
1000018301201612265686873175
1000018301201612265686757441
1000018301201612265687079377
1000018301201612265687432733
1000018301201612265687836387
1000018301201612265687793632
1000018301201612265688373229
1000018301201612265688257928
1000018301201612265688627190
1000018301201612265688615787
1000018301201612265688956128
1000018301201612265689267345
1000018301201612265689200641
1000018301201612265689524777
1000018301201612265689656532
1000018301201612265689983321
1000018301201612265690842112
1000018301201612265690645838
1000018301201612265690928439
1000018301201612265691139171
1000018301201612265691045532
1000018301201612265691002807
1000018301201612265691679061
1000018301201612265692074033
1000018301201612265691787885
1000018301201612265691937561
1000018301201612275692853920
1000018301201612275693112484
1000018301201612275693374560
1000018301201612275695927990
1000018301201612275696243436
1000018301201612275696567075
1000018301201612275696610387
1000018301201612275696326984
1000018301201612275696581399
1000018301201612275696771206
1000018301201612275696675277
1000018301201612275696756158
1000018301201612275696831123
1000018301201612275696677434
1000018301201612275696521692
1000018301201612275696842158
1000018301201612275696528806
1000018301201612275696907028
1000018301201612275696508931
1000018301201612275696603599
1000018301201612275696692425
1000018301201612275696575761
1000018301201612275696700558
1000018301201612275696834223
1000018301201612275696915086
1000018301201612275696675503
1000018301201612275696597639
1000018301201612275696911175
1000018301201612275696932231
1000018301201612275696678609
1000018301201612275696556887
1000018301201612275696501983
1000018301201612275696853372
1000018301201612275696628905
1000018301201612275697047052
1000018301201612275696938253
1000018301201612275697090028
1000018301201612275696923386
1000018301201612275696994254
1000018301201612275696990278
1000018301201612275696652914
1000018301201612275696787511
1000018301201612275697058067
1000018301201612275697084028
1000018301201612275696591940
1000018301201612275696909420
1000018301201612275696757741
1000018301201612275697000264
1000018301201612275696876389
1000018301201612275696833608
1000018301201612275696868406
1000018301201612275696698932
1000018301201612275697108004
1000018301201612275696732787
1000018301201612275696717810
1000018301201612275696925442
1000018301201612275697065149
1000018301201612275696917493
1000018301201612275697013310
1000018301201612275696878505
1000018301201612275696824697
1000018301201612275696986424
1000018301201612275696861752
1000018301201612275697126272
1000018301201612275697153021
1000018301201612275697071407
1000018301201612275697179442
1000018301201612275697102817
1000018301201612275697240530
1000018301201612275697502136
1000018301201612275697447372
1000018301201612275697338714
1000018301201612275697967009
1000018301201612275697348918
1000018301201612275698567583
1000018301201612275698548962
1000018301201612275698864628
1000018301201612275698832986
1000018301201612275699615905
1000018301201612275699695984
1000018301201612275699976269
1000018301201612275699822559
1000018301201612275700113232
1000018301201612275700080683
1000018301201612275700539207
1000018301201612275700508358
1000018301201612275700502724
1000018301201612275701217353
1000018301201612275702743472
1000018301201612275702635944
1000018301201612275702867654
1000018301201612275703398239
1000018301201612275703110827
1000018301201612275703165877
1000018301201612275703731413
1000018301201612275704219151
1000018301201612275704264392
1000018301201612275704266534
1000018301201612275704477239
1000018301201612275704605447
1000018301201612275704355944
1000018301201612275704925195
1000018301201612275705027054
1000018301201612275705172080
1000018301201612275705246256
1000018301201612275705084610
1000018301201612275705018733
1000018301201612275705313314
1000018301201612275705346425
1000018301201612275705258791
1000018301201612285706510867
1000018301201612285706621844
1000018301201612285706772468
1000018301201612285706946322
1000018301201612285706681910
1000018301201612285706953331
1000018301201612285706974359
1000018301201612285706678967
1000018301201612285706624856
1000018301201612285706688918
1000018301201612285707021358
1000018301201612285706684997
1000018301201612285707069442
1000018301201612285706816837
1000018301201612285707020746
1000018301201612285706868909
1000018301201612285707311187
1000018301201612285706885930
1000018301201612285707593802
1000018301201612285708036541
1000018301201612285707954926
1000018301201612285708513564
1000018301201612285708371883
1000018301201612285708699029
1000018301201612285708782598
1000018301201612285709121463
1000018301201612285709708456
1000018301201612285709632980
1000018301201612285711208183
1000018301201612285711400093
1000018301201612285711123804
1000018301201612285711346659
1000018301201612285711886356
1000018301201612285711798694
1000018301201612285712688650
1000018301201612285713686854
1000018301201612285713982556
1000018301201612285713965552
1000018301201612285714129995
1000018301201612285714273776
1000018301201612285714450999
1000018301201612285714781619
1000018301201612285714699776
1000018301201612285714892390
1000018301201612285715136164
1000018301201612285715144870
1000018301201612285715614865
1000018301201612285715649850
1000018301201612285715991262
1000018301201612285715746867
1000018301201612285716064488
1000018301201612285716116736
1000018301201612285716781399
1000018301201612285716705611
1000018301201612285717236052
1000018301201612285717149387
1000018301201612285717275118
1000018301201612285716993764
1000018301201612285716999822
1000018301201612285717241246
1000018301201612285716984922
1000018301201612285717448279
1000018301201612285717497318
1000018301201612285717537458
1000018301201612295718843112
1000018301201612295718877526
1000018301201612295719041196
1000018301201612295718761965
1000018301201612295719030571
1000018301201612295718825947
1000018301201612295718867970
1000018301201612295719479197
1000018301201612295719015958
1000018301201612295719570017
1000018301201612295719483270
1000018301201612295719101903
1000018301201612295719365474
1000018301201612295719173857
1000018301201612295719194844
1000018301201612295719604105
1000018301201612295719565155
1000018301201612295719154935
1000018301201612295719497355
1000018301201612295719676139
1000018301201612295719578763
1000018301201612295719850510
1000018301201612295719821960
1000018301201612295719880759
1000018301201612295720588071
1000018301201612295720550676
1000018301201612295720839923
1000018301201612295721654134
1000018301201612295721594608
1000018301201612295721816646
1000018301201612295722225615
1000018301201612295722276983
1000018301201612295722953570
1000018301201612295723235029
1000018301201612295723043012
1000018301201612295723138127
1000018301201612295723584815
1000018301201612295723520560
1000018301201612295723495586
1000018301201612295723703196
1000018301201612295723561710
1000018301201612295723760310
1000018301201612295723815251
1000018301201612295723799348
1000018301201612295723980627
1000018301201612295724065544
1000018301201612295724079980
1000018301201612295725042053
1000018301201612295724976156
1000018301201612295725221018
1000018301201612295725492012
1000018301201612295725189902
1000018301201612295725162880
1000018301201612295725829320
1000018301201612295725501815
1000018301201612295725858463
1000018301201612295726180479
1000018301201612295726124498
1000018301201612295726525010
1000018301201612295726109985
1000018301201612295726554264
1000018301201612295727249258
1000018301201612295728136025
1000018301201612295728450227
1000018301201612295728653501
1000018301201612295728793709
1000018301201612295728717974
1000018301201612295729038472
1000018301201612295728998843
1000018301201612295729355224
1000018301201612295729723022
1000018301201612295729613319
1000018301201612295729741038
1000018301201612295729784127
1000018301201612295729889099
1000018301201612295729760445
1000018301201612295729611912
1000018301201612295730127113
1000018301201612295730018750
1000018301201612295730361337
1000018301201612295730253677
1000018301201612305730718770
1000018301201612305731219273
1000018301201612305731462237
1000018301201612305731934291
1000018301201612305731886814
1000018301201612305732269870
1000018301201612305732284797
1000018301201612305733006270
1000018301201612305733271058
1000018301201612305732950359
1000018301201612305732702577
1000018301201612305733596004
1000018301201612305732843670
1000018301201612305732969715
1000018301201612305733981259
1000018301201612305734958000
1000018301201612305734010661
1000018301201612305733676816
1000018301201612305735827121
1000018301201612305734075890
1000018301201612305736987262
1000018301201612305736718446
1000018301201612305737168302
1000018301201612305737950031
1000018301201612305737560320
1000018301201612305738235190
1000018301201612305738574176
1000018301201612305738520607
1000018301201612305739458402
1000018301201612305739419462
1000018301201612305741099307
1000018301201612305743098709
1000018301201612305744827963
1000018301201612305746278919
1000018301201612305746547898
1000018301201612305746793975
1000018301201612305747223776
1000018301201612305747357906
1000018301201612305748517419
1000018301201612305751235819
1000018301201612305751821978
1000018301201612305753268109
1000018301201612305754183929
1000018301201612305755041614
1000018301201612305755680462
1000018301201612305756414709
1000018301201612305758487124
1000018301201612305758899334
1000018301201612305759599773
1000018301201612305760675144
1000018301201612305760759379
1000018301201612305762814393
1000018301201612305762177886
1000018301201612305763328254
1000018301201612305762511899
1000018301201612305763726506
1000018301201612305764448350
1000018301201612305764738133
1000018301201612305765226061
1000018301201612305765215925
1000018301201612305766678082
1000018301201612305767183068
1000018301201612305767245293
1000018301201612305766557765
1000018301201612305767562507
1000018301201612305768001152
1000018301201612305767528551
1000018301201612305767366786
1000018301201612305768584046
1000018301201612305768495225
1000018301201612305769534518
1000018301201612305769570494
1000018301201612305770043130
1000018301201612315770228003
1000018301201612315769979545
1000018301201612315771427131
1000018301201612315771091718
1000018301201612315771036948
1000018301201612315771134864
1000018301201612315771208936
1000018301201612315771957077
1000018301201612315771967085
1000018301201612315771361857
1000018301201612315771770373
1000018301201612315771304995
1000018301201612315771483682
1000018301201612315771323881
1000018301201612315771435797
1000018301201612315771686501
1000018301201612315772038130
1000018301201612315771774447
1000018301201612315771452851
1000018301201612315771686614
1000018301201612315772058327
1000018301201612315772337152
1000018301201612315771906620
1000018301201612315772065504
1000018301201612315772167449
1000018301201612315772670050
1000018301201612315771997735
1000018301201612315771805940
1000018301201612315772920138
1000018301201612315773001517
1000018301201612315773168853
1000018301201612315773981404
1000018301201612315774389098
1000018301201612315774765006
1000018301201612315774138919
1000018301201612315775213277
1000018301201612315774759888
1000018301201612315775143759
1000018301201612315775498373
1000018301201612315775046947
1000018301201612315775629514
1000018301201612315775738645
1000018301201612315775915867
1000018301201612315775955804
1000018301201612315776670395
1000018301201612315777551297
1000018301201612315776904866
1000018301201612315777318826
1000018301201612315778163033
1000018301201612315778125671
1000018301201612315780567220
1000018301201612315780709224
1000018301201612315779934934
1000018301201612315781797177
1000018301201612315781912240
1000018301201612315781819404
1000018301201612315781773699
1000018301201612315782110650
1000018301201612315782872455
1000018301201612315782926647
1000018301201612315783690066
1000018301201612315783828363
1000018301201612315784110624
1000018301201612315784363512
1000018301201612315784818107
1000018301201612315784060978
1000018301201612315784903341
1000018301201612315786047282
1000018301201612315787489211
1000018301201612315787614619
1000018301201612315790466074
1000018301201612315791287246
1000018301201612315791871739
1000018301201612315792938090
1000018301201612315793837031
1000018301201612315793585801
1000018301201612315793775941
1000018301201612315794434364
1000018301201612315794348559
1000018301201612315794914447
1000018301201612315794977598
1000018301201612315794863802
1000018301201612315795171546
1000018301201612315794957948
1000018301201612315795400715
1000018301201612315795805111