21
22
28
34
59
62
70
76
83
105
113
158
165
237
247
261
273
281
320
349
364
366
376
400
408
421
462
523
554
684
841
1472
1475
1568
1644
1754
1921
1982
2058
2167
2169
3055
3128
3309
3311
3398
3724
3748
4140
4213
4217
4219
4234
4244
4259
4324
4332
4351
4393
4489
4521
4528
4640
5130
5743
5762
5820
5857
5863
5868
5877
6160
6175
6231
6266
6311
6345
6377
6546
6558
6565
6612
6820
6963
6966
7155
7173
7371
7858
7882
7927
8050
8053
8211
8258
8282
8574
8605
8634
8661
8671
8689
9006
9042
9293
9376
9407
9468
9474
9475
9547
9555
9556
9558
9661
9711
9714
9731
9775
9872
10041
10138
10193
10200
10362
10445
10453
10575
10693
10804
10872
10961
11066
11084
11249
11300
11391
11458
11711
11770
11814
11877
11969
12187
12310
12344
12465
12482
12566
12631
12633
12723
12978
13257
13261
13339
13341
13384
13398
13401
13419
13439
13625
13858
14049
14099
14118
14133
14134
14175
14409
14796
14897
14904
14910
14917
14960
15149
15229
15232
15245
15249
15434
15627
15976
16027
16056
16162
16238
16427
16470
16603
16777
16797
16930
16940
16995
17095
17113
17298
17312
17394
17716
17745
17925
18027
18147
18178
18205
18262
18373
18422
18433
18474
18497
18529
18553
18586
18817
19050
19090
19092
19231
19464
19539
19567
19575
19636
19742
19770
19771
19812
19838
19855
19857
19908
19960
19974
20032
20125
20166
20239
20259
20402
20442
20514
20524
20592
20593
20697
20771
20804
20906
20991
21019
21098
21152
21694
21796
21828
21849
21942
21965
21968
21983
22011
22324
22532
22566
22624
22735
22756
22759
22784
22807
22890
22938
23065
23108
23113
23178
23216
23300
23312
23358
23447
23502
23541
23574
23585
23600
23776
23806
23810
23839
23859
23938
23995
24039
24234
24351
24358
24375
24456
24541
24566
24573
25141
25458
25635
25685
25707
25851
25853
25863
25870
25892
25895
25943
25971
25988
25990
25992
26137
26191
26258
26312
26441
26450
26595
26597
26858
26926
26977
26980
27076
27318
27487
27883
27997
28222
28349
28426
28571
28649
28948
29656
46
176
1881
4109
7889
10019
12779
23225
