13127
22138
50432
77421
103394
116877
120636
121841
131962
135467
155048
159365
177626
183704
186777
190945
201049
204882
263762
277332
285497
315687
347276
389622
405615
415260
443218
453511
472323
479826
483773
493046
517612
536951
546749
547335
588810
604659
616424
641896
655068
719366
720400
745346
761662
763047
772732
802570
811733
845729
887229
891058
907493
917456
928835
929531
962614
968810
979663
991464
998632
1001278
1001996
1015520
1049132
1052212
1079644
1079804
1081405
1082169
1094167
1098789
1124855
1136195
1146141
1155943
1169150
1172107
1178960
1182679
1201993
1212846
1215104
1217226
1217870
144958
145988
147272
157628
172933
207078
251094
259798
355155
356672
393015
393086
414605
430816
502608
509448
511489
548742
550242
596096
597961
605603
632556
635545
671133
676709
677287
683694
684870
686325
725659
746408
761396
783124
806103
814350
869010
898251
935697
947294
978022
1015170
1016124
1017169
1037963
1045026
1071494
1097573
1149938
1181911
1200539
1216433
1225421
1229016
1230211
1234504
83902
98038
108769
131439
147425
152878
156558
183986
201485
213750
315141
334803
363365
404683
411669
446176
452890
455529
466099
496557
512291
520868
547434
576853
593156
618555
644375
646584
667746
668375
670104
671114
683372
693051
715639
729428
797011
804418
828544
828997
857711
872423
883196
959112
990259
1009983
1062171
1080785
1083664
1101756
1105712
1106344
1122235
1122522
1136054
1143348
1160249
1177763
1186448
1187381
1198541
1228346
1229647
121315
134664
220904
253026
295277
314516
325965
386142
527415
577347
610896
697355
747863
757431
760455
785297
791471
886076
892022
900319
905281
909879
986110
1015940
1018700
1045626
1074818
1133594
1143174
1147946
1158909
1194852
1209309
1227555
1228321
1229110
79870
155986
179671
228164
299139
411174
544871
565641
603372
692507
826712
920165
949489
1008076
1020759
1027560
1030216
1036491
1039848
1047973
1057501
1086288
1144804
1175273
1191555
1223280
68362
91243
95615
97694
193131
224089
240851
256904
328250
375919
406742
429721
474154
519950
648895
663386
713411
719960
817069
910119
917861
946241
956998
963609
985723
989855
1058648
1060978
1075696
1077436
1078240
1087388
1096595
1124233
1161084
1161648
1164356
1185643
1203521
1221280
11224
18436
21804
78994
142113
144214
150079
174984
198882
204413
223238
239425
240251
271776
302627
339216
344721
347515
348469
369508
370216
388819
431106
440092
447273
454675
459062
478341
550760
577440
640082
663344
672593
680295
710455
728269
731188
752593
778793
803594
847380
871094
874354
892810
914353
958416
963572
999694
1051507
1052951
1096128
1100124
1110056
1113483
1133090
1148475
1171522
1186031
1197520
1203510
1220048
1222072
63739
91987
100956
110033
116771
154613
157221
181231
190514
245980
405631
447293
459917
500068
574337
581472
602878
618067
650934
724365
744879
765459
782187
799581
849687
932943
960319
974305
1002532
1033118
1042217
1051536
1053150
1053905
1074531
1089980
1091219
1106095
1107113
1110210
1163050
1163200
1178095
1214259
104055
164398
168010
246078
394080
488664
507352
562834
664131
681408
736062
844114
860959
881181
898773
961110
1015693
1043835
1048566
1090743
1106786
1116310
1136398
1144216
1156475
1194675
56522
67271
71879
178493
198448
229337
230799
258782
288249
342559
348358
418201
423928
436793
446915
462222
513783
602815
619228
643137
651815
659948
674684
748893
749110
764417
851649
879339
894882
897062
936870
944420
1039076
1088430
1094204
1094364
18896
102415
109357
178745
258125
283775
316928
440760
445864
494644
549718
624002
754070
767295
797272
832610
863081
886146
910771
916712
929892
937113
945531
978058
1030278
1044102
1057707
1061389
1096432
1152307
1155950
1205024
1207317
16513
55142
96451
158241
163599
180861
197373
219215
276896
286504
300752
310382
325053
354880
361809
373563
409683
419176
452385
457195
518221
569856
618700
684926
691292
700211
717698
720596
724613
731789
782776
800008
801795
809585
825252
867245
919675
943440
964563
989922
996693
1012045
1012639
1033712
1048619
1061979
1098527
1112436
1125348
1133982
1150615
1159711
1168493
1181630
1181669
1190084
1202323
1205113
3886
44643
71671
77994
96031
100860
142282
147149
160876
179938
238944
253431
264306
285075
300681
308774
310789
354512
365035
367378
371657
388256
414595
414647
426376
444536
445308
446933
520055
524806
543603
563893
580051
611083
666473
677381
721878
743812
745561
754053
782791
785472
786382
789088
789164
811991
828311
837981
865165
870737
870784
881832
893340
895082
898297
902239
913221
914403
917657
928068
935423
938227
988818
1008956
1012259
1025295
1034889
1041570
1059168
1074012
1081569
1097901
1130059
1133228
1141048
1141685
1148355
1159274
1171235
1197391
1201313
1203488
1203674
7867
53740
56038
96937
103654
113758
115243
150594
151206
172681
173939
177479
179940
184372
194591
227176
235286
242530
248134
268645
284071
285441
293347
322471
325524
354589
357255
362815
413309
420729
464532
475845
488792
495635
522473
546444
562734
614420
614587
630454
635504
654701
677302
686405
705346
708987
710981
745662
747543
751007
760075
762682
782409
809342
859530
862477
862821
873288
890228
905691
982460
993079
1010894
1014387
1028208
1030383
1039696
1049992
1059999
1076460
1109422
1110314
1110456
1113902
1119341
1123020
1124064
1153624
1154522
1175858
1177785
1179639
1198306
1199152
136176
182756
187007
212591
219171
232318
330661
442599
506788
525998
528452
607787
722991
743895
752401
818118
821096
882297
884984
923212
973847
1081441
1102854
1105591
1111753
1170358
1184579
1198755
80043
84282
130621
135012
147716
161055
162563
178628
220214
244363
247658
270861
317504
320886
334497
378717
392587
392601
405811
411450
423246
567160
579644
642608
726129
727591
748107
748478
815947
843602
848716
854672
892858
892963
914794
948640
950139
1001837
1062021
1102786
1116742
1143334
28436
54855
85748
118174
161618
188409
209352
221028
223696
254759
262604
269811
314508
381534
409773
421357
435555
439740
448531
554139
650167
666077
683640
739369
784630
793562
795425
823740
852730
859113
870680
926543
938074
968120
970067
1013252
1015085
1017172
1065400
1068134
1075197
1184208
11744
52033
71193
114048
175560
183278
218592
278233
321415
353586
422984
433488
457866
580634
610331
642401
747321
751900
775309
802164
808976
864275
868779
873588
909518
930797
976373
982828
1012543
1013314
1022165
1029704
1056525
1073141
1180538
18149
71705
129337
157130
183277
203490
227192
290507
349704
368445
402708
420178
436521
457973
492208
494406
506574
686155
709092
781549
806349
809699
812695
840447
857242
870818
965257
984048
1018181
1056563
1066627
1102549
1148629
1156269
1165064
1173086
33282
67427
82342
154773
179165
235299
290817
313457
374303
406108
421391
432630
460298
484519
484588
524381
529328
530235
632753
642647
666206
757755
797416
863128
868057
870840
873526
884590
919861
922377
952566
974243
975946
1004073
1033926
1042895
1147585
1155654
1162634
1169345
32716
73973
158188
255098
293696
340193
364829
368341
376575
441077
454553
470910
481690
527552
541413
583568
591393
599572
646877
648198
649084
720917
784070
846954
848766
863888
880777
910801
916508
924980
927974
932867
940515
948262
995567
1005280
1011799
1046669
1062462
1065931
1094488
1131752
1177381
20675
52966
121537
149145
150960
169855
177282
212334
264043
299215
338335
426131
432735
440363
443282
465734
559895
578778
633050
661734
722864
756925
768134
779320
807924
828986
830977
864870
887473
904682
990340
996077
1029473
1056977
1062618
1092995
1096448
1104754
1121264
1139463
71745
153361
230524
251428
292077
314141
325350
390831
514628
519960
520376
558898
756263
786446
916115
926388
1060418
1075445
1113608
1157042
1158675
1163523
1169617
66882
136299
190646
216080
275327
278434
283512
297928
370125
377657
418195
431757
435004
441455
454596
458579
522717
534866
549688
554008
603621
789581
821866
837409
854333
880508
928615
935720
959257
966282
983719
1068996
1075698
1079229
1087153
1109838
1167110
1168940
13743
58358
104744
146023
149175
181544
195719
312436
389160
393199
450603
466726
480454
527071
582672
588405
628997
690223
731865
800591
919594
928542
949930
963682
970700
999115
1093520
1105196
1139376
1165659
19403
41840
52554
115236
123872
129626
147689
316113
528799
657151
746121
796274
830536
888847
942709
995186
1014643
1072683
1076651
1085470
1113988
140797
241659
277635
410740
431575
658115
689494
758981
806745
846369
924424
948648
1014396
1016359
1070227
1120417
879836
934047
974554
1038710
1087352
437161
92344
415634
988505
741701
2011
50996
56070
59536
84058
138181
142416
192448
211944
225799
231989
342830
447001
480710
526698
619474
638753
679267
695425
723803
732719
749234
806926
814063
814754
821536
826871
827481
830358
856137
901215
906332
922284
987976
994284
998409
1020670
1022196
1022269
1048059
1089214
1114814
1125816
1128247
1128797
1150475
1167707
1179267
1189536
1193985
1205720
1227432
67893
86899
89383
141481
162715
200951
205359
265322
293905
401521
404394
419769
446993
490243
511408
539814
547091
569224
578009
590189
591219
608611
621086
639363
675891
678038
686907
687991
742622
827487
831674
906512
912414
981962
1058013
1073416
1083143
1085114
1120518
1124372
1161911
1170841
1193093
1194349
1203352
1225920
65823
70198
81285
107040
142509
145442
148081
198652
228516
235837
250257
250276
272880
272977
293997
393041
440312
443563
461532
481565
532983
547320
611393
666810
674986
724061
790168
846301
872519
882971
885817
901926
945933
959696
981887
999322
1011998
1013751
1019902
1031008
1033689
1050021
1060883
1183478
1192070
1199181
1199324
1230662
12505
68503
182823
271020
273961
322093
329095
329258
409075
412070
450674
500717
501495
605446
607131
838784
910913
956959
1023455
1035651
1075603
1102715
1105681
1138277
146088
147026
159427
189947
206990
240930
260988
286768
309283
356739
413939
509344
624073
646148
673687
735269
738013
807689
891023
943484
973934
978664
1006029
1014608
1034238
1066776
1111358
1124765
1128665
1138986
1139162
1158745
1159815
1171025
57075
62956
64463
64692
75241
79750
85343
107700
179660
179955
183713
303011
312852
314364
315336
348567
368649
385006
413763
417701
630366
633391
641463
657713
658696
661324
672839
751714
877808
892728
893801
912018
934009
946790
961831
975952
988588
991121
1180049
1208751
62156
74710
86326
107646
139165
144501
158704
159955
167077
175706
190817
205732
236580
353867
407982
411909
420185
442583
454268
462652
519777
520404
569964
620523
649937
682324
744573
763319
802363
811826
820063
838511
870541
876439
883515
893270
899415
899641
921554
924579
931173
931651
970399
977904
979402
982188
986014
1013865
1033251
1053110
1103843
1109522
1140549
1155070
1176058
1177471
1186287
1196526
1197863
1216533
1222199
137749
200391
217534
285287
386349
389646
412986
458959
476483
581663
743530
797506
858660
860532
875204
930566
998834
1039831
1055384
97547
154937
179717
216822
269337
312749
370286
396720
418153
522719
572901
673761
730318
795457
796533
948929
951542
952485
967444
971566
995118
1030905
1034781
1052330
1076157
1106042
1109637
1114090
1120093
1124194
1214036
66389
89077
103245
134592
139603
149149
211262
332170
361091
394127
395973
404335
413438
414901
484385
567740
630312
663796
667596
684645
694824
712743
816316
821763
825256
987562
1030302
1056700
1065801
1071810
99691
226393
352429
396253
420588
454801
477148
568954
623859
670122
805076
864573
1032407
1055105
1055518
1090164
1096452
1165698
70830
170284
194571
203036
211113
212379
218685
229691
241604
246414
278504
297777
338661
350200
368769
371268
479625
500263
501118
505152
539606
564939
602708
610826
624235
627279
642762
674329
682791
686756
688339
740189
846497
854091
859599
862074
867723
925125
935565
957827
964507
973832
977992
995014
997706
999209
1002184
1006095
1054486
1128744
1168827
1177701
1191051
1193698
1207091
34652
80683
120141
125370
142729
149516
189679
207344
211163
212156
214018
273090
279860
298469
318892
320146
322128
354970
381978
388308
394552
431128
479500
479615
484192
525207
551432
553517
636072
665362
671202
719073
728167
751881
825692
831259
844143
848036
848628
872724
873220
880659
896537
908261
924555
929130
951455
955338
971281
985638
1008298
1087702
1091074
1119643
1154318
1163460
1164818
33891
80069
85737
129460
151631
212972
228542
290997
345357
455079
497056
522066
526987
591547
603703
660000
719629
756445
760881
797206
805120
806217
836243
839811
841536
841895
897661
899727
928664
959447
973183
989145
1002817
1006459
1006664
1014854
1027623
1067153
1070980
1081990
1095145
1124164
1153961
1156511
1193360
35843
195134
205475
271510
298350
330763
404223
432828
446818
495110
500205
537753
632628
843856
868849
925329
954160
955682
960855
1004926
1015053
1055876
1064476
1107524
1128990
51214
79583
127827
236042
238932
334678
394825
409178
436786
459386
517288
547726
577232
585493
682127
687419
763780
829379
927708
944738
1017304
1055432
1067345
1080972
1097253
1112461
1125641
1150578
1193641
1491
86154
109044
135543
182658
198267
199980
223296
287297
378268
392661
435762
447095
460737
491186
503961
590759
716717
748844
791595
962960
987451
1007813
1019139
1155440
43498
250758
323344
378704
378734
408855
415973
418146
496887
546812
559065
584131
684867
800604
879657
963456
1043284
59557
110899
176568
250192
259960
267219
382506
432288
438407
478646
524857
579716
596550
602794
628395
739338
777032
842964
862712
1008029
1016944
35653
68085
72751
88732
171463
186382
188627
244701
282806
392493
396369
490531
520778
554169
577978
607003
673818
676711
716869
813315
814438
852677
893422
913124
917742
1095284
1171558
16494
33729
157531
199457
208392
214080
235972
283323
297012
320546
437180
480927
511863
596204
645720
646872
725909
729563
759914
776179
874278
881567
974998
997874
999344
1019773
1039013
1071745
1081972
1106854
1106871
1110237
38822
50995
119204
157436
162830
193989
218316
291781
299996
322320
340477
390670
559680
576033
647507
670399
675063
708886
746646
791176
804390
835658
856886
878233
883413
883593
911458
989433
999153
1067251
1175611
41213
42728
224723
237110
281938
646552
662727
748228
805547
809750
821959
867360
874460
961366
970955
985951
992229
1000372
1007873
1023733
1031107
1123115
1172663
327905
329494
353519
359631
428872
538764
653545
658093
660792
817783
824032
834042
848389
1097071
1168237
31722
43939
274743
275970
410102
419014
465782
481676
542500
592190
896683
937138
946059
973972
1033893
1092598
1104555
1140102
292592
321084
422626
446653
473376
482480
533293
747811
767440
898949
994015
999171
1019010
1033071
46149
123252
170434
183146
195440
208680
231250
351392
441019
482670
490682
849142
893782
966332
1065479
1159108
353386
978207
1124816
245396
363701
37651
90333
106644
127188
158060
174100
181142
221994
241732
249235
256274
303220
322854
323066
370300
373195
391754
415179
466426
479885
485047
524769
531841
547062
587680
647457
648948
674729
686237
708717
737045
741319
798703
838323
862670
884563
926628
927846
958180
1006163
1038849
1048123
1072829
1083506
1085333
1093000
1102612
1115637
1180104
12549
68658
134907
155518
160029
160775
180727
189496
192163
201115
237970
255573
261159
273189
280318
314373
317793
347365
352737
396865
430678
445020
490140
545640
665388
704182
714388
754134
761544
792776
864226
883663
897378
897872
904989
944928
976895
1024274
1081435
1107523
1108886
15979
112485
180607
242671
250951
263033
389803
404429
427935
443907
481189
524180
623465
662916
678671
690339
725509
731786
735950
751051
751783
844656
898887
901396
930775
955481
1093136
1096795
1103703
1139824
1148902
1191337
1217258
181254
283724
357831
372831
479821
557506
669067
681746
743176
749296
774765
924513
935771
1018999
1031500
1150507
1161618
1202991
48433
125013
174627
250444
272200
335022
375154
386001
440630
569377
580027
609258
700366
738766
797631
926404
942624
971229
991792
1079500
1082860
1103289
1106925
1118923
65517
95158
124495
140507
176652
304716
375455
436810
561670
563407
604120
647327
727893
732454
896582
934013
1004822
1012147
1022653
1111194
1127872
1164044
1222726
25591
73892
89537
173044
187859
204491
215274
239929
262297
269256
272057
318423
347491
347883
376556
428145
522685
527334
582512
592998
615355
653527
659295
709388
733184
760171
827519
840406
840567
851164
860025
861430
905765
912757
943025
964744
967081
1060827
1117464
1158510
1191788
1205978
16204
63991
100494
132221
199413
208046
356469
376645
540369
568720
721548
756867
862822
882717
912550
1092119
1170351
67761
127691
151821
168780
234494
260978
294502
297979
311578
387258
447264
459370
512225
512482
554718
593937
850512
916641
1045107
1051417
1121825
78816
138209
155652
172993
299337
322245
352101
455499
673410
749096
770465
885757
1037346
1093239
1093805
1109065
1118600
1134819
1202003
67728
190906
221372
239966
388526
442539
485286
690709
694888
700186
748184
955352
977870
1056899
1075313
1077386
1159188
41597
113327
117928
134182
156788
208277
213718
231146
243980
245523
272769
289524
301959
400127
433143
435586
477630
549997
552296
574035
675564
685950
708600
754402
789890
810687
875450
915541
915716
957603
975693
996602
1051527
1056066
1095690
1136117
1145888
1160727
1165635
1186352
7587
71188
104535
137376
144431
164917
173861
202480
208671
257918
318383
318450
331489
333750
346300
346975
365806
366122
442216
538254
555440
623754
648229
649820
781702
793196
795665
853300
884743
891952
910935
952693
954996
987428
987510
997842
1019044
1036155
1040634
1094891
1104660
1111949
1132278
1139026
1162076
79
299
36798
78216
88565
106484
118097
128230
128349
169561
174638
190012
191517
200616
247283
291561
295492
305335
312633
317272
325686
356037
359395
370779
408207
412826
416020
425847
446927
452670
527852
539560
541168
571321
630845
675145
681905
684065
754889
761357
766380
827360
831302
839292
845539
857306
874024
876385
901841
913953
914227
919492
953375
960929
1008688
1016203
1023773
1026472
1066405
1069691
1083471
1109529
1123511
1125645
1152392
1176379
1177447
57914
113307
134085
134932
137553
138326
186363
248389
347874
367711
406008
407547
467899
520973
724439
743337
746513
795639
840219
899688
996109
1001954
1011162
1023547
1058326
1125126
66756
94084
110309
210065
276139
290740
378454
422624
439286
481873
507779
559466
560248
583574
719472
801763
886053
938836
989090
1091712
1186384
34812
69027
90247
113488
162426
210369
251079
272662
296556
312201
360072
370575
379112
522747
523329
655961
663884
665033
672857
695207
695218
784399
791106
847849
854959
860166
925210
970752
1040145
1048213
1069998
1157483
65824
67288
117477
206454
225172
316465
455974
512841
559795
560667
644077
648515
760184
812208
815445
869951
1010127
1014322
1053897
61063
64271
104935
179577
183514
184322
238734
289497
351956
420100
424377
543363
591153
658559
678876
798871
822220
836360
926784
1038274
1047585
1061744
1105378
1171587
40505
78652
99143
165898
180782
189478
249073
352435
400388
410275
428391
444722
462808
492524
515040
641193
649494
690297
752856
818814
858923
953984
956760
1002239
1093252
1129250
82400
83306
87225
113135
119462
121669
147108
151085
388399
391629
403236
416834
496502
524557
587671
643497
643909
666192
746017
790071
792839
818244
840009
845713
850669
889979
919320
933335
935477
1041559
1119431
40799
47154
63280
80103
107298
133907
173942
227158
229134
282384
292591
304286
387399
390004
445821
521129
561722
629942
631452
645657
664290
759342
805758
863436
947364
971989
1006812
1100217
62033
66034
116308
144666
177618
184802
222661
242501
263234
403071
495447
548270
570387
603748
610739
629574
701334
811138
868848
880793
936706
963754
991690
1006299
1048104
1087848
1102846
94211
133850
138452
265668
286172
319255
410098
419143
548731
599044
655251
798330
825734
834530
877255
880124
963139
1016179
1051006
24760
112097
226694
250094
371392
381276
519520
761194
921207
978311
997966
1102680
1126027
38363
189160
213163
323595
328905
346601
351218
395334
632678
694240
850113
862751
888783
962634
973862
72590
74813
158831
170701
565374
575574
600836
620584
621095
635400
895010
914905
920479
937822
1035422
1104184
1104577
127541
1157644
16261
100591
133856
136764
154527
155670
175672
330235
340639
345687
496447
505947
618000
622676
644746
758925
764646
812811
870078
908847
981145
1012271
1038610
1041459
1043805
1117196
1123107
1165686
1211393
1234617
57195
67643
102986
147892
159360
219355
244406
271446
291273
304345
376824
400399
406395
420072
431890
436101
446748
550848
633427
645565
710454
737858
750907
800357
1001075
1001180
1005002
1031021
1073967
1140392
1160720
1172315
1188575
1218910
34505
94874
118371
124640
194242
211717
241530
284368
306729
331633
336964
352240
362930
384183
404790
428403
438255
457151
495670
513974
542810
585545
590197
600220
602856
660784
675178
698541
762286
768813
825072
928830
957576
992786
1013170
1060298
1154094
24033
202247
244856
305449
349756
354478
426333
648097
740331
758746
885422
1042735
1134715
1213059
23325
137222
147623
167802
170911
305589
708510
748031
802073
873168
959355
967260
980997
997080
1094800
42969
50713
65628
72454
104425
143356
166344
179414
224859
266166
288987
319170
340228
371573
398708
402855
458633
466551
502291
534245
555820
852586
890297
901330
1042322
1068516
1122698
1129479
1199231
52403
62830
80828
82900
97240
99014
101744
126408
135873
143333
159982
169403
188467
195494
215821
223237
233418
270197
303392
306112
306411
306828
307606
423837
511752
636826
664172
694744
712805
745936
757630
793738
887965
889023
908500
918987
949003
971666
1019402
1081580
1087720
1089369
1172215
102635
105782
129530
188471
226446
234941
241452
327389
346559
368655
400229
521928
551175
600352
600617
631020
686776
715076
792031
848006
900207
954348
994813
1037326
1038908
1040476
1080861
1191048
94774
95229
140837
255107
299526
401391
419851
436458
464581
495934
508254
676170
680485
770017
859683
892007
908913
980604
1133630
62094
97099
107589
298624
351337
363158
400137
403279
614910
726335
741802
783427
804931
817806
937544
942823
982113
987007
1000363
1109351
1115921
93300
138411
266703
313431
376132
425414
448149
638558
854519
997281
1046181
1053155
1140185
1174009
37956
76461
137752
163046
254282
271951
376356
385176
385957
409080
434452
440096
446003
455572
458331
480292
517007
532649
533794
639412
692265
728651
821677
865874
873608
900995
939419
948455
954549
989897
1043050
1162181
40905
102941
156512
159916
207069
220403
252689
253016
263908
298920
371100
387020
388827
434806
463935
479488
482722
488907
501907
541354
571848
638277
658260
675832
690878
693470
695816
770979
782410
792446
810590
817615
832773
833177
850975
881410
883061
893939
912976
1010803
1055457
1059157
1125893
13096
23859
40150
60892
73992
77853
120375
128584
160057
160506
167172
170680
196589
198867
202925
203785
268211
334056
401456
411115
465812
491389
504562
528576
679174
695196
700456
738824
761074
763271
825639
893328
907115
954222
958692
1019480
1035879
1071817
1087644
1103123
1148688
145428
295190
373899
501231
510417
611233
703143
738103
825301
847563
889720
995329
1135929
17276
131507
159084
207370
228003
257841
273072
278596
407576
530582
598034
675968
796166
839190
1138417
85506
169572
191010
270515
424973
431715
488729
499288
566373
645104
734828
748718
761723
784756
875161
943177
956824
308743
372744
412427
428207
586900
603922
683138
706149
732428
738890
833308
911866
1109553
1139266
50420
56014
202090
265130
265772
405250
505204
538115
855745
863298
947707
970182
1013987
1065984
1088188
193604
193605
206436
210542
272055
329734
329865
341221
366948
374417
421702
479767
531919
621695
722614
776962
924309
936627
954479
956091
1051428
1105535
1945
181994
281922
350387
353858
375631
456841
491177
585474
638071
704776
706265
712780
720653
734830
789172
895732
1017405
1045154
1072963
1140756
54399
148808
151657
154296
154581
189956
193991
234695
315208
603397
626404
637684
763103
814878
842714
949700
959713
1016603
1073457
1150153
44179
47265
64658
111913
201308
254715
260006
315835
381216
382841
440381
449644
501757
562146
579978
609511
636423
708543
736998
740494
744304
770388
776285
987355
1087222
11553
43965
186075
289592
325878
370332
373048
416863
696452
853587
878190
1080797
37543
47345
66780
139943
168071
243758
395379
408392
509175
598021
615192
718467
800659
848964
927334
937357
1002686
1050860
97595
137018
171899
322110
328204
432303
467718
492658
507332
561239
682270
775470
857300
1007688
1067308
182516
247028
345604
395259
426812
674734
700120
812269
79049
366129
556877
780436
887080
1054144
532528
568038
888565
24445
62614
147402
152528
157959
177556
190683
192592
207108
212406
226497
230704
233546
271328
290525
302232
312655
344396
368473
370194
376268
425992
619909
659965
697267
702913
744611
767223
782015
803457
844478
908663
923497
941646
977163
1014761
1024205
1104895
34405
114444
121545
143261
163185
209374
291254
353398
364424
380878
461367
486193
552712
668107
743609
875088
892624
964612
968673
986704
1075317
1154626
1178527
11572
34154
50958
72176
84329
110496
169576
208934
220506
255870
301600
307413
343942
401722
481138
486287
545301
577889
636532
719505
765108
789995
900779
952894
1039746
1079277
1108658
1172621
38551
81325
227632
248150
326854
384623
416450
470952
609972
653428
675686
703555
729480
762050
828814
841860
904673
923676
1072367
1124414
1127573
1177047
1227275
87276
151638
157266
164600
193464
205964
259693
320571
320669
460235
515948
516498
568255
575981
612343
649341
694668
799398
836450
840638
992302
1084749
1199910
119099
119510
141331
281303
283811
330353
333133
373271
419963
463156
510465
541350
628034
638168
714303
757543
823191
824312
828617
874724
884026
911049
1001754
1024613
1044924
1067788
1193784
14942
20390
85956
98232
120753
138731
141755
153947
161341
163285
183639
188858
194223
201513
207358
239428
246955
248363
256921
300051
322480
364067
377461
379000
389155
484536
489250
563099
566186
608077
655773
663589
669881
687626
766092
778637
828999
867514
872197
932417
1060200
1110196
191483
314787
449981
504191
565957
642689
733708
786963
849588
896886
975255
979482
1041255
1137175
1140458
1154604
252962
273262
381762
420031
455487
466527
572230
663456
682053
686552
836112
839909
847710
929471
964700
967877
1007352
1045477
1106080
4641
30945
82585
83449
123647
139639
166591
264746
398586
462025
543563
610064
920597
944742
1077073
1143293
31206
95463
112075
123994
180594
687731
775294
779159
785194
831740
872927
935678
972195
988628
1027946
1048117
1108193
22951
30683
150872
157595
157663
212239
277664
284052
323011
353460
395609
430592
442326
489579
556984
603004
683958
701977
809426
942647
982398
1128852
1163989
38027
83346
95401
115428
171043
173163
177406
181436
189367
206559
212196
230393
244534
264393
277095
352453
361425
384210
387056
421324
444511
477870
478817
567486
583357
586101
628550
752969
839306
893641
921472
957163
957394
1016117
1079166
1119129
15577
38150
69903
126599
149652
184265
195306
251106
254626
272891
308200
321362
324952
328066
397995
423109
467580
494341
498593
517629
567673
644131
657626
673816
694475
694906
730248
731963
774940
813339
847689
874450
889108
935724
971821
992837
1030318
1042833
239681
333490
400634
449672
506376
525116
770469
902069
1051462
21236
67414
70495
106680
143733
165413
199358
208003
274148
280585
420833
451530
489364
513165
532842
631275
647302
663015
715942
776724
870032
919876
998445
1043645
1122266
41578
64964
147225
244708
257479
333532
335925
386957
597656
629441
685261
888283
963017
119827
205733
227186
308223
322068
343305
655177
883175
1015383
1180354
45192
79632
133078
135292
194072
230956
233544
252517
390343
397922
591023
661610
743414
824647
928361
969509
1060161
1084799
85287
131789
141898
173083
179362
339624
394134
442365
603293
615444
723278
742002
817764
847413
875593
881669
894796
912252
995626
999431
1018591
1074098
1082590
6732
107834
174927
185400
333491
371765
400318
405911
484407
526307
789774
865953
879248
941975
951443
1001039
1094832
106113
135736
290966
328171
346530
354537
367305
419926
435145
444104
562802
675475
800620
822151
996889
48919
69694
161413
167365
170330
296504
300379
321510
381316
406445
898399
1006253
1030745
1035779
23952
254402
264060
289122
423007
462067
510241
603667
623541
657614
168888
197349
231247
269314
308414
385187
493969
653245
800152
52825
144957
165948
253878
460758
538529
576827
753936
804410
988409
1037964
1092145
107322
263588
301745
614030
709844
883479
961773
975297
6469
42857
58346
76816
86993
102616
123304
153613
167111
238819
246267
261597
267261
283495
374833
378378
427299
444575
449191
459166
487009
502228
525504
543847
715253
717984
724306
727832
783160
800108
808663
898317
917302
959623
977545
998529
1056085
1109060
80555
147419
286796
288354
294901
419165
502582
547393
550556
555007
649706
663486
672010
672305
722769
762320
830617
895504
1016027
1051573
1072437
45403
53224
117484
214718
238964
250035
337804
346471
400320
411582
465889
601925
611012
612708
653620
699911
735304
805520
959875
1126520
1155525
1921
145767
150321
151280
192216
364360
375396
467162
539990
655090
672200
831225
835295
927844
1155150
1229054
58385
75270
101221
114466
120748
165750
170265
240480
426232
453674
512066
628487
668004
831407
841255
988840
1007336
1018775
1125590
18426
43397
116822
158198
232704
249131
260438
325544
363262
462243
570206
685065
701740
741007
764309
1002130
6968
23315
28237
118952
126008
127804
133284
179466
181482
187211
217269
219329
243220
276420
300822
350367
362278
381000
389154
449680
507334
559998
585503
591418
622723
630022
633647
657835
714164
723249
959126
966730
984329
1119481
1123975
1170979
71907
71943
74052
135352
255561
256996
268002
285990
322886
343246
370123
454483
588725
635183
690394
827569
846876
978980
1003829
1047237
1134141
1185565
245004
271969
395972
399479
488679
507161
606089
694398
765056
799794
812947
839552
939493
965150
968399
117536
154381
183284
277600
344510
359168
379742
406203
823699
922605
1040230
31700
35882
77502
416205
529597
628228
740561
891346
943195
999111
1068766
9706
10951
73531
112825
155273
159761
224043
240623
264267
287227
316200
370753
552510
564111
589443
595067
620824
645871
752527
759079
835783
849398
853298
925464
1109970
1121273
3883
14261
18029
57137
66214
85880
89466
91267
162722
175273
216533
242483
285248
315822
352914
365350
414441
487505
517500
544791
584589
647729
649745
808356
835844
839758
885209
888284
914475
1030221
1109272
45514
61209
127406
147887
170666
185118
186450
240736
286176
360852
400552
425614
560095
584890
610118
659466
661242
717070
783621
819915
879223
892109
940618
959258
1008979
1041152
1052223
1068101
85071
98596
132306
133177
215908
513406
807130
844486
993693
1119922
120672
127614
159494
241417
438084
599922
650488
675542
686757
872837
999893
1027406
1041919
1057570
1129000
1145458
57211
97369
115728
288736
306176
332463
359998
513717
519603
602463
659636
749025
751199
859432
898938
968692
1081620
259
71363
143979
181852
218974
261784
288510
293035
396411
432188
479743
485050
539212
627356
650744
722166
764987
879064
915607
962852
66099
80437
147338
156989
159442
217512
477281
577706
630927
647058
729589
19395
43644
72497
157021
326683
353797
416377
418815
432564
522520
601803
609538
639654
651073
813805
896491
948614
1053519
1070608
27616
75200
110698
128291
217846
300158
302101
341008
410766
601717
750547
984968
1015229
1026775
1091699
1103614
1143479
159900
214752
507701
680174
967017
967722
983839
1019535
1109474
54529
150926
214175
236169
250029
295201
449169
486922
574381
617633
720496
918267
1067316
132300
315410
359216
377330
388969
414620
531128
613445
838905
863483
1056113
22971
63651
122066
173246
247798
251641
313434
493718
717488
755558
990608
997519
1001203
1024302
1080447
91319
135451
364888
661753
783822
1027048
1061041
1103571
38619
399613
643964
669684
717683
739753
754908
799020
822359
940313
1037375
274559
335648
399203
62922
97362
140207
145176
271246
307846
324393
377937
380518
400519
446532
470119
581979
583228
592239
614080
730644
846668
1001497
1024297
14823
40953
128907
188187
209525
224737
374631
475814
492217
542509
749351
774340
835970
873146
876453
956526
960340
1018187
7244
90872
137552
159823
173112
182454
328408
359124
452645
485773
506889
511622
514108
514693
557534
662101
662593
759808
781169
805525
890345
926119
951199
1043048
1105418
77897
105115
107031
144251
170476
253029
253798
265241
302771
331650
545312
577547
947265
157240
230487
280385
293788
387938
450469
725493
854407
925744
945546
983263
1050849
1115771
1161700
39138
79893
82398
103899
310822
330309
404591
450575
478616
584568
589854
606485
733965
823383
824328
904419
4196
46404
109095
149915
151083
222123
253112
326322
347261
350342
360229
377607
432766
433575
494643
523739
563549
638849
669984
847836
870828
890767
896729
910346
923165
980988
997862
1078651
133644
186991
220538
244785
296126
331877
646122
704541
783173
807029
858940
891560
927982
169314
232123
242457
303980
353314
405205
434728
482445
547962
809745
813348
1016689
1160342
111325
242832
305727
316435
390842
407703
411381
444496
545747
914544
940100
1096124
371991
764997
794655
835659
972647
57556
71413
81627
205480
219175
219371
242132
256484
528110
540775
553754
556711
592897
593670
595303
598528
655819
720244
782171
862373
924576
983509
1178233
25929
33248
59110
63330
66080
82875
154229
163302
167677
192876
193580
197873
493557
625818
633447
785887
797448
811623
830037
878532
954254
981288
15679
17954
59985
91054
116607
120861
133001
134786
135408
178545
200667
224954
236593
239249
274857
345682
350705
366814
375401
402367
405233
409559
459619
540197
551227
587739
589777
712281
792429
904692
937622
1045196
1105914
1180992
23902
60424
148947
257570
258554
294440
300434
385639
422587
528977
528989
596294
701094
760360
859586
6793
43062
43964
77485
173317
253460
320802
653788
681755
983224
1017940
54102
81001
176478
198035
241842
408397
441384
492580
546678
550478
625974
632149
787916
1091977
170243
195008
319269
322758
1023928
1064556
4933
252215
336511
376249
540394
583751
729035
746567
881596
884726
14154
98742
105794
229325
354718
455327
555206
561816
590309
628126
644737
760704
798306
886532
67141
132663
185826
438906
454904
559880
561698
732559
863376
986659
136987
149816
287874
341555
375518
507078
631409
664330
675091
908648
1048441
1052840
66815
131571
167891
217935
233598
416830
526140
600398
632135
692695
315315
395059
459237
478486
738021
933143
146970
180718
220224
369609
396075
681888
64455
346238
401018
882401
39031
172730
329884
391890
516871
975758
1090683
328859
695543
14909
70231
83737
122380
150982
253150
285816
315186
315409
330875
347039
402340
409735
448838
476442
488295
520475
540375
571223
730953
768550
861188
900126
906403
971459
1119626
1173782
1206190
55803
60152
60346
75641
127987
142249
147281
156010
202885
229507
252907
260673
270293
397204
496125
498287
584591
737932
804184
818325
865831
995634
1228271
72210
151369
220024
224813
256499
270313
277805
334265
350486
435072
468007
476530
519196
568969
643825
647186
651403
665643
687745
703972
704618
737746
794533
903844
950443
962794
973223
1007583
62295
219087
234009
236791
372211
444643
447536
614909
650325
705866
854837
905527
1015670
1102884
154244
203782
245860
245931
343005
396768
410469
635382
730233
783950
839417
925594
955382
997700
1092346
107050
146357
148152
158458
191183
213375
233575
629786
715599
20808
82194
112304
113379
197909
205369
277561
287304
309623
326206
340889
366250
383182
385493
468171
473825
487345
536851
570167
596512
705065
747154
821446
877161
946859
960262
983490
73384
150619
203504
209684
209776
275169
293489
296642
301747
323558
355018
380799
394388
419661
830901
953480
957871
35947
94627
387464
388651
457523
521501
536857
713773
743451
920624
112616
146811
208662
209066
228114
304463
320522
362215
362786
576381
614155
933668
1074169
1202787
57109
59748
80791
106927
314675
555110
606783
942948
1100814
26628
119873
124511
191228
266722
311128
324324
331092
375190
376566
400115
408288
423161
635700
688385
814927
912753
974080
1005914
7294
15880
100401
195620
229312
254655
275915
322073
380139
446580
448556
516563
542016
592616
721779
770255
778773
857750
877398
890710
891989
954228
1108996
36492
108353
111464
133450
143228
206996
246498
252225
311387
361671
513786
545055
592863
666703
718583
759355
761292
842151
1016486
1042431
1080234
1136679
162189
190465
360143
409774
487758
621125
656799
888005
903445
968149
994668
1094278
116996
198695
219540
306327
311504
405870
423859
718690
938200
1084019
62971
162863
299754
315443
379169
587155
713345
788718
827755
1172792
87264
104210
488010
904001
64055
261697
382868
467523
537432
756446
832869
868416
999544
1085259
639
195787
196003
236351
319141
375181
765810
777924
802838
845315
948235
125347
188788
222290
374828
629216
649989
738365
953391
225787
304480
372061
395623
581244
761564
870120
1114509
6743
42381
101483
314903
351408
366550
412947
549265
677149
864079
962552
1021062
1063222
1066653
81946
161109
181009
207391
308144
368776
615307
671024
683959
781247
4876
47754
52929
160349
169653
261045
301659
348532
448569
521648
549833
849426
1146411
365452
585051
910561
45613
83840
125576
135834
152204
422408
463418
484553
596916
1145537
672399
892163
976928
405281
686557
48575
85437
110506
151618
216884
258626
270431
273894
361866
379082
393360
456824
476956
563677
571390
655337
659457
741848
894752
895688
1021924
50274
56208
103985
108164
120017
156023
160036
162768
165285
252302
299894
342037
379744
406122
453128
477297
542734
558944
676034
685263
717913
850620
897307
932050
944166
1018513
6726
66114
88924
109267
110398
147964
174953
285330
287301
356596
362341
363860
377881
493855
631761
665944
675054
777087
859295
953017
969650
1090321
1110498
226504
314072
315756
386558
485005
581079
753319
849688
872632
896864
1190215
133020
154817
282987
410161
557228
585565
599738
631156
1006979
18109
166069
193472
224106
370132
398305
414687
539998
616883
729063
844225
900744
1068033
11976
29252
178334
182077
228822
267467
268230
278620
285623
336298
348441
372038
377130
387785
491067
509061
570723
608951
689910
690398
693350
817630
912170
914473
940912
970015
1084873
1099996
1220662
155590
203719
226826
266656
313500
434207
657152
846255
899936
969473
1001995
1002810
30586
110166
255515
294674
314128
383486
451321
479506
632654
722900
761973
807542
815978
27325
85919
124251
205087
388213
410586
442642
529892
533226
552392
568893
655560
968000
1000978
1109353
37852
115525
149650
169339
226513
315389
490276
551492
606375
826046
992996
63966
112511
117019
248727
267745
283146
325552
336394
354551
489954
510668
520780
658458
692062
765252
814419
997529
53356
150961
280732
285951
293071
319634
325332
411042
478093
619223
619444
656653
657210
675428
786872
789001
810917
815357
929846
1031094
15337
31331
40915
92619
105760
116071
137727
219163
249790
253863
264203
269457
287662
315119
400129
402728
415923
459542
605803
692778
813535
842337
982056
394244
614299
887997
1047473
1086990
37047
171535
262115
266601
272774
517341
679826
973265
11433
126745
174460
179615
199305
228510
726133
126832
180545
203824
270289
362382
644419
28959
424267
425130
521187
638716
147032
179488
210657
248775
257577
309565
411941
453894
552624
950599
999680
87146
313693
442393
684683
726089
133655
138265
163389
412348
445462
725024
852239
872155
47974
315325
380582
622848
638898
747400
1001174
1008636
1037840
21126
84677
174983
247426
286211
493315
695832
702989
741172
747471
825905
956179
241693
348194
431698
497875
533406
662547
813713
877367
464118
861988
751153
397972
692400
229999
47795
1063973
869072
39422
83561
106626
117018
233613
234994
271534
309131
416339
418712
480716
501094
526466
527314
574400
577934
583721
726381
781095
814527
922372
965999
983723
1134142
14944
143503
172819
174102
179319
183041
224738
249667
313034
327491
571964
578920
714743
814611
838459
979099
1041232
1098755
125856
174854
201460
315394
319459
344794
362667
687518
725417
866488
868745
923011
929954
94489
413826
744340
897983
943134
1021376
426233
762012
926284
46994
66406
92927
143129
468209
474103
550781
591838
1011729
1088952
48472
67426
85896
107683
124187
154027
162355
172829
187739
321281
329195
335316
372859
453200
455731
487597
551274
570806
630009
663740
684114
822109
858706
873317
880483
881390
929869
1133391
1197025
79922
153627
158577
217305
298082
702709
838137
890674
909040
1018023
1035766
85073
154544
182849
302459
306511
682424
715594
775056
994254
1028419
99091
120432
202931
248681
673398
864578
955407
127279
345274
349389
606945
678330
778378
927568
101190
139636
197338
255000
263161
334819
394201
478655
530690
833276
878262
885055
1008192
1057080
38823
77704
101946
118418
136368
171502
242153
249211
308322
393430
432983
440193
527836
533256
783050
842178
849988
958982
1066239
37279
78939
117874
129083
142387
163891
175889
208708
255276
310204
375120
381082
410794
458657
520682
576416
603283
660008
665793
837382
950903
200737
307299
459359
495765
549552
617493
698300
25849
41724
174804
184288
365528
503827
544881
637060
120172
151881
166184
178271
231315
235429
272714
366202
398387
448794
688350
753934
17491
77827
204679
316008
386297
603002
948156
178617
191327
242205
315546
324287
418291
610289
736568
888264
175869
245204
487193
490410
639514
666769
873814
1024569
11387
90770
252294
258097
344903
357182
394861
602032
697582
813163
1053839
30357
60895
136543
375769
461820
630808
686973
693689
47897
151279
162462
222583
324402
347798
370997
738538
941330
75281
364301
532747
791363
793671
856643
247581
840823
169916
175886
217146
306735
386888
655594
708754
833367
997101
236130
354224
358453
236918
733386
17239
48301
101400
136781
164175
173875
176469
257031
310693
375062
476885
523280
779210
1003972
94387
128318
198328
250677
318462
389654
422452
869199
909584
38054
60481
127744
135080
171574
176099
300958
369316
428967
549988
555581
566348
625109
809705
826385
882353
902265
91526
92922
100976
167932
306024
414226
523616
557655
915168
966919
1038689
126850
179521
198780
300368
359624
459538
561619
594205
617562
785302
829348
934459
1073068
37256
69647
134426
337218
450353
474710
706850
1058812
47796
66980
67628
71158
95479
149138
153440
249321
397053
444415
479878
635336
656763
734108
863598
898041
977342
1092618
114028
165230
291972
343054
356294
423566
778742
964793
28851
768899
905520
928846
69854
71222
117786
311594
408415
479472
678550
759788
844159
912010
982910
1035804
134042
208282
536462
608597
677763
851722
69499
154871
243353
320583
344421
348710
419294
464227
593488
783817
798682
1077855
26662
63378
192356
225374
242206
274487
317767
419094
444336
464559
484575
487442
491613
530745
531321
689813
715336
784172
784674
879491
889170
1117076
75750
76896
123701
354350
478967
485665
700487
721599
757174
845885
959555
996829
1108597
66848
101604
105283
151481
168262
191812
328035
362395
548325
355742
572822
775640
811788
915372
931024
345361
361839
583960
707740
725517
74201
145883
147655
173663
266744
395189
471917
1112373
443374
444365
622678
844234
97389
495648
573868
139950
186538
303216
318529
420731
653377
744128
910393
1033913
165069
590184
694592
828351
148530
222896
786527
897069
909773
958737
83451
612151
4057
177358
266516
269418
674652
909763
14244
280363
664890
7974
21296
143717
181976
188900
241727
322885
348066
429992
471812
484812
537321
589832
730047
822555
965352
1036780
90763
111612
164438
175851
186091
475033
536215
583198
952513
1071204
1090641
11781
24846
70662
103087
133623
139286
144529
153059
206207
393906
607378
610793
805173
898002
922205
1091754
29318
38032
94458
231473
694923
757513
858956
879277
996460
131264
162720
481146
27131
48197
50424
193253
256431
381605
617598
847054
868068
910045
948088
1003166
31732
33847
38952
104279
128045
131540
175913
281916
296813
329090
386314
423067
471159
547415
613698
655031
784734
828502
92837
128074
185581
399753
675048
831894
889975
139370
158752
281609
300764
395376
467654
482207
685335
690459
869805
114765
163145
173601
179622
181150
441598
500627
1184663
87484
110635
127985
135615
199637
212332
588245
674516
31165
46087
79829
154258
216799
221210
329230
390799
455438
471682
500896
560506
595596
749032
829159
866857
881179
94821
104157
115387
135228
148821
149900
197112
207184
214011
244148
276607
329630
372301
406064
417176
571127
701356
749975
823775
996066
12750
58528
73925
84714
85820
100186
220676
275257
343108
463015
499118
534040
659419
710724
753762
766871
947862
24860
218561
254719
282794
402653
652233
919905
51698
160074
341247
460516
579322
664768
683906
832255
852029
958169
78063
265418
429109
1070809
72522
453931
542589
91764
242937
670941
787619
893431
1166203
70735
817587
843362
3409
32954
333109
568797
863580
1068892
10823
322387
323132
378115
502900
600566
804098
77653
368295
404817
464535
515777
861263
944923
26265
143175
170037
378224
546324
932686
1114172
206973
218739
566160
181061
482427
227719
249333
660658
839310
1085044
553447
60705
332317
375018
419824
529334
657484
713410
801672
812313
944434
1002562
1082744
1107676
51958
117653
146852
192763
254658
297158
315524
433366
495975
542725
742826
762883
828667
855001
57844
285853
401279
641077
749047
779340
1066864
1105867
43046
126159
146931
148608
173802
196510
874384
173799
222367
472819
534054
675987
903516
980769
1031824
40671
150378
172027
186133
354383
496472
593892
599902
723929
935516
1002920
1018209
14511
23153
104100
140328
180609
227344
262823
477868
547929
826768
129471
140827
246611
448290
508262
522862
600467
613089
720539
932406
11899
28588
165843
223584
255743
655001
29325
155092
223050
322028
468086
581619
779385
827645
905266
923747
98135
287536
672895
712445
750222
63546
89386
100034
101206
116533
122495
160496
176421
257136
366080
404974
585717
628996
702548
893313
1118760
251043
288809
306502
323990
361770
460523
478528
553516
665391
708208
730592
812630
1093235
1122050
34417
46336
82682
94235
117990
127500
147467
174489
191649
322257
337562
347395
374627
378467
457167
546550
733609
773582
782440
851034
1039669
105158
174554
296274
720515
744227
992929
45350
98223
135049
163152
575214
612984
880731
908287
48252
55264
164912
282191
348087
799603
122095
322776
425746
426752
846543
874405
37825
141039
321996
413697
655102
102970
141795
181742
214847
270724
301353
376509
393623
457706
481005
740634
902792
943186
144102
152099
313014
393477
408529
471430
585266
848880
872777
913034
1111367
254127
255873
411686
636193
653930
1034809
135674
164978
291958
1069781
270944
382606
557373
830027
68236
229289
308092
624071
261732
359209
421284
585281
592341
824375
100592
123596
804024
345667
418929
20856
55608
65791
126511
148329
355211
461504
491998
691897
869771
964734
1041441
49514
82149
123911
142276
423520
435189
482726
582267
638228
714520
867646
919088
1005408
1026843
32345
111015
155636
187019
223958
355662
363481
379105
432373
492971
618649
664883
675463
755873
878047
86134
412271
487131
551359
609719
1077979
189529
203714
388706
663024
983581
94459
344130
461181
611988
772907
817256
865162
19346
36774
53938
82465
94430
110291
123671
177744
297930
341553
384251
419063
423534
457258
541126
549896
554700
801817
1112714
86325
136036
213714
331111
945374
105766
276148
818213
843806
885038
133092
151590
294981
322730
347697
525103
686582
769254
775910
139387
715736
1116526
64809
64994
82932
181871
205937
312388
493981
507666
655036
1104957
27835
189940
206660
215420
218188
303205
318007
417661
444207
507662
571716
617224
968564
1134615
15511
185750
358990
382318
412124
489984
848634
903749
1065498
151144
246974
365576
503529
632758
959471
9177
142062
184196
270172
485763
544465
625026
730666
187344
312617
355517
429273
485157
768626
164391
354143
408508
851141
880215
100480
111300
371119
425239
466419
840013
175030
212875
305030
709818
780273
10173
38515
126381
147493
333043
350076
444272
543650
775631
954723
14929
192359
376518
399258
494131
645420
1110368
127555
168289
203374
297924
299455
392523
433459
888369
175674
251152
258347
302213
624282
717339
285456
160390
536045
1026854
462046
688099
822054
17466
41516
124006
151156
328312
375215
438245
562833
639323
688668
710582
822620
862431
938697
1184171
382972
733172
749614
751139
753529
766767
866377
113354
261845
265177
369404
507632
807252
893537
18410
179098
356811
368957
751109
768642
935862
958521
146630
155469
202665
233157
393230
419587
449083
531277
604942
733902
747923
768574
834992
1092300
206664
422274
608697
666927
672983
782570
803791
873867
1079972
69046
133748
137706
138742
151461
185049
247872
258959
297256
459537
511324
561063
637958
962018
15510
39858
277308
344136
349264
443288
471580
522602
544703
794146
882210
993771
1073507
60641
241480
357034
369571
419904
499553
816697
191156
225188
303994
378935
447415
711629
731660
821271
20081
437102
529422
699575
1072179
10019
50149
82603
191233
383564
440934
643157
929726
1030229
70335
137404
204639
213923
271066
337112
447894
581840
606579
661442
742593
879830
64391
86618
93378
106870
123503
145206
206479
237307
289439
291710
292983
366045
380668
424454
442362
560547
976572
159648
240977
331666
428796
184602
368586
508405
82404
212915
372770
560732
983115
205498
253297
107100
385028
398584
678638
950948
5812
571278
80758
81820
107068
481156
633760
56567
74099
80352
373233
449334
457507
751640
841302
90508
178629
305141
352370
379515
418862
296243
331590
339240
1023387
96154
422290
479627
144309
204647
1011283
314862
387348
502836
148123
152570
173898
228636
407432
421933
490493
724595
733772
877319
910437
1142383
37152
115441
278423
285494
287522
378013
450470
903256
971759
22473
62800
843812
1090765
18113
236482
447520
448172
572049
628317
1071889
87914
440850
914955
72674
73152
117986
147756
163862
503369
516846
54066
170661
212973
328079
404196
489172
513648
592216
608936
668085
880066
6168
181839
214902
270557
400549
602247
792190
931685
938002
67790
97459
130918
139471
182476
193516
462147
476158
490724
570156
53733
63833
134160
157601
368149
447067
625681
740721
766497
928650
302563
666905
103006
145965
342847
510360
515977
531329
631337
740418
840977
194285
231412
280433
304693
308578
398222
413556
420664
435137
467602
515043
522115
662875
680536
723136
808434
1081367
88372
157552
218260
246617
304681
304870
312486
375955
518723
600193
627258
680694
705498
740596
753108
876823
924550
135842
189362
213259
361305
395646
501143
217765
232354
245156
413929
430070
608200
746727
156509
322549
383103
586072
638383
1061635
38746
70195
565053
863268
911793
60728
183849
276817
298781
881907
10673
172759
304123
326921
332478
527804
573645
732359
791581
923325
978578
129072
144951
173065
232918
361168
453673
713342
749187
755182
21616
22004
297234
610714
637912
642501
680648
27582
112436
895837
313502
319217
347408
441431
630196
665828
441729
460279
500868
608190
142993
195260
706478
748479
96189
152573
602374
415456
4941
319879
337601
370079
14756
180828
389727
442884
468620
597701
858877
869125
1048468
1167400
58132
265060
291646
365535
365744
392374
650874
725144
933022
91451
131058
407729
728162
1027293
30565
45176
139141
184438
211176
330413
860243
950936
233375
575951
857746
49681
52091
52290
58967
128113
174642
432285
470946
554162
743572
248490
433338
798194
978806
28228
59666
117861
144953
258954
279502
648612
820780
943316
196868
424463
443668
553492
651682
50636
208026
219315
363324
771610
817378
888074
26720
44002
74291
168919
281426
379671
416532
428165
517890
691121
948048
105609
113037
118029
131432
144149
188343
194593
208253
269934
291300
361472
444631
794501
821499
830338
978366
29479
40955
71405
97596
102119
148726
182879
266115
319933
516955
605276
648613
750274
942145
251807
271798
283718
397067
653459
659118
177103
407309
572232
34723
88217
115894
121966
174039
436091
541316
606422
678486
763344
924479
1013132
345612
509755
605332
147162
197514
254796
296362
387522
474277
666247
110290
132137
439518
116513
151566
534339
699184
20676
54416
542587
370893
659779
987020
397033
743557
176333
200877
199254
303727
528489
1004907
310232
39469
62686
262038
286293
310825
372648
496800
624614
749637
830851
894640
19821
78481
668086
757147
881666
1154711
39983
169488
175905
178361
234212
627912
720657
733860
114759
296529
318979
352843
502546
596815
863394
40200
85395
137386
180666
344757
440690
481822
636479
150155
164957
184251
250770
294238
337205
375543
475081
54373
89321
96657
97190
127628
135439
486695
645903
772243
893497
993128
1072610
31640
58661
64328
248416
324460
645118
660692
27038
125192
234071
259444
1068090
162126
369385
556952
689435
964968
57596
78824
108874
125995
160162
294376
341725
467884
509329
46176
93014
480745
781414
10187
163431
171927
244153
349953
478562
660644
807198
841517
1052744
1104486
138794
576379
695751
865319
49034
57055
35201
62517
206895
341195
415017
502461
24579
138714
140900
209089
246935
485679
540431
609440
687408
690728
69480
153393
194304
32226
42412
90714
272276
283158
353118
426391
645651
740312
149790
206317
214839
490732
590422
1002669
63161
377183
211385
255022
545417
37547
167375
373234
443642
563472
34889
257467
332614
454018
487343
536721
662471
798351
973728
175616
180300
287358
598910
690849
902211
1006289
1092431
514831
791589
105984
341103
106092
523573
86859
142600
153737
155733
167095
204394
206958
227565
245869
415580
747415
1066418
115737
137851
298346
380112
631549
903626
89949
387277
405496
943053
40762
381804
852038
973102
173882
255115
28336
95389
113302
240397
245773
313242
348536
408401
475994
582451
886491
10000
43803
132534
241820
243398
255845
330087
337893
446602
456816
494132
525393
808198
12278
13512
132368
152963
155983
172549
179285
323528
379118
425256
595138
890759
111688
129582
405968
438884
609050
64631
87551
140203
624606
1036660
480792
483831
512764
690980
106177
302523
96976
151412
885385
143099
174035
256510
743887
383951
626220
972930
224795
17003
144842
194336
317210
424089
227123
21983
248769
835287
980270
221055
406226
645909
19710
34828
64939
158583
198927
269371
270231
318139
348548
358485
671167
22731
95235
150357
309616
389589
527538
834637
842705
88281
117907
132559
183531
428615
543360
736586
742924
243618
441952
36214
303763
453161
529210
41409
75718
145557
260108
330916
362804
512133
739858
869924
105675
187410
193753
243375
452939
533561
591454
689730
705752
14394
92994
136486
246326
570549
84492
149953
167368
208139
236090
298761
337050
781570
418361
220235
409429
519897
843425
942468
41427
137520
245552
255013
265167
298858
314751
334813
343749
419221
31660
59813
221152
244718
300279
330186
615544
661925
206131
242314
296675
398497
441264
480815
826197
59645
252757
1137149
133301
404349
423733
464274
596504
39178
152529
694762
105162
418963
501093
80273
429554
517262
733225
930101
239532
344599
709663
224363
147703
347518
456924
664955
830692
81329
262984
248707
747114
51117
77869
93246
121207
122803
326915
383458
435615
501489
19138
454228
600066
887135
165441
360076
67315
195018
442433
517358
41889
146452
147082
183955
244240
245316
648526
31119
276802
297408
327439
934076
1029034
234725
341838
772435
50131
271672
547071
120418
156231
815119
166684
335582
167862
262891
333194
1004600
143014
157665
239138
337561
376211
608375
59778
195825
253768
322648
346022
360452
377292
428818
6275
25503
88938
131356
133979
150874
203506
258378
347617
370082
650235
989814
93789
635229
653982
68779
306094
446852
947272
227792
295842
603275
160303
481684
157465
638245
231375
366767
158741
160461
101565
355564
356768
68346
116724
831323
563983
71056
466042
502773
240624
841364
584740
330911
660347
51656
191209
321694
489930
648769
848447
62786
79901
149290
328814
364789
393666
465120
482139
642660
674504
85995
106373
131521
162978
220333
235770
476164
563733
578275
789503
1072705
50463
155741
671810
68280
645944
378877
494709
513652
555177
3988
83796
103306
133449
138054
191619
233731
234558
280351
318835
330871
404109
469235
599758
864032
1010275
281619
309290
595776
982057
35296
164436
184949
285312
315420
444316
533641
740654
311102
433081
493794
543677
881846
262101
350423
422828
481586
761444
1003554
154342
198477
234915
275419
306692
341690
541740
596972
549419
54935
67722
133889
58022
686763
905013
916205
549076
175707
382845
669635
105385
165019
174280
195540
66102
136589
925038
472683
559082
751124
379031
548956
798336
165238
300741
831358
25113
87931
107210
113362
141297
167402
189502
208535
236703
321744
387079
850853
1195264
31282
376885
436129
568804
75590
95925
116668
184181
217737
302451
337896
353536
376451
436022
645512
945160
61948
62837
190593
635130
104524
215314
454620
573650
674378
1034779
27389
149997
794421
206911
236727
259963
423843
433866
40416
95155
552956
644896
127027
347011
409631
441024
344371
923787
810927
966331
71598
101365
350724
379692
518027
778104
22880
246762
339798
59646
274313
762678
888548
25892
152335
153801
280043
719156
955584
593175
14757
165426
58541
285412
121482
210840
3496
345043
102425
75776
106300
914488
245594
280508
396670
352887
827267
10448
60900
600801
293842
815733
449407
197901
198184
143533
165175
190457
344926
721675
838415
46494
51161
70696
332640
397879
162775
184227
287657
742502
845096
889946
912111
250305
123593
301307
384459
635391
37377
402371
642590
41328
76729
462394
790152
817640
167255
19812
141382
298032
933209
402780
485369
250667
601026
934006
83058
109609
261802
405259
613171
72820
122223
123029
330715
397503
428083
544030
924446
980645
1014058
80920
181821
190036
208716
258017
441957
541189
658704
223679
843151
55254
81677
250932
268308
886800
110821
309459
339049
169257
709369
194603
254760
375341
82525
259249
555677
565249
66177
116630
127214
355900
194208
449778
637706
181285
757406
447
171106
40867
357424
474786
635580
772321
82046
253653
453050
850137
1107739
149701
396919
29559
419761
668578
753
34478
147946
394836
827033
885753
161884
456369
932786
404672
466704
185493
373256
35631
104623
399733
69729
109781
154904
158984
165877
179711
224544
588372
37999
53772
64837
140272
158968
231471
238525
252310
436544
594113
641269
687989
115084
152457
398128
211766
643459
647263
131486
168477
179752
332985
652320
564313
764701
1033150
147866
679946
856210
221916
952877
48909
105680
109504
114751
342999
375836
35443
506570
554710
56087
719295
143796
651805
251654
320408
311869
405203
503907
66947
98759
105444
181844
490026
45735
49099
147371
167470
188042
105372
275015
298699
483902
154289
155944
191207
329519
442779
284433
497557
655828
334371
187028
357263
1139884
365073
408122
539926
77666
107290
154704
211258
298926
344004
182978
252819
33334
67930
70245
194062
258995
788292
62217
73834
91587
135285
205659
73974
130459
322181
24256
265488
355570
109508
176499
320809
712982
85353
128908
256271
89866
113366
77623
509759
202361
561175
405641
158585
51838
96955
97845
178542
278345
327410
417498
427228
550578
17892
104396
128694
133855
144062
305207
441536
486855
937797
24880
178531
212725
27994
274678
43429
162789
734036
1113066
172779
878377
34784
47801
139364
141062
160355
198132
281637
363749
456166
595643
105826
249419
155808
430378
48478
257351
263350
548821
993108
112231
297383
580160
608331
6317
93467
12723
60399
116565
117465
242053
257081
280551
315195
404263
567292
577670
108605
138994
194346
260198
436098
676011
1035878
27600
274925
507378
671368
83343
89162
105099
819423
44076
209261
333993
684399
464485
503524
21958
241101
497436
178513
491665
797171
123031
288959
298760
16099
147001
341673
914264
10717
284132
287769
287937
569509
586894
723561
84505
92811
160059
221708
963830
46
45472
347080
561112
912182
1144834
354387
411965
134741
417311
445929
737993
967594
93688
666275
223559
233399
417622
419886
22378
47762
362926
499192
552802
556359
964922
51794
64713
642025
1109075
87637
520281
166685
185774
409173
832344
19675
39767
405430
683030
811858
1080540
31555
516934
355833
713561
169162
249047
640285
715806
75491
121037
178815
220162
344523
426547
59149
484212
19371
960345
181040
74391
367413
13228
57375
331702
490464
543176
891208
121691
195714
239914
249846
318114
348794
358528
235413
293298
353120
499737
650137
946441
188983
228947
312202
405314
518880
397953
181050
427509
49709
107273
123418
190774
407274
496026
142921
398509
29323
90751
367607
167974
453102
728605
39191
85137
133870
155407
321737
55599
76877
250953
324621
366693
915530
18255
155511
537996
757587
70936
249209
409577
527892
679187
292431
736680
226292
361055
833130
366595
402096
493406
133621
286263
411452
260240
857958
563718
383184
395082
61854
83483
93304
218633
276349
523109
28535
58386
598295
971892
15292
106291
198233
398334
627505
355504
481086
590181
100200
211910
240022
289329
299760
339666
411085
610951
362430
839505
43050
103990
219897
254561
317063
653120
665397
83654
89658
381817
44930
605185
690661
159312
382254
199404
232919
307743
437123
584150
626315
687251
94538
202584
309707
26406
167281
305110
62200
536921
601897
97208
324304
331161
76835
166917
744494
762556
299499
314824
104254
171627
124009
130867
153042
64963
115418
307983
682985
18681
33574
88256
195078
323053
357869
401132
427239
526274
186218
218322
291115
389446
437788
63243
186408
1082366
165151
80807
138803
252873
280967
349897
943761
230721
479973
768782
3495
195038
336630
383868
387143
430881
63911
437462
801343
153623
158724
762607
109663
118303
138056
226845
298729
357072
680096
885569
244713
274447
893260
5764
61026
73044
150455
245844
470334
593733
627969
789728
46231
747975
266731
656788
5779
397211
205783
242290
483744
486567
213946
88457
166260
464980
93937
241776
297655
299741
391085
45820
568821
756774
110640
227753
128429
168746
179055
104104
145655
323252
423992
4328
250654
252604
548445
664956
392795
1100809
400838
889724
31994
115611
395192
172288
361544
368166
24253
82418
130562
245476
64638
252949
419497
829035
144459
424380
454993
70961
78527
109335
141932
363173
258857
75474
164311
187420
654527
168522
201845
623241
701189
975266
37544
47781
234967
466092
140185
305448
206239
425853
662766
708857
102585
162526
163936
872561
411005
246011
306645
594111
24460
47636
659738
817552
37103
93627
421918
606092
35990
591737
100587
408301
637863
344844
74051
150415
185937
668316
707714
944440
242867
381650
472211
128224
315172
330576
29027
733458
109894
88428
287163
524709
584363
77810
186067
197526
1008444
22337
254766
368470
692693
395173
34938
169174
35294
55933
165241
62327
181319
444203
79851
160845
195029
195937
216767
265
34932
36198
118886
122960
169797
309447
436779
464388
319856
326432
612293
66989
121831
309065
574892
614274
759516
95985
161999
946405
97923
290642
323831
446248
20384
736920
36704
83502
343272
492536
167382
462234
769370
17620
134920
228686
121378
23143
83468
297339
337803
555315
115591
143604
165514
447563
649936
662978
127153
146022
341987
516827
284559
637914
63820
42408
337516
155889
16486
169511
34963
973929
180555
121264
148218
216611
219868
507253
589814
4128
166878
369562
514587
547499
165358
132018
139336
78114
353035
383884
488728
488858
1753
65586
109218
147434
779353
19521
85227
137060
852426
71062
850034
11654
75421
176891
384589
575955
642284
68586
95233
161931
215297
243726
362590
490101
546392
374921
617997
707795
62892
584389
452766
466442
35770
46703
186272
318836
419041
557023
45242
56030
175586
183136
321922
1002350
352441
422512
485673
33716
115040
142188
405625
684647
684030
128145
263269
136453
210004
45550
259598
462749
478767
847921
192646
112413
135126
138272
172400
305090
316667
513215
519718
736060
372960
1006829
309568
72467
83290
245745
331714
154188
1117521
73002
276173
706169
267465
379424
56448
1000143
49599
123921
273887
277260
638440
63849
147582
776308
859041
330589
337395
153758
155593
67415
134386
291807
377541
234228
11755
549968
62615
581577
481904
894295
501637
4277
143896
156188
236291
361484
448873
83474
179506
565170
637064
39378
123293
569362
855271
810034
23250
35842
206283
154101
78229
671933
693733
157171
212030
465563
672103
21967
60780
113158
335936
378507
480987
518963
670999
860945
212372
308003
92497
365197
372092
54690
336868
426418
1092191
235925
470105
106003
693140
873138
420466
89874
153577
224062
392663
720441
90519
509460
283497
143684
507303
157305
325655
345057
419808
175360
558643
396788
49274
121387
311068
349179
286842
452599
508078
550738
268801
807163
110621
115103
167300
294904
468224
100739
151343
194924
648777
308860
572545
693294
57864
250396
19969
259115
330028
39235
314436
186238
240435
29326
31091
108130
249278
595040
235783
277196
478119
598285
100922
174245
225441
245587
323
42790
750453
97991
658665
319904
428812
347287
168281
449716
573572
107451
115621
227126
334376
152970
776044
83374
437386
195424
409786
56916
79431
127308
188449
501893
122656
123521
261255
153086
47642
113385
786596
136204
14284
172062
147111
179225
6920
448550
58767
86096
137751
62025
361139
186688
221823
303556
99097
112105
161837
166988
174156
416031
843642
177092
193938
223148
239541
34588
258210
394507
616527
242069
298269
394238
81170
103323
64828
109681
100882
402664
637900
43153
462472
481814
508613
251035
168271
81999
707785
863987
56178
324910
141368
243456
73761
186405
750117
638114
683840
92140
175920
299008
233273
245995
27747
125416
178746
443110
290505
450452
199963
96224
671289
556166
135374
682457
31544
169374
350122
561023
800703
44035
159856
196841
745008
258168
122911
274680
366461
476097
45833
715489
223826
750739
298953
412101
741109
12315
22289
57668
303452
38388
732731
857298
27212
65428
343155
360379
522700
537131
983857
193268
10234
501181
101108
264631
310799
394477
522837
62961
408498
776649
563624
11768
163226
499061
22331
20591
276850
312555
701573
41951
345702
632860
587870
88933
167901
221548
234314
39817
268921
84286
6907
153134
561737
375731
798529
637993
523062
131828
179946
643226
789915
185080
324147
272308
60840
61057
133268
188126
327320
703674
230158
506739
181659
212975
505215
658701
883740
110993
130041
135457
267004
410570
103601
673837
59973
179914
449219
888401
15716
4301
861053
189954
83455
672813
119618
134339
139988
183945
367621
11002
18376
91540
179904
20843
246379
385330
64232
71861
209341
562285
308510
149467
676825
133457
399945
207989
241882
215840
269836
58538
747479
151634
675539
195755
105997
168543
167509
305239
371156
382910
593821
670729
167161
62872
538232
22547
801384
33001
99914
123334
461896
851249
219967
880934
119724
123264
271887
497092
148973
178156
743220
195700
98259
577446
48990
112601
220168
298993
879940
384391
690002
171581
143353
80343
42474
327924
457580
390045
537426
166105
121286
252743
588584
21170
407621
237413
51830
443568
87950
340371
621045
138753
191438
157230
252853
147145
247698
733876
233293
559549
217580
458287
22472
595261
833488
328305
338345
205756
238352
259942
406142
74468
197569
320374
646971
5795
66079
145888
163614
321493
10966
728543
377620
187676
462780
706861
150906
420477
158
188791
41918
241051
697126
243646
106536
119836
42460
62834
128415
290378
500497
169747
228796
350319
474810
286813
101022
145527
171206
346465
367830
21975
87203
273071
544408
34189
100144
428617
78459
93447
38903
441969
609566
833634
65004
892025
82642
169098
916880
4946
190229
314220
420618
133986
36971
92912
414406
427699
27830
117992
376606
201048
511247
6292
23806
100368
127217
159329
934164
193793
248268
36425
898639
8457
61941
162785
782458
164012
101097
276
66800
432872
719510
114179
736585
228574
142622
394557
718058
79235
149395
76316
82651
385139
420369
421237
173027
667878
62029
283051
210668
302628
321078
190368
163130
198956
566547
32411
1688
7580
19725
606755
270364
213263
443382
141614
148751
106073
368599
392937
254644
57066
682416
4308
109045
135958
68795
23266
23846
452484
20164
64826
166207
315430
86377
161997
347300
168827
214804
417492
224578
305240
355139
469473
481524
153699
376965
110024
150927
724523
329352
358036
165910
133994
296467
331325
427615
570378
19935
232932
882381
246438
52268
402867
273841
353875
404193
48675
535301
129312
122916
280280
169226
437119
31983
663023
20349
44070
87742
401900
23576
258865
59515
91108
98023
246059
271893
122550
10323
913230
118783
180049
4856
47040
287792
269579
429595
243448
76097
98502
342021
59730
189864
428556
674494
315604
4744
79439
82476
172373
135715
176299
681631
97313
283651
160487
383043
744177
59677
208511
420546
78200
143895
345905
493543
228714
341005
1040603
370579
65705
350409
404161
214914
94913
457477
497733
122533
36866
66953
479996
96408
671969
72687
661874
13199
54650
60277
379688
236543
168197
325246
384826
749057
21098
207844
29809
182524
662524
740687
59132
87436
172084
102510
584040
211401
384110
129987
303712
204648
585183
230328
936561
866408
146021
361688
606721
340482
435346
63846
7224
70016
27530
102829
284322
44603
94440
315025
105456
563373
419425
46144
408151
270174
94705
490823
474661
546995
309737
494659
86609
546276
146339
77330
350663
210255
214325
280958
320630
401585
72879
169629
144415
112787
88199
530981
378835
14521
192035
122366
136119
126034
432549
470913
601534
28386
159934
152164
160480
199678
747353
206366
191677
14774
302981
154916
196858
73464
314015
295718
270690
41539
593250
61427
358693
412474
107431
343941
143807
72598
332870
201135
46035
150051
27609
4275
126627
536911
126865
469217
128141
481180
162524
39825
140824
238301
9578
230252
67263
105846
315811
129634
106768
168012
3402
139174
199398
522916
153539
332931
263820
353555
219901
384450
102570
13645
390610
125421
187411
5789
960152
83476
387150
426323
282151
14900
67232
114137
282588
25083
669212
390968
5813
108781
849707
227936
548769
349
67408
160042
22878
547080
339474
201703
610110
277679
212370
5034
234367
313015
4255
292695
314927
139998
429547
427848
421844
383353
82246
70853
305964
145553
36259
114616
384246
572823
143313
155328
161844
17365
84741
79346
233493
46364
330643
350525
121460
242049
148257
121186
733990
369050
307649
68075
605959
321315
6725
788576
281220
221267
803264
611665
434820
429768
260602
36653
357863
71049
358540
62508
215078
698428
38299
180966
744237
671125
386964
24853
139302
242768
125114
251050
64234
365986
92384
776841
1863
484736
52225
558976
116617
282911
11853
169531
266621
31900
134938
82412
173459
102715
181185
166468
787854
102781
201578
36202
84675
63279
120330
27781
362845
37302
23628
259971
626144
211223
24804
92989
154789
39196
26630
676633
68535
255332
234406
449012
31457
60539
264928
239589
32382
37442
27725
23397
34112
243309
44834
210625
125038
167830
147155
632730
259967
78159
109464
9714
161692
92104
116341
542312
196265
197580
330584
23453
26464
26581
39427
134433
168959
272340
402790
411330
577144
824366
21860
31009
242164
304730
309369
607953
846581
163345
230968
281716
285922
652664
723470
228299
299297
830000
36994
169308
247905
274600
370427
519596
632242
665577
924155
32514
62645
170886
211817
289197
306110
344351
370879
447569
464380
501779
540418
613583
869799
1011801
1114080
39023
80953
121425
134810
140063
279803
340650
466906
720393
838936
131543
333815
363061
525970
627070
693131
697015
176664
179356
841460
1077993
75838
234387
327657
141732
297268
101154
158136
170877
214500
222634
433139
463192
519666
775485
914533
1092924
70328
126299
131141
174689
197529
212998
297617
421764
424883
440757
518999
596295
611236
618136
655130
677407
905731
1059047
39494
41998
126698
134123
170445
189563
194099
340143
397494
516782
536888
605138
671627
743884
944366
152471
158343
332092
439029
44702
87701
188781
277897
501784
611065
758719
772968
895342
252828
281250
951912
134836
325754
883068
30318
190632
293447
351384
435621
461169
475049
479304
7815
722792
106616
131732
134707
167233
210809
289024
341019
394589
536405
570163
650628
21056
240560
327227
441388
153772
268265
428323
432232
485724
829798
982359
487077
623935
322645
361144
533492
298348
797960
826116
308955
290781
206612
471028
59053
102950
447696
193980
67336
41989
214755
45653
151124
61123
193170
35403
45015
73365
31964
15683
268705
428004
257665
595777
183120
122342
19050
331914
452896
22212
17095
135390
43788
19575
282
12853
60488
82063
90485
203891
