90748
97433
115075
120745
167199
174422
186065
189213
206102
209699
245416
252649
282296
284278
301350
333316
335079
341596
357105
377307
388596
392272
393550
405084
409498
415541
432169
434790
445803
447050
453962
500441
510663
516986
535392
559131
566708
576466
590232
632880
634561
639436
641082
655618
718648
753515
756666
797184
805420
807730
827816
836286
838819
849387
854845
865199
884511
885044
890308
897990
911677
915845
920605
937409
945307
950728
962698
970792
986977
989074
990877
994879
995970
999049
1000277
1027098
1041301
1045133
1053492
1054263
1065503
1077725
1088948
1090403
1098340
1099730
1116645
1128565
1137207
1148948
1155777
1182581
1184415
1198542
1200610
1200909
1202536
1203432
1205130
1206422
1213209
1217240
1223718
1223946
1225046
1225187
1226174
1226606
1229493
1233359
1235018
1244544
1246866
1247027
1248118
1251737
1252549
1252781
1252986
1253946
1254019
1254662
1256237
1256585
1257144
1257163
1257553
1257878
1258882
1259352
1259665
1259776
1260101
1260531
1261095
1261572
1261878
1262572
1262584
1263447
1263664
1263827
1265561
1265781
1266021
1266551
1266627
1266676
1269332
1269356
1270009
1270053
1270695
1270712
1271178
1271249
1271473
1271502
1271666
1271908
1272035
1272140
1272229
1272252
1272335
1272371
1272375
1272395
1272396
1272401
1272418
1272455
1272456
1272463
1272517
1272534
1272557
1272561
1272568
1272603
1272606
1272613
1272632
1272645
1272653
1272654
1272687
1272702
1272704
1272713
1272729
1272776
1272793
1272803
1272812
1272849
1272862
1272901
1272904
1272912
1272938
1272962
1273021
1273068
1273083
1273087
1273097
1273098
1273099
1273135
1273152
1273162
1273170
1273184
1273190
1273207
1273258
1273264
1273276
1273278
1273301
1273303
1273365
1273396
1273427
1273433
1273464
1273468
1273473
1273534
1273554
1273561
1273570
1273577
1273602
1273631
1273664
1273695
1273701
1273712
1273718
1273735
1273762
1273778
1273787
1273804
1273812
1273831
1273857
1273876
1273892
1273936
1273943
1273968
1273976
1274001
1274008
1274032
1274033
1274045
1274062
1274075
1274078
1274084
1274089
1274127
1274221
1274226
1274254
1274268
1274270
1274294
1274303
1274310
1274315
1274333
1274342
1274350
1274376
1274414
1274431
1274465
1274500
76530
113851
118267
138041
146687
184025
191939
201672
207409
237209
241491
261904
298237
312742
324443
325003
325227
346873
352983
353423
363036
376396
382955
385819
413347
418847
443669
447557
453459
454552
456128
460090
480566
482103
506398
554306
564399
567311
595154
610595
615233
670738
675865
690763
692332
698039
700636
704961
751901
789689
802594
809855
817795
860183
865556
875092
902817
932764
938801
970332
974649
997772
1013646
1018090
1018210
1024438
1029307
1053002
1057518
1086555
1089072
1098409
1099955
1106610
1106976
1126300
1127574
1130265
1132176
1142956
1143829
1155399
1157198
1163611
1165703
1172556
1181915
1188328
1197730
1199318
1202100
1203414
1208391
1209033
1211483
1220302
1223772
1225305
1225881
1225918
1227420
1232759
1234946
1239556
1239581
1241370
1242888
1243130
1245322
1247018
1248319
1248751
1250640
1250746
1252224
1252849
1255394
1255814
1257161
1258157
1258281
1260036
1260184
1260973
1261276
1261786
1262889
1263160
1263218
1263380
1263471
1263698
1263778
1265381
1265709
1265851
1266185
1266215
1266556
1266954
1266956
1267204
1267775
1267848
1268274
1268857
1269179
1269353
1269674
1269676
1269725
1269794
1269824
1269869
1269873
1269875
1269920
1269977
1270016
1270040
1270088
1270099
1270115
1270125
1270158
1270163
1270182
1270212
1270234
1270240
1270265
1270271
1270315
1270319
1270321
1270331
1270345
1270365
1270379
1270385
1270452
1270463
1270489
1270503
1270516
1270558
1270561
1270585
1270586
1270610
1270636
1270648
1270657
1270665
1270736
1270780
1270790
1270890
1270901
1270913
1270932
1270947
1270967
1270968
1270971
1271031
1271094
1271139
1271149
1271206
1271220
1271259
1271293
1271308
1271317
1271337
1271349
1271363
1271387
1271407
1271409
1271428
1271429
1271447
1271451
1271531
1271607
1271631
1271660
1271674
1271685
1271688
1271701
1271731
1271733
1271739
1271775
1271779
1271804
1271808
1271839
1271850
1271858
1271893
1271898
1271968
1272079
1272083
1272091
1272120
1272146
1272147
1272173
1272186
5785
15547
39265
79759
84667
87849
88813
90905
153090
182415
188740
192852
213760
226453
227037
233674
254292
254528
258063
265476
285311
287034
334660
367202
401053
405739
412206
412905
413197
420709
427048
428811
431717
445982
477606
491292
495273
525962
527199
559320
560235
575309
580805
585522
586827
589399
609620
616555
617836
637918
648550
649117
658848
682848
692329
700914
701086
722310
722599
727035
748075
749313
760459
792959
795750
821117
823264
847121
863240
863245
864387
868332
871999
874011
875416
875693
880181
882900
892368
894524
894890
897096
901936
907170
920761
923633
932568
932615
939263
940027
941874
952400
962773
965077
970280
970400
975410
982666
997819
1002424
1004353
1007390
1011055
1012563
1014029
1025623
1035329
1039210
1040488
1042212
1043656
1052924
1057292
1059081
1073948
1076209
1079402
1085151
1085455
1087917
1100966
1107860
1114904
1136703
1137947
1141824
1161023
1161073
1170675
1174308
1178341
1178610
1182856
1186978
1193259
1195665
1198014
1199857
1202457
1203151
1207681
1209168
1209458
1209702
1210880
1210915
1211415
1212507
1212844
1215728
1216531
1217455
1218233
1220641
1222879
1225384
1225657
1225909
1226642
1226922
1230875
1231113
1232221
1232612
1233031
1236473
1238293
1239652
1239766
1242021
1242853
1243770
1243907
1244751
1245740
1246052
1246235
1247415
1247811
1248264
1249240
1250906
1251079
1251316
1251729
1253336
1253370
1254148
1254424
1255891
1256149
1256920
1257419
1258458
1258602
1259109
1259425
1259509
1260017
1260622
1260952
1260992
1261163
1261254
1261908
1262689
1262896
1263084
1263279
1263948
1264213
1264478
1264562
1264794
1264807
1264813
1265388
1265636
1265680
1265683
1265702
1265999
1266305
1266317
1266545
1266561
1266864
1267012
1267334
1267344
1267347
1267351
1267354
1267372
1267397
1267399
1267488
1267502
1267586
1267597
1267620
1267628
1267668
1267699
1267746
1267785
1267793
1267803
1267814
1267835
1267854
1267898
1267900
1267917
1267918
1267920
1267922
1267923
1267948
1267966
1268016
1268020
1268121
1268129
1268204
1268210
1268221
1268227
1268243
1268255
1268276
1268285
1268289
1268290
1268335
1268358
1268361
1268394
1268396
1268404
1268431
1268433
1268476
1268479
1268491
1268505
1268522
1268575
1268581
1268588
1268589
1268612
1268619
1268639
1268661
1268665
1268681
1268685
1268708
1268721
1268725
1268727
1268738
1268753
1268765
1268794
1268797
1268803
1268813
1268847
1268852
1268853
1268891
1268893
1268951
1268971
1268978
1269027
1269042
1269061
1269068
1269085
1269092
1269120
1269141
1269161
1269214
1269228
1269241
1269249
1269258
1269269
1269270
1269281
1269325
1269349
1269366
1269383
1269406
1269408
1269444
1269447
1269486
1269488
1269501
1269598
1269630
1269650
1269654
1269675
1269694
1269709
1269715
18150
47664
53052
58840
68885
88808
101844
106971
112494
154893
167612
193606
210476
218216
245173
247728
260214
280170
281561
285084
297282
298300
325646
345160
355442
367712
378130
395014
399265
401212
406892
419068
423490
429836
445663
446817
450248
479723
500153
532836
546236
551035
553769
577283
584675
591035
596576
626707
629308
634878
643669
649535
649727
655168
655301
659915
661067
671232
673044
673189
679034
694562
715438
716745
717268
735501
788208
805169
816152
824747
826080
866587
868463
893526
897435
900629
907614
908729
911042
912572
914593
923723
926219
932841
949986
961475
964121
964432
965686
978012
981129
997708
1009347
1011581
1018334
1019005
1025637
1030157
1031620
1034189
1034287
1034485
1039346
1050678
1052832
1056063
1059676
1067869
1071522
1073121
1090939
1097178
1099871
1100109
1106395
1107677
1108814
1110646
1112437
1112840
1113178
1122002
1123262
1125015
1131264
1133495
1137276
1147761
1148999
1149612
1150316
1153010
1155008
1155807
1156454
1158174
1160907
1169594
1177554
1183753
1184058
1192891
1193105
1194472
1197268
1205108
1205263
1206387
1207195
1211217
1211779
1214458
1214462
1214509
1215212
1215325
1216593
1217659
1219712
1222528
1224078
1224388
1224982
1226011
1226973
1227371
1228496
1230291
1231281
1231445
1233713
1236634
1237357
1238990
1240306
1240323
1240933
1243166
1243376
1243665
1244446
1244985
1245458
1245613
1245642
1246405
1246865
1247501
1248585
1249812
1251594
1251679
1252776
1252800
1253803
1254852
1255994
1256131
1256630
1256697
1257120
1257243
1258763
1258957
1259128
1259658
1259716
1260073
1260318
1260714
1260961
1261347
1261789
1262162
1262333
1262533
1263101
1263302
1263503
1263512
1263877
1264134
1264193
1264264
1264286
1264308
1264336
1264338
1264399
1264409
1264430
1264438
1264441
1264443
1264448
1264468
1264510
1264532
1264534
1264602
1264611
1264617
1264634
1264641
1264669
1264705
1264706
1264729
1264753
1264773
1264784
1264814
1264862
1264866
1264877
1264910
1264920
1264952
1264973
1264977
1264989
1264991
1264994
1264998
1265006
1265033
1265036
1265052
1265053
1265068
1265074
1265077
1265088
1265102
1265113
1265117
1265125
1265131
1265140
1265142
1265151
1265170
1265175
1265178
1265205
1265219
1265235
1265249
1265286
1265287
1265324
1265327
1265334
1265351
1265404
1265416
1265425
1265441
1265443
1265539
1265564
1265580
1265592
1265595
1265614
1265622
1265635
1265652
1265658
1265667
1265672
1265677
1265681
1265687
1265697
1265700
1265703
1265782
1265783
1265792
1265803
1265821
1265839
1265867
1265889
1265900
1265927
1265929
1266029
1266039
1266057
1266088
1266114
1266118
1266131
1266213
1266243
1266254
1266270
1266297
1266371
1266385
1266392
1266399
1266402
1266450
1266473
1266588
1266590
1266593
1266618
1266691
1266756
1266765
1266801
1267041
1267051
1267119
1267172
1267194
1267208
1267210
1267217
1267234
1267274
23005
41192
53801
87241
90396
114423
119039
159854
161365
168029
174373
174653
192016
199288
208092
212392
213197
214013
237678
237867
262037
267118
293713
295835
296794
299702
300483
307334
309397
312407
313442
314960
318267
322767
363364
370794
376581
391573
394243
420468
422244
423315
443140
445756
447101
459485
494231
507235
530604
535027
538590
564650
567348
573478
583694
594615
606227
620276
628463
634348
673729
674844
680294
705354
715602
720224
720229
728742
740005
745238
753933
756006
757074
767309
784722
813019
834631
850904
853991
854175
873745
874868
876975
877943
886496
888323
891382
906675
914059
923786
930179
938437
941583
942701
947833
948112
950892
951759
960103
961001
968404
981286
982037
988873
989461
989815
990446
1007425
1008520
1012197
1015760
1016230
1022751
1024887
1025032
1026455
1028927
1033987
1036594
1046466
1046492
1046717
1047699
1049907
1053047
1055896
1066211
1069288
1071425
1078088
1079363
1083007
1096207
1097894
1099373
1105312
1105643
1118911
1122190
1124283
1130926
1135540
1141276
1150497
1153709
1155190
1158276
1161763
1163570
1164261
1166215
1166292
1169333
1170689
1171153
1174113
1174544
1174856
1177804
1179474
1180751
1181879
1189496
1191897
1192400
1194908
1195626
1205122
1205962
1207474
1207877
1214862
1217354
1217894
1220808
1224119
1225255
1226327
1227066
1227115
1228626
1229626
1231650
1231996
1232075
1232948
1233704
1233814
1234400
1234724
1236206
1236391
1236720
1237319
1237597
1237824
1238404
1238635
1239116
1240151
1241873
1242653
1243016
1243636
1244906
1245080
1246628
1246674
1247641
1248497
1248666
1248806
1249116
1249845
1250717
1250808
1250983
1251581
1251680
1251793
1252296
1252589
1252672
1253503
1254405
1254821
1254931
1254993
1255612
1256600
1256882
1257039
1257198
1257501
1257747
1258368
1258777
1258823
1259379
1259543
1259771
1260087
1260110
1260130
1260238
1260373
1260418
1260627
1260778
1260801
1261060
1261145
1261169
1261221
1261224
1261264
1261282
1261290
1261293
1261310
1261311
1261313
1261319
1261350
1261358
1261376
1261391
1261400
1261433
1261447
1261451
1261463
1261479
1261493
1261494
1261538
1261545
1261552
1261588
1261607
1261609
1261610
1261640
1261646
1261648
1261653
1261666
1261668
1261691
1261700
1261743
1261759
1261772
1261773
1261784
1261812
1261822
1261830
1261872
1261885
1261888
1261907
1261931
1261938
1262011
1262032
1262034
1262061
1262064
1262067
1262086
1262144
1262151
1262152
1262182
1262202
1262224
1262249
1262250
1262286
1262302
1262306
1262324
1262326
1262330
1262345
1262374
1262383
1262386
1262405
1262415
1262456
1262460
1262472
1262477
1262478
1262492
1262494
1262509
1262520
1262521
1262526
1262530
1262540
1262549
1262573
1262579
1262609
1262621
1262628
1262630
1262652
1262680
1262690
1262759
1262774
1262791
1262800
1262805
1262811
1262852
1262874
1262876
1262897
1262914
1262928
1262933
1262936
1262939
1262951
1262959
1262994
1263021
1263107
1263110
1263154
1263165
1263169
1263172
1263208
1263285
1263288
1263306
1263358
1263376
1263378
1263384
1263401
1263421
1263434
1263444
1263454
1263472
1263477
1263482
1263492
1263495
1263496
1263504
1263509
1263525
1263537
1263543
1263558
1263565
1263571
1263576
1263624
1263630
1263668
1263672
1263681
1263714
1263721
1263723
1263725
1263749
1263763
1263807
1263855
1263886
1263889
1263893
1263965
1263980
1263984
1264004
1264026
1264119
1264133
1264196
1264209
1264244
8744
65176
74100
95405
114909
129966
134415
135761
138602
171656
171901
227662
229035
282457
292072
297139
308319
311072
318781
348493
357252
364376
367504
409175
418528
434301
443427
460442
462705
463677
470291
495960
500075
505358
512514
515005
515962
530366
537595
540051
549666
550610
553936
560338
562808
581340
586328
604960
638830
639048
655369
668705
682991
692523
694179
702171
704216
716975
721868
722584
754986
766580
766754
768037
773404
776071
814399
815173
831381
833334
835871
842500
850551
887215
894378
902634
906615
931128
942936
976049
982254
985730
993782
996370
1003837
1009682
1018640
1027661
1030448
1040152
1053393
1058283
1064301
1068762
1072098
1081483
1084328
1085413
1090556
1091876
1092408
1100709
1103121
1108216
1109226
1112286
1116578
1116965
1129369
1133262
1134963
1138765
1144191
1146868
1148927
1153893
1157755
1161526
1162054
1164934
1166482
1170752
1170784
1171378
1176732
1178157
1178382
1181265
1182882
1183448
1186477
1190952
1191001
1194583
1194619
1194752
1195650
1198530
1198533
1199446
1203493
1208496
1209113
1209130
1210519
1210938
1211945
1213352
1215654
1215825
1217300
1218008
1218441
1219959
1219981
1220043
1221216
1222821
1223233
1223446
1224888
1225136
1225646
1227609
1227910
1228447
1229646
1230415
1230916
1231480
1234232
1234352
1235122
1236239
1236626
1237335
1237965
1239463
1239660
1241483
1241725
1241801
1243086
1243272
1244049
1244213
1244327
1244344
1244685
1244827
1245044
1245701
1246588
1246696
1247267
1247492
1248515
1248604
1249303
1249351
1249751
1249920
1250514
1251388
1251480
1251891
1253766
1253978
1253981
1254772
1254968
1255175
1255241
1255297
1255343
1255583
1255789
1255893
1256438
1256461
1256462
1256578
1256588
1256831
1257620
1257798
1257950
1257988
1258005
1258039
1258097
1258101
1258139
1258155
1258164
1258192
1258204
1258223
1258227
1258246
1258257
1258261
1258288
1258305
1258344
1258358
1258413
1258445
1258461
1258462
1258470
1258476
1258534
1258546
1258552
1258558
1258584
1258607
1258632
1258664
1258678
1258682
1258689
1258690
1258740
1258773
1258779
1258793
1258810
1258828
1258843
1258869
1258905
1258942
1258946
1258947
1258976
1259005
1259020
1259028
1259050
1259069
1259072
1259078
1259115
1259209
1259243
1259251
1259274
1259287
1259293
1259336
1259338
1259341
1259384
1259409
1259526
1259529
1259566
1259569
1259590
1259597
1259625
1259633
1259655
1259703
1259721
1259724
1259732
1259753
1259773
1259790
1259804
1259872
1259912
1259922
1259954
1259956
1259972
1259982
1260002
1260032
1260033
1260048
1260051
1260068
1260116
1260146
1260162
1260172
1260174
1260183
1260191
1260195
1260212
1260221
1260248
1260254
1260297
1260311
1260321
1260328
1260331
1260356
1260358
1260399
1260402
1260406
1260410
1260434
1260455
1260461
1260464
1260468
1260487
1260512
1260517
1260528
1260530
1260537
1260545
1260565
1260566
1260595
1260606
1260617
1260618
1260625
1260641
1260654
1260663
1260705
1260706
1260745
1260752
1260793
1260797
1260809
1260811
1260826
1260828
1260848
1260854
1260916
1260918
1260946
1260959
1260985
1260988
11759
14220
23421
24559
24929
25184
36237
36909
47175
62361
68497
68508
88113
105096
116244
126995
131766
144895
148179
187773
188231
190265
195335
197587
207874
218339
225893
235042
239913
246980
250769
257146
267225
271856
272865
273831
286239
320517
333392
351235
362613
367940
379325
386623
390611
395751
412421
423363
449814
450655
458186
461613
461840
462954
474627
476232
489755
545349
569933
577724
580813
599099
599985
634347
636452
657217
659205
660664
668034
675551
679949
683108
707613
713250
714405
717979
724746
726360
739675
745512
789716
800002
803192
814897
825763
839117
839346
850843
851616
854768
860085
867357
872839
887204
887805
899374
899689
916923
930098
930377
933222
936198
940584
942359
963607
973434
985067
991013
996347
1001428
1006182
1012989
1020677
1021396
1029169
1033434
1040564
1044748
1047043
1047399
1050068
1050966
1054824
1056117
1066015
1066085
1070590
1073271
1076229
1080774
1082452
1082647
1104170
1104319
1111553
1111809
1112162
1122018
1122102
1126011
1129078
1129298
1135759
1144756
1153660
1159773
1160844
1163296
1170508
1171431
1172020
1175762
1175859
1180070
1181852
1181880
1187966
1188607
1190148
1190458
1190579
1191705
1192933
1193437
1193732
1195304
1195470
1195655
1197002
1197742
1199534
1200157
1201225
1201309
1201862
1206262
1209210
1212036
1213643
1215607
1217244
1217444
1217835
1219040
1219114
1220388
1220410
1225923
1226147
1227482
1230917
1232803
1232914
1233279
1233778
1234469
1234646
1234699
1234767
1235229
1235332
1236219
1236963
1238889
1239021
1240128
1240357
1240394
1240432
1241683
1241802
1241923
1242161
1242542
1242605
1242636
1243069
1243082
1243401
1244611
1244750
1244918
1245635
1246934
1247338
1247557
1247651
1248214
1248441
1248477
1249289
1249290
1249836
1249846
1250527
1250969
1251296
1251365
1251486
1251513
1251557
1251617
1251889
1251954
1252159
1252194
1252787
1252830
1253451
1253526
1253788
1254202
1254238
1254247
1254306
1254333
1254409
1254430
1254434
1254492
1254500
1254536
1254559
1254573
1254582
1254621
1254653
1254655
1254683
1254690
1254701
1254724
1254771
1254802
1254824
1254835
1254837
1254839
1254875
1254939
1254964
1254982
1255044
1255045
1255049
1255077
1255091
1255116
1255126
1255127
1255129
1255178
1255192
1255223
1255225
1255238
1255250
1255262
1255276
1255290
1255309
1255340
1255355
1255362
1255365
1255384
1255408
1255415
1255436
1255486
1255488
1255520
1255532
1255588
1255602
1255714
1255722
1255742
1255768
1255786
1255828
1255869
1255884
1255943
1255955
1255959
1255962
1255983
1255985
1255989
1255996
1255997
1255999
1256069
1256099
1256128
1256141
1256173
1256183
1256210
1256221
1256272
1256285
1256287
1256320
1256322
1256328
1256337
1256382
1256399
1256404
1256405
1256408
1256442
1256446
1256463
1256470
1256506
1256514
1256537
1256541
1256563
1256698
1256707
1256720
1256755
1256829
1256842
1256872
1256884
1256906
1256922
1256923
1256930
1256933
1256952
1256985
1256989
1257017
1257026
1257037
1257041
1257054
1257059
1257064
1257069
1257105
1257114
1257156
1257164
1257226
1257227
1257237
1257247
1257269
1257271
1257278
1257284
1257311
1257327
1257334
1257359
1257367
1257403
1257408
1257428
1257431
1257456
1257457
1257462
1257469
1257476
1257505
1257560
1257689
1257716
1257731
1257753
1257847
68321
68937
105670
108390
116571
133088
136011
173057
179613
190254
200772
218071
229177
239269
264987
284546
315559
323168
324727
327488
345412
366159
384599
392997
398177
430566
431318
443310
443918
450334
453085
483350
486427
531896
556776
557658
558802
560544
563961
569115
572690
586660
594322
594844
618314
623914
624254
630461
632558
642314
642886
650060
651121
656417
663837
670116
678239
695990
700845
733809
742850
768667
784616
788901
790320
811013
811151
812693
828575
836483
837768
844883
859564
870987
871434
871441
882872
885374
885578
892182
898058
902477
915460
928825
943531
946442
948039
952332
962900
963267
975887
981050
995064
995687
996828
999284
1007495
1009079
1009232
1017613
1032943
1033680
1034513
1036816
1038678
1043162
1046675
1046894
1047373
1055426
1056864
1057141
1058077
1062483
1064075
1067976
1083507
1086436
1089233
1089769
1090359
1090970
1093401
1097270
1098969
1101942
1102964
1104682
1109902
1111507
1112831
1114247
1116214
1116869
1117113
1118922
1120844
1122269
1122873
1124339
1128609
1131147
1131158
1136797
1137116
1152509
1160534
1161959
1163371
1164078
1166264
1169688
1172390
1173878
1175848
1176895
1179428
1181754
1182353
1185779
1188660
1189588
1193981
1194150
1194609
1196379
1198838
1200446
1201246
1202995
1203179
1203547
1204497
1204683
1211478
1211778
1215848
1216730
1221190
1222246
1222905
1224049
1224262
1224940
1226632
1226702
1227542
1228208
1229472
1229665
1230161
1230525
1230848
1231746
1234059
1236928
1236968
1238845
1239721
1240412
1243519
1244629
1244851
1244929
1245222
1245297
1245512
1245565
1245787
1246360
1246402
1246977
1247036
1247093
1247936
1248244
1248298
1249301
1249333
1249937
1250231
1250244
1250312
1250419
1250547
1250710
1250804
1250984
1251028
1251099
1251279
1251339
1251342
1251406
1251450
1251472
1251484
1251510
1251511
1251528
1251542
1251555
1251559
1251560
1251572
1251577
1251580
1251596
1251615
1251625
1251666
1251673
1251722
1251749
1251756
1251761
1251766
1251835
1251880
1251892
1251893
1251907
1251915
1251916
1251942
1251970
1252020
1252030
1252066
1252078
1252096
1252099
1252133
1252138
1252181
1252206
1252282
1252288
1252293
1252316
1252317
1252386
1252409
1252414
1252451
1252467
1252472
1252484
1252492
1252497
1252506
1252509
1252547
1252598
1252643
1252665
1252679
1252682
1252685
1252770
1252780
1252785
1252802
1252807
1252819
1252822
1252835
1252870
1252874
1252897
1252917
1252959
1252978
1252987
1252998
1253005
1253028
1253131
1253149
1253157
1253169
1253241
1253258
1253268
1253284
1253291
1253292
1253303
1253361
1253363
1253400
1253401
1253413
1253423
1253444
1253452
1253465
1253509
1253516
1253523
1253544
1253551
1253557
1253582
1253626
1253634
1253636
1253644
1253659
1253702
1253704
1253756
1253772
1253794
1253797
1253826
1253840
1253842
1253851
1253878
1253905
1253923
1253929
1253941
1253967
1253968
1253980
1254000
1254010
1254050
1254072
1254146
85033
100581
112780
128713
129788
130725
139840
140310
146655
155596
181919
214796
217651
230665
248705
250513
257776
285261
320968
378832
383146
387429
405041
406424
411679
423943
436976
478202
478407
478801
485889
504855
510512
538503
543572
548809
564274
591744
638724
694163
703503
716578
719810
737150
743429
746774
768617
790776
806558
820932
825553
826441
875684
900766
932236
935356
950466
961885
971800
977053
1000950
1024749
1032067
1036344
1042199
1046286
1069513
1071466
1072701
1089684
1108142
1112039
1114286
1117117
1129729
1130380
1131926
1136152
1146581
1150456
1150733
1153946
1160326
1161063
1162689
1169152
1172726
1175207
1184874
1185072
1185750
1187311
1188110
1189413
1190975
1194680
1194905
1197642
1200445
1203311
1204659
1205649
1206230
1208030
1210599
1211792
1214455
1217369
1217447
1219029
1221371
1221640
1223263
1224174
1224199
1224458
1224715
1225579
1226337
1226993
1227886
1228360
1228565
1228747
1228782
1231096
1233134
1233177
1233239
1234412
1234793
1234852
1235533
1236153
1237905
1238198
1238696
1239117
1240586
1241148
1241150
1241823
1244263
1244735
1244778
1244926
1245048
1245438
1246119
1246220
1246278
1247309
1248078
1248131
1248169
1248183
1248194
1248425
1248511
1248570
1248663
1248907
1248965
1248977
1249057
1249065
1249114
1249185
1249238
1249253
1249264
1249269
1249278
1249295
1249318
1249337
1249346
1249347
1249360
1249368
1249373
1249389
1249403
1249426
1249428
1249432
1249486
1249492
1249505
1249526
1249559
1249578
1249581
1249595
1249635
1249680
1249730
1249739
1249748
1249772
1249773
1249786
1249829
1249830
1249835
1249884
1249900
1249924
1249954
1249993
1250002
1250005
1250103
1250126
1250134
1250169
1250185
1250191
1250284
1250298
1250348
1250371
1250374
1250378
1250389
1250405
1250408
1250423
1250434
1250436
1250460
1250523
1250543
1250551
1250570
1250588
1250599
1250604
1250619
1250673
1250674
1250713
1250740
1250753
1250759
1250781
1250787
1250788
1250789
1250840
1250854
1250940
1250966
1250998
1251023
1251027
1251076
1251085
1251115
1251117
1251151
1251154
1251179
1251213
1251219
87246
107744
151789
152089
166035
177458
212178
232703
238432
276190
279282
280119
285134
300636
321923
354271
360451
367630
381205
401934
404005
414907
420718
437050
437734
447046
449051
454654
455830
466308
473422
478894
482019
533760
550508
560950
566751
599766
611396
628305
636327
655291
676204
702942
703681
720317
723774
727031
771145
780514
787483
792144
821717
831465
835393
839448
840017
847366
869868
874640
888864
940786
953657
962215
969328
978756
981459
985267
985668
987965
989941
999017
1000255
1000929
1004697
1009357
1016126
1027986
1028115
1035412
1037739
1040717
1055093
1059360
1062551
1066108
1068697
1073129
1074231
1076556
1086456
1091464
1094822
1095674
1096566
1096611
1099420
1108620
1117835
1117959
1119554
1121226
1121518
1129789
1134720
1136350
1136641
1145417
1145526
1150842
1152289
1153383
1155628
1159591
1161211
1165212
1167406
1169636
1172485
1178037
1178561
1181323
1181425
1181473
1181798
1184303
1185829
1187499
1192914
1195147
1196512
1198173
1199198
1200181
1200605
1201302
1202150
1204824
1205333
1206813
1215946
1216165
1218185
1218279
1218847
1219667
1220602
1220811
1221472
1221531
1221675
1222872
1228500
1229703
1229771
1229825
1230352
1231128
1233442
1234178
1234549
1234869
1235750
1236066
1236445
1236768
1236862
1237011
1238722
1239612
1240073
1240381
1240619
1240903
1242298
1242452
1242509
1242539
1242585
1242657
1242762
1242900
1243019
1243112
1243205
1243668
1243797
1244459
1244961
1245042
1245148
1245247
1245305
1245333
1245498
1245523
1245839
1245855
1245913
1245978
1245984
1246016
1246045
1246107
1246161
1246246
1246363
1246488
1246564
1246567
1246594
1246598
1246605
1246624
1246625
1246651
1246688
1246693
1246710
1246730
1246732
1246747
1246748
1246762
1246797
1246814
1246875
1246899
1246912
1246953
1246956
1247007
1247012
1247022
1247032
1247057
1247062
1247076
1247114
1247162
1247233
1247237
1247268
1247269
1247297
1247298
1247303
1247308
1247311
1247316
1247330
1247353
1247412
1247448
1247460
1247533
1247589
1247595
1247604
1247617
1247637
1247649
1247657
1247689
1247699
1247705
1247707
1247721
1247723
1247740
1247741
1247749
1247750
1247755
1247764
1247770
1247790
1247792
1247818
1247889
1247916
1247920
1247927
1247962
1247974
1247992
1247993
1248016
1248025
1248041
1248076
1248084
1248105
1248185
1248239
1248260
1248274
1248352
1248364
1248428
1248434
1248463
1248471
1248482
1248486
1248490
1248505
1248544
1248579
1248589
1248599
1248613
1248667
1248696
1248727
1248795
1248844
1248897
1248930
15872
29680
39344
46211
69780
70770
89651
128984
191582
206538
206836
214472
215586
223967
236544
251195
251611
259936
316278
318110
320269
321071
324392
330290
368710
389910
417236
424812
428078
428885
433339
440502
446995
463396
473207
513224
531372
535394
537586
541289
546400
567543
567704
595341
601090
608227
615631
623224
651879
657927
679728
688597
689770
696956
724672
728853
737178
770700
783692
783986
802060
802830
810142
816399
823433
840269
841300
846516
847661
864966
868872
882705
891178
893993
908119
909224
922734
935150
939997
957798
959562
1003178
1003182
1005017
1007005
1009233
1014927
1024741
1027392
1029353
1040793
1040810
1045747
1057315
1065174
1067653
1068199
1069204
1083701
1097079
1097813
1098313
1099114
1125466
1126094
1129221
1137598
1138644
1139892
1141921
1144768
1145540
1160989
1163649
1164081
1169996
1177627
1179583
1180603
1182573
1183669
1184072
1184900
1186214
1190929
1191099
1193550
1194338
1195631
1196646
1200275
1201990
1202162
1202263
1202394
1204277
1206643
1208105
1208486
1208502
1208707
1208873
1210063
1210150
1210262
1210911
1212307
1212755
1213279
1214622
1214952
1216179
1217858
1220832
1221070
1221832
1221868
1222568
1225354
1226550
1227657
1228147
1229052
1229787
1230736
1230797
1231678
1232172
1232668
1232792
1232882
1233433
1234996
1235084
1235204
1235593
1237028
1237162
1237565
1237817
1237868
1237895
1238272
1238461
1238523
1238598
1238800
1238899
1239090
1239218
1239796
1239961
1240046
1240562
1240881
1240910
1241012
1241245
1241373
1241512
1241631
1241792
1241964
1242390
1242945
1243018
1243073
1243085
1243139
1243161
1243172
1243213
1243214
1243239
1243292
1243302
1243320
1243361
1243403
1243452
1243469
1243470
1243509
1243544
1243554
1243586
1243628
1243640
1243670
1243696
1243712
1243760
1243776
1243815
1243838
1243857
1243876
1243883
1243884
1243886
1243910
1243918
1243934
1243936
1243951
1243964
1243988
1244001
1244004
1244015
1244066
1244107
1244161
1244164
1244241
1244274
1244280
1244356
1244384
1244391
1244403
1244407
1244419
1244428
1244439
1244484
1244491
1244500
1244534
1244535
1244569
1244612
1244672
1244679
1244718
1244797
1244803
1244812
1244825
1244826
1244849
1244856
1244864
1244889
1244894
1244903
1244948
1244977
1244992
1244997
1245022
1245025
1245028
1245038
1245076
1245092
1245108
1245120
1245140
1245144
1245159
1245200
1245234
1245246
1245272
1245274
1245280
1245308
1245356
1245372
1245391
1245400
1245456
1245488
1245492
1245494
1245514
1245530
1245557
1245598
1245608
1245646
1245660
1245665
1245683
1245759
1245766
1245827
1245831
1245864
1245910
1245911
1245920
1245952
1245963
1245970
1246025
1246027
1246040
1246050
1246259
16837
52590
56481
71940
72422
77718
86351
86562
108146
110748
116449
128750
135132
156355
183390
212339
233446
239641
241789
245579
249269
249889
250336
254774
324490
327926
336659
338217
341011
341618
345335
353671
383583
392830
405923
409057
410366
416352
426576
479593
483249
500193
500973
515720
519557
531945
536359
539114
542670
551444
557236
577355
584064
595002
606036
606114
608860
617530
627528
640926
646049
655249
658445
661585
668056
671396
676692
694195
696047
700057
703487
712095
714039
714761
715364
723213
748116
760637
775131
785668
802682
813464
820294
827450
849227
852183
858884
862339
862548
865969
869949
879813
892494
892585
914169
928495
941181
954076
967635
969885
976448
977177
979650
985577
1003537
1006028
1011163
1011202
1039173
1042368
1042697
1043322
1044177
1050750
1051201
1051333
1051827
1062279
1062489
1063628
1064749
1072677
1075446
1085919
1087431
1091378
1097537
1103101
1104554
1106638
1106888
1108153
1108791
1109283
1112724
1113235
1114390
1115483
1115870
1116099
1121626
1124567
1125347
1126556
1134156
1137271
1143457
1146965
1150825
1151400
1152164
1158340
1159894
1165043
1170863
1173511
1174865
1179574
1180148
1180967
1183163
1184894
1184928
1185655
1188392
1192341
1192978
1193194
1194417
1195903
1196675
1197196
1197598
1199803
1205616
1205731
1206042
1207270
1208007
1208450
1208661
1208686
1210066
1211795
1213732
1214164
1215230
1215705
1215843
1216441
1217080
1219383
1219579
1219627
1220263
1221061
1223953
1224779
1225011
1225225
1225235
1226053
1226066
1226472
1227517
1227521
1227670
1227695
1228100
1228325
1228414
1228532
1228599
1228702
1230121
1230458
1230518
1231305
1231997
1232165
1233197
1233604
1233743
1233829
1234830
1235100
1235131
1235392
1235893
1236589
1236932
1236943
1237127
1237559
1237678
1237791
1237833
1238437
1238478
1238553
1238877
1239374
1239411
1239427
1239455
1239481
1239516
1239525
1239552
1239602
1239627
1239650
1239655
1239657
1239671
1239675
1239682
1239698
1239708
1239728
1239733
1239735
1239749
1239765
1239777
1239788
1239802
1239803
1239840
1239893
1239896
1239930
1239932
1239936
1239939
1239953
1239955
1239959
1239963
1239964
1239967
1239985
1240001
1240009
1240013
1240017
1240018
1240082
1240116
1240135
1240187
1240191
1240232
1240241
1240249
1240259
1240296
1240300
1240305
1240320
1240421
1240427
1240461
1240463
1240467
1240474
1240489
1240500
1240506
1240582
1240599
1240607
1240621
1240626
1240667
1240672
1240673
1240696
1240743
1240798
1240832
1240868
1240876
1240879
1240954
1240958
1240959
1240970
1241008
1241019
1241082
1241094
1241108
1241152
1241175
1241184
1241193
1241201
1241247
1241283
1241288
1241291
1241295
1241300
1241306
1241313
1241335
1241354
1241358
1241372
1241379
1241393
1241409
1241416
1241434
1241439
1241495
1241498
1241501
1241505
1241516
1241517
1241590
1241612
1241695
1241707
1241747
1241752
1241764
1241774
1241793
1241797
1241816
1241829
1241831
1241894
1241897
1241904
1242006
1242016
1242036
1242046
1242084
1242108
1242110
1242113
1242126
1242149
1242151
1242203
1242214
1242241
1242246
1242249
1242262
1242275
1242284
1242286
1242296
1242303
1242304
1242320
1242336
1242348
1242378
1242389
1242444
1242459
1242462
1242463
1242478
1242488
1242526
1242541
1242559
1242575
1242626
1242682
1242751
1242775
1242782
1242813
1242822
1242846
1242884
1242894
1242933
79929
85148
85622
102676
138122
156399
159951
166170
173555
189434
191466
208629
242368
276318
294296
306874
335112
345696
373739
419229
434216
436464
496748
511649
513854
527266
570322
585802
587668
640847
671573
689223
737230
739509
765291
823822
836738
855441
856340
859938
874190
882556
890957
904947
931382
950586
982985
999462
1010789
1039040
1039046
1049396
1057791
1062726
1064634
1069798
1071229
1083779
1100947
1111529
1116465
1125494
1132165
1143258
1156117
1162011
1166297
1172310
1174518
1178570
1179885
1189527
1193427
1194253
1209354
1211424
1213183
1217917
1218675
1222050
1224364
1225634
1231646
1239233
1244909
1245988
1246574
1247668
1250340
1251796
1252805
1254696
1254859
1257860
1258850
1259525
1259585
1261533
1262703
1264836
1264844
1265361
1265496
1265758
1268428
1270702
1271405
1271647
1272346
1272424
1272532
1272550
1272677
1272679
1272724
1273117
1273225
1273323
1273379
1273475
1273883
1274164
1274200
12436
22390
33349
36413
56344
84316
110500
135337
166444
167327
168530
173278
186926
234991
247935
258683
287924
322064
327702
336949
349006
366551
373812
375493
399229
425076
454959
463907
509128
525711
581007
596463
614901
618438
650559
658973
671236
675328
684935
698191
704525
707720
711502
751380
805431
861881
866401
869795
871994
879341
889336
903530
907118
915191
924688
932037
936021
949135
949410
954418
960469
975078
985930
1000274
1002082
1010745
1015261
1016464
1016619
1018065
1022087
1023238
1028405
1028742
1031365
1035255
1035558
1035605
1035640
1036401
1037466
1038398
1038895
1044269
1046978
1049974
1050654
1050791
1055104
1058825
1059873
1061229
1067687
1068069
1069520
1070753
1072371
1077853
1078583
1078917
1089210
1090598
1091440
1100188
1101116
1108651
1109759
1110397
1111860
1114503
1114921
1115593
1117394
1120490
1122133
1122286
1123783
1124459
1126206
1126238
1126408
1128624
1135584
1136011
1137260
1138465
1139640
1143285
1143368
1149161
1150719
1154650
1158607
1160324
1165240
1168566
1173800
1175954
1176004
1176257
1177112
1178618
1182011
1182125
1183691
1184003
1185237
1188246
1188502
1190191
1190533
1191204
1191512
1192868
1193737
1198497
1199224
1203800
1204724
1208167
1210056
1210923
1214454
1216034
1217360
1217792
1221652
1221907
1222800
1225623
1227827
1239019
1239797
1249446
1251668
1256087
1256732
1257103
1260160
1263234
1263524
1265048
1265619
1268556
1268697
1269948
1270192
1270243
1270606
1270616
1270882
1270919
1270957
1270999
1271183
1271212
1271480
1271693
1271787
861
12607
14358
15287
18634
21914
32705
33808
33995
36985
37482
37997
38146
39325
40405
40631
41044
43110
47860
48843
48983
49405
49694
50370
51163
52670
53247
53530
54596
55464
57234
58130
65772
77981
78117
79569
81173
82637
83129
84841
85885
89302
91382
91740
91792
91830
95124
98630
99293
104633
106578
107303
108670
109305
109583
110589
110872
111347
112720
112951
115969
116459
118180
118987
120864
123578
124683
125277
129096
129876
130697
132928
138099
138585
138722
139458
140305
142685
144715
148058
149659
150394
154087
154281
155640
156493
158019
158622
159882
160902
163213
167302
170481
176027
176684
187801
191841
192425
193602
194246
196428
198071
199246
199901
200044
200065
203515
204681
204684
206184
207606
211291
214299
219835
221191
222371
225471
227314
230104
230327
230497
232361
232486
232638
242597
243299
243355
243877
245149
249164
249312
253043
253449
254290
256038
261187
262241
265145
266390
272499
273617
274365
276409
279539
282140
282903
284102
284867
287681
288117
288137
288322
296528
297705
298003
301677
304142
305744
306432
309589
309937
310119
310985
313514
317462
317714
320789
326835
328435
328534
330322
335140
338850
339653
339938
345969
348914
349530
349802
351030
358852
362914
374860
374988
375097
375246
376607
378417
379034
379784
380328
380808
385286
388118
393527
395343
395816
399399
401475
401647
403508
403908
405371
406036
407452
407634
407648
408946
410863
412815
415558
420042
420377
421540
425120
425259
426057
426738
431807
431816
435588
436705
437674
438787
445217
445436
446298
448291
450246
452302
452333
460958
462819
463472
464944
466614
470027
471156
472123
472921
476728
478217
478650
491200
492005
493517
494264
494373
495444
498335
500368
501003
506087
509307
511279
512362
515281
516813
519189
519961
521734
521872
523286
523457
523668
525137
526625
528532
534129
536365
537414
539739
540816
544689
545768
547021
550602
554336
557508
560552
560640
561937
562432
562793
566681
567201
567768
568336
570816
572909
575025
575118
575735
575856
576648
577250
578231
578380
578999
579250
579528
579570
579640
579804
579949
580593
582182
582278
582482
582484
582926
583190
585326
585417
585760
586036
586606
586717
587794
588054
594884
595017
595455
596722
598587
599709
600035
604154
605143
606647
606760
607022
609559
611030
612436
616701
617158
617471
618237
618392
618617
619731
621079
624345
625694
625929
626258
626766
626885
628184
633128
634928
638875
639966
641008
643631
646632
650158
650636
653159
653426
657223
657830
659283
659982
661724
661781
662063
662300
662435
664451
667109
670336
674224
675706
676084
681729
681853
682925
683014
683330
685328
685519
685579
688069
692424
692903
693180
695557
707669
707861
710035
710593
710676
711308
712270
712508
712624
712682
714286
714344
714844
717621
719934
722846
722966
723688
724655
727787
727836
728736
730227
730980
731175
731236
731399
732173
733852
736873
736890
737139
737609
738811
739903
741972
743416
743937
746466
749218
749943
751669
752579
754961
756303
757099
759070
759480
762578
762723
766395
766654
767149
767645
768228
768518
770799
770937
772894
774104
775649
777284
778271
781036
783340
783656
784094
784212
786323
787743
788010
788193
788464
788768
789113
790303
791255
792328
793425
794296
795161
796750
797301
798604
800193
802502
802851
802968
806165
806782
810353
811185
811250
813511
815920
817726
817762
817812
818053
820115
820808
821820
822086
830784
831241
832627
832684
832809
833005
833922
834202
836411
837414
838746
838812
842179
848709
849236
849996
851331
851342
851751
851952
852966
854470
855835
856184
856913
857022
858044
860887
861246
861469
862869
863411
868877
868900
869561
870463
871607
873499
874465
874964
879885
883975
884555
884561
886512
886683
890343
890556
891294
893889
893894
894053
894215
895207
897086
897600
899152
899935
899939
901679
902997
903434
903930
905079
905477
905727
908472
908509
908937
909214
914472
914508
914590
915022
915571
916088
916213
916399
916655
916706
916713
916767
916792
917676
917970
918102
918189
918295
918485
919169
919593
919862
920078
920363
922272
923050
923198
923930
926733
927170
928246
928393
929325
930027
930540
931274
931425
931946
932847
936327
936588
936752
936815
937335
937932
938512
939218
940728
941337
942417
943766
944540
944747
944965
946026
946182
946346
947621
948622
949239
949642
950158
952013
952292
952341
954207
955908
955917
956221
956406
956827
956911
958406
960200
960292
960986
961946
962046
962832
963239
963532
963975
964068
964529
966533
970695
971805
972735
973766
975947
976369
976785
979058
979894
980393
980594
981195
981536
981741
983756
984071
984242
988338
989834
992551
993854
995048
997406
998006
999645
1001564
1002612
1002721
1003091
1003553
1003809
1004287
1005406
1009205
1009352
1009547
1013297
1016357
1017579
1018199
1018623
1019018
1019327
1019518
1019796
1020259
1020342
1020575
1021161
1021533
1022135
1022164
1023345
1024415
1025142
1025618
1025640
1025748
1025839
1027379
1028231
1028273
1029179
1029745
1032966
1033525
1035949
1037629
1037683
1038099
1038312
1038415
1038456
1041107
1043222
1044277
1045179
1046439
1048421
1048786
1049286
1051874
1053007
1053546
1056535
1056879
1057388
1057691
1058964
1059251
1060082
1060370
1060375
1062068
1062432
1063563
1064005
1064577
1064822
1064853
1065865
1065887
1067970
1068651
1068859
1070938
1071240
1071890
1072486
1072513
1072546
1072552
1075138
1076915
1078001
1079210
1079939
1079991
1081207
1081890
1082026
1082312
1082917
1084337
1087753
1088761
1089024
1089044
1089385
1089397
1091000
1091231
1091423
1091863
1092165
1092432
1092985
1094493
1095052
1096208
1097525
1098168
1098355
1099167
1099582
1099834
1104860
1105054
1105872
1107651
1108693
1108715
1108747
1109001
1109360
1110879
1110967
1111391
1111968
1112173
1113349
1113488
1113794
1114376
1114692
1114694
1116104
1116133
1116629
1116962
1116976
1117238
1117615
1119459
1120455
1120736
1120971
1124771
1124923
1125255
1126047
1126316
1126402
1127714
1128412
1131806
1132168
1132256
1132753
1133035
1134735
1134810
1136145
1136485
1136792
1137035
1138403
1138489
1138870
1139544
1141835
1141869
1143219
1143376
1144379
1145034
1145388
1145412
1146275
1147059
1147303
1149275
1149371
1150134
1152359
1152603
1152703
1152931
1153163
1153984
1155489
1158442
1159548
1160127
1160500
1162880
1163029
1163251
1165266
1166874
1166919
1168176
1168759
1173493
1174261
1175929
1176283
1176504
1176771
1176794
1176807
1177034
1177223
1177260
1177633
1177688
1177742
1178096
1179680
1180811
1180973
1181711
1183843
1185177
1185918
1186725
1186766
1188230
1188853
1191049
1191247
1192300
1192743
1192998
1193518
1194055
1194600
1194715
1194809
1194993
1195218
1195343
1196028
1196926
1197781
1198142
1198418
1198427
1198531
1198722
1198972
1200462
1200679
1201122
1201668
1203871
1207003
1209375
1209698
1210233
1210241
1211140
1211230
1211733
1212617
1213379
1214384
1214732
1217126
1218066
1218245
1219092
1219441
1220336
1220839
1221044
1221227
1221424
1221575
1221629
1222903
1223707
1223995
1224616
1225167
1226287
1226300
1226350
1227340
1229941
1230116
1230260
1231045
1234270
1234292
1234310
1234555
1235300
1235758
1236401
1236733
1237530
1237573
1237888
1239121
1240260
1240443
1241647
1242486
1242518
1243103
1243232
1243440
1243480
1243758
1244018
1244088
1245012
1245313
1245714
1246198
1246967
1247786
1248246
1248387
1248740
1249549
1249746
1249750
1250087
1250822
1250981
1251314
1251409
1251840
1252508
1254402
1254936
1256479
1256569
1256770
1256834
1257229
1258228
1258497
1258521
1259185
1259549
1260469
1260932
1261549
1261621
1261886
1262436
1262451
1262518
1262855
1264053
1264609
1265237
1265811
1266911
1267555
1267827
1267845
1267962
1267973
1268153
1268331
1268432
1268514
1268560
1268626
1268729
1268781
1268986
1268992
1269641
1439
5188
9379
10701
12844
14841
14951
19160
23217
24381
25143
25813
29106
29695
37121
41428
41860
42848
45087
45105
49309
49518
49582
50681
51323
51354
51590
51655
53851
55263
55304
57671
63525
65347
71051
72132
77184
78739
79716
79979
82724
83434
83895
86745
87242
90641
95367
97643
105576
107551
108275
113949
114191
114215
114911
117251
118765
119425
122900
123098
123178
123719
123903
124761
127283
127722
128017
128428
130965
133683
134236
134343
135227
135847
136143
137066
137756
142030
144219
145143
148006
151066
155559
155834
158492
158809
161674
163759
168757
169882
172384
172929
177490
178902
179896
180082
183967
187281
189013
192386
192691
192746
195172
197004
197381
198425
199800
200473
206086
206793
206890
207028
207217
208419
208443
209307
209368
209509
211660
214001
217277
220786
222791
226399
227597
229852
231027
231407
239352
243311
245184
247521
255159
262358
263020
263865
271497
272957
274991
275696
282828
284219
285490
285685
286297
287329
288990
289034
289269
291354
291977
292449
293315
293648
296713
298893
300695
300784
300861
303346
303805
307768
308582
309662
309995
313564
313954
315029
316746
317539
321042
324813
325036
325253
327298
327753
331839
333622
336346
337726
338119
345161
345325
345516
345762
346234
346823
350764
352226
355798
357536
357655
361164
363391
364669
365570
367184
369642
369841
370128
380070
380358
380681
381427
383254
384634
385071
385634
387633
390707
391126
391153
391892
392528
399024
400556
406259
406376
406508
409037
409892
411641
412068
412780
413733
414985
416856
416886
419443
420018
420251
421823
423570
426109
428451
430027
433203
434144
434264
434777
436276
438015
440360
440624
441135
447261
449767
453051
453874
455740
458900
459139
460395
461693
463777
464287
472214
473152
473993
474775
475776
476072
480315
480378
481510
483727
491040
494242
496625
497306
501838
502093
505087
505976
507822
510151
510560
511367
511896
512337
513714
516637
528399
529397
530823
531909
532935
534067
534902
538760
541828
542177
548709
549951
554245
556652
557916
559742
561150
562314
562335
562681
564851
567055
571894
575651
576472
576924
577300
577404
578209
578827
578957
582197
583808
584290
589754
596211
598985
599139
599318
602195
605476
610599
612545
613257
614354
615435
616056
616102
616105
616393
616915
617009
617487
622935
623384
624489
625491
626089
626373
628175
630332
630428
635769
643171
643597
644046
645152
646792
646794
646990
648546
649548
650440
652972
659098
659309
660469
664624
664844
665161
665285
667361
669383
670945
671672
672369
674032
675962
679979
681172
682236
683628
684011
684657
690615
691656
694318
695792
696384
697282
697368
698601
698672
699861
700857
702746
705314
706538
708655
708719
710002
713265
714334
714845
715062
715552
718311
718909
718984
719485
722298
728346
728708
730322
730694
731826
733393
734395
737761
737899
744352
745147
749484
750133
756387
760555
761828
762265
762579
765970
766091
767015
767339
767387
768313
768572
776479
776492
776756
777151
778502
779060
780265
782927
783661
783747
784244
785685
786366
787584
789021
790468
792659
793582
796188
797470
801413
802235
807834
807926
809722
810278
812798
813291
817756
821079
828093
828725
830834
831473
831843
833419
834010
834928
837868
838319
843532
849322
850739
856715
857308
857638
858130
858607
861034
862840
865992
866348
866722
867954
871167
875011
875573
877578
877847
879129
879461
880537
881353
883635
887604
888235
889835
890899
892547
893355
893525
894458
894869
896599
898868
903469
903539
904130
905056
906314
906407
906802
908988
910012
910921
911078
913044
913246
913489
913538
915269
915939
917240
918745
919318
919558
924771
928022
929052
929932
932934
934756
935676
940465
941506
942826
943199
944071
950265
954540
955313
955955
958284
958616
962399
962505
962801
962866
963059
964780
965051
967146
967734
970569
970942
970983
971942
972669
977569
979010
979035
981734
983518
986424
987216
989317
990845
992107
1002016
1002142
1002471
1002771
1003104
1003366
1008594
1009155
1010449
1011259
1018153
1018897
1019283
1022290
1023298
1024284
1025164
1028046
1031054
1033084
1037089
1037718
1039182
1039660
1043105
1044877
1047351
1047908
1048598
1049633
1053953
1055259
1055425
1059294
1059451
1060747
1062516
1062602
1064665
1067103
1073784
1074273
1076551
1078150
1082773
1082913
1083639
1084234
1085640
1085684
1088134
1088558
1089927
1092576
1098166
1100511
1101958
1104689
1105295
1107256
1109754
1109861
1110821
1111512
1113028
1116229
1116282
1116534
1118817
1119821
1120052
1120697
1120820
1122164
1123734
1128920
1129951
1131917
1136351
1136718
1137095
1143371
1144562
1144731
1144744
1146496
1147868
1150549
1153696
1155998
1156040
1156191
1157159
1158109
1160110
1163022
1169644
1172337
1172524
1177622
1177853
1177955
1178976
1180587
1181307
1181619
1183199
1183274
1183309
1183836
1184697
1185021
1186228
1187213
1187299
1188182
1191912
1193271
1194215
1194452
1197150
1197570
1199641
1199977
1201074
1201502
1203793
1203805
1209282
1209704
1210072
1211274
1214279
1215338
1218251
1219141
1220570
1221779
1224172
1225112
1225351
1226772
1227111
1228388
1229274
1230076
1232116
1233120
1233840
1234161
1236070
1236617
1236769
1237320
1238148
1238221
1241057
1241243
1243173
1245448
1247606
1248643
1248872
1249017
1249316
1249575
1250096
1250402
1250692
1250900
1251443
1251529
1251743
1251842
1254883
1256636
1258128
1261504
1261599
1261667
1261679
1261722
1261860
1261987
1262098
1262395
1262604
1262673
1263225
1263661
1263880
1264001
1264095
1264267
1264291
1264396
1264419
1264627
1264647
1264668
1264688
1264700
1264736
1264908
1264919
1265368
1265369
1265427
1265701
1265820
1265988
1265992
1266012
1266191
1266368
1266439
1266525
1266601
1266872
1266897
1267048
1267145
17074
20727
30201
35154
41227
44730
54276
62589
71026
71512
77074
82636
97785
110678
128163
145940
147380
160511
168711
183406
194435
194788
205947
207014
208047
218882
222505
253154
259573
265892
266547
275477
275903
298383
300639
300870
300932
331265
333252
340426
343144
346145
347534
348497
353155
358549
359929
387097
394742
412022
440867
450247
471305
476266
481147
489224
492010
502643
503807
506320
508525
512207
514574
522639
522748
525081
526283
538370
549218
575156
582767
593465
596517
611500
615736
627433
633394
637420
663678
671043
679244
681679
697866
699217
699269
699998
714017
714159
714576
717310
727328
731707
749927
772131
772387
774603
801146
805473
806282
807638
816744
819523
827020
832183
836700
839038
842455
847176
857060
864108
864696
865819
867815
868167
875577
882051
891358
898110
900087
901408
905799
906277
913192
914000
917864
925869
932441
940443
952459
961365
963379
964311
970048
973386
975910
976272
978330
980806
982631
983513
984776
988267
991679
994519
999056
999277
1004535
1010619
1010755
1011624
1020214
1020634
1023856
1029278
1029853
1035056
1038020
1038188
1038987
1042594
1051889
1054466
1056483
1059341
1064427
1068782
1070358
1072961
1074197
1078327
1080692
1084369
1086795
1086855
1088985
1091304
1094947
1097886
1097911
1098449
1098919
1101415
1102699
1103502
1104864
1105178
1106298
1109097
1109250
1109774
1110544
1110703
1112388
1114903
1115726
1116565
1118329
1119081
1121689
1121760
1123005
1126013
1126366
1126563
1127450
1130119
1130657
1132731
1135924
1138634
1138695
1144484
1144524
1144794
1149461
1150166
1150605
1151298
1151362
1152189
1159072
1160028
1160174
1161057
1161137
1164696
1164886
1168365
1168429
1169035
1169107
1170133
1172691
1173241
1174356
1175310
1175503
1176625
1176997
1178496
1178915
1179503
1180757
1181169
1183945
1185346
1187298
1188124
1189462
1189591
1190835
1193123
1196369
1197689
1201770
1205211
1208364
1209416
1210510
1210785
1211918
1213130
1213248
1213906
1214479
1217584
1218004
1218399
1218991
1220165
1224102
1225485
1228122
1231325
1234740
1237215
1238128
1239256
1240262
1240385
1242544
1242716
1243368
1244194
1245292
1245293
1245616
1246687
1246793
1246942
1247453
1247642
1248554
1250738
1251162
1251248
1251445
1251564
1251900
1252240
1252698
1252842
1254149
1254587
1254735
1256300
1257196
1257205
1257932
1259387
1259388
1259431
1260587
1261131
1261209
1261401
1261431
1261471
1261510
1261611
1261647
1261713
1262227
1262605
1262648
1262701
1262714
1262756
1262861
1263124
1263182
1263222
1263308
1263391
1263680
1263716
1263741
1264009
1264096
1264228
1954
7615
42097
55208
89438
93006
115914
130310
135707
136363
155830
183138
205186
238149
250009
251678
270182
292112
294599
323700
327956
340627
352799
354057
359760
369731
393154
426613
431448
456548
491969
507068
507969
513189
515883
521895
536117
537683
538344
588977
593568
599771
604984
608341
623155
639885
671512
695184
701063
713358
735659
770941
790479
806105
806840
831148
848912
865584
877240
884541
888726
910473
915768
949019
949502
953493
959999
978571
981656
983414
985565
990914
999015
1017162
1017188
1024860
1033145
1040079
1064286
1065941
1065953
1072883
1073231
1119222
1143867
1146664
1147510
1169221
1173208
1175507
1176327
1176342
1176543
1179331
1179947
1186195
1186928
1190192
1192550
1195789
1203266
1204396
1204408
1211326
1214446
1214685
1214869
1215287
1216529
1221485
1224718
1229701
1231188
1235201
1236040
1237818
1238879
1239927
1242063
1242568
1243244
1243596
1243756
1244337
1246531
1247512
1248083
1248134
1248484
1249482
1249583
1250381
1252036
1254641
1256292
1256447
1256705
1257517
1258030
1258082
1258096
1258131
1258343
1258394
1258397
1258580
1258676
1258691
1258971
1259025
1259342
1259360
1259570
1259971
1260090
1260097
1260182
1260266
1260598
30271
36328
57338
70588
81184
87344
91639
99351
120278
134410
135303
139579
151606
161484
174332
208601
219890
226737
234364
245804
257352
275473
281437
292413
301646
311062
321549
336111
343565
363253
363338
365042
379101
386396
389411
397853
417738
451273
505755
543189
555258
562485
563993
564756
576022
584407
590253
590935
600733
629368
653226
657741
661628
671382
673462
695575
708329
715688
726128
761359
771242
783032
808805
813303
826454
858927
873098
879679
891703
893741
907457
923718
923929
930355
933917
937281
954962
966217
966569
970557
981527
989208
990530
1017221
1033584
1035115
1040012
1040627
1047119
1056253
1062980
1066433
1072509
1076527
1081303
1086466
1091571
1110861
1114018
1116085
1118013
1118824
1123151
1124986
1126603
1129709
1136576
1138517
1139869
1140178
1140957
1143115
1144660
1148575
1154956
1156697
1158148
1158762
1162137
1163669
1170055
1180848
1181390
1183070
1189739
1191552
1195312
1195429
1200949
1205874
1206490
1208251
1212077
1218010
1220476
1221785
1224848
1228243
1229551
1229775
1229923
1230262
1231243
1231532
1232431
1232479
1233209
1233703
1235394
1237804
1238041
1239202
1240103
1240261
1240608
1240665
1241153
1241267
1241475
1241938
1242354
1243072
1245747
1245957
1246069
1246094
1246470
1247469
1251482
1251517
1252009
1252456
1252646
1252801
1252858
1253355
1253467
1253971
1254203
1254560
1254624
1254638
1254691
1254794
1254967
1255114
1255255
1255402
1255923
1256072
1256156
1256166
1256302
1256331
1256566
1256572
1256612
1256615
1256689
1257028
1257350
1257376
1257411
16892
21151
24534
27284
36029
41590
46688
91167
113080
127491
134152
158410
160291
167201
182893
193497
200348
207213
209158
217457
224167
264999
265960
268610
276720
285726
292182
311897
313607
334182
345833
348247
359157
362415
371820
373250
439253
473040
473799
477924
485034
492468
492587
517098
525337
527251
527959
543333
546923
547027
553856
554494
559619
592249
617412
645995
658887
659704
724965
731102
752660
756810
767084
771926
790449
823208
831434
832611
834897
835685
835758
843528
852847
862033
871003
875471
892942
916459
930987
933281
944200
944508
979210
992321
1001060
1004148
1037804
1043534
1061692
1065115
1070506
1102063
1118165
1119950
1122887
1124866
1125098
1137152
1139243
1140647
1141901
1157326
1160141
1172766
1176536
1177372
1186151
1189506
1191426
1197424
1200333
1203288
1205350
1211650
1214203
1214664
1214910
1219766
1219838
1220131
1222669
1230151
1231981
1232667
1234050
1234708
1235999
1236604
1236775
1237332
1238026
1239547
1239883
1240190
1240630
1241235
1241489
1241753
1241842
1243175
1243229
1243375
1244181
1245099
1245151
1246021
1248074
1248313
1248350
1248380
1248395
1248706
1249245
1250246
1250364
1250986
1251401
1251498
1251618
1251694
1251709
1251848
1252128
1252488
1252558
1252850
1253201
1253264
1253764
1253814
1254067
1254168
20137
40613
57361
67656
70788
85327
87538
140395
142538
145713
145770
150805
156257
198596
247423
250669
254238
310030
317728
331623
332766
346498
381565
383781
436867
437908
441985
509642
523766
596013
615801
628561
649510
659172
659285
660923
679803
707683
732992
820672
841068
848105
848991
865256
880154
883434
885752
900347
900985
904404
919644
956587
970929
974698
977426
998966
1012192
1014243
1018877
1027186
1051638
1056718
1059463
1070380
1075195
1089330
1103907
1106289
1116178
1119102
1120877
1122651
1137479
1146353
1153257
1160266
1169322
1169763
1170090
1172455
1175339
1175520
1187234
1188016
1188667
1191845
1193504
1193945
1199369
1200142
1207394
1211954
1212740
1213708
1213914
1219196
1220429
1220451
1225173
1232049
1234920
1235056
1235080
1237272
1237606
1238830
1238859
1238970
1239328
1239835
1241966
1244357
1248277
1248574
1248959
1248967
1249176
1249317
1249393
1249636
1249771
1250235
1250270
1250516
1250649
1250689
1250748
30328
57697
95091
118427
120516
134020
135655
165883
180841
191338
207941
213685
216141
293708
312785
323284
325706
330305
335466
360764
429542
437848
450039
504768
507585
524971
530022
553669
570949
577668
606989
613852
641132
643417
646976
674320
712798
716591
739844
740573
744205
744269
769619
792498
802276
839339
841387
849928
856735
860781
867813
869568
892035
908797
911836
925806
934397
937378
940286
967108
972742
981401
989273
995654
1001297
1016452
1022779
1033750
1044921
1046640
1052127
1054240
1060145
1078162
1078940
1092748
1102352
1106411
1131414
1131955
1134350
1137886
1151460
1152525
1163352
1164905
1169968
1171101
1171692
1175330
1176378
1180054
1182008
1186396
1189217
1189559
1189840
1191814
1192190
1198490
1199308
1201129
1213863
1214037
1217056
1217631
1219486
1219915
1221498
1223972
1225034
1226082
1226208
1226223
1226257
1228811
1229707
1230044
1231319
1232478
1233856
1236716
1237799
1239813
1242677
1243336
1243572
1244325
1244837
1245348
1245774
1246775
1246893
1246924
1246950
1247004
1247054
1247112
1247261
1247332
1247400
1247560
1247737
1247891
1247953
1248745
17902
35715
46827
53818
58160
99363
171096
176742
178444
181697
225133
252426
252551
264148
276357
278914
303709
311542
314853
319672
320044
348479
360010
364422
386426
390892
397542
408136
419515
441400
455313
477831
502388
517444
518567
519694
555933
590709
608724
619645
643549
648611
668945
671411
671632
674743
703815
705724
709335
711515
714782
719914
724677
729270
753670
781377
784744
806935
809799
810669
824441
836766
857583
864169
864501
875179
879681
880461
884556
904031
905771
912651
959896
971294
972280
977921
995497
1009418
1017185
1022665
1036513
1053883
1075610
1130324
1131485
1137117
1141035
1145367
1149225
1152876
1153207
1160536
1165930
1167608
1171469
1176789
1178876
1183181
1184766
1187348
1188493
1189913
1191558
1195539
1200214
1204275
1206263
1210399
1210436
1217115
1219436
1221921
1226562
1228205
1229146
1229968
1230860
1233481
1235348
1237485
1237813
1240113
1241907
1242100
1242282
1242335
1242410
1242476
1243159
1243374
1243595
1243794
1243811
1243869
1243923
1244554
1244616
1244637
1244651
1244725
1245106
1245174
1245445
1245472
1245509
1245715
1245789
1245944
1245951
1246047
1246163
38910
41352
78585
82625
84717
98312
191554
249592
254010
254084
258170
262438
281806
285066
293971
295670
302658
322192
323421
337676
338992
343954
347364
351443
355879
363524
385932
395797
396492
424147
479663
503180
507621
509099
520190
530656
538450
544828
583208
616396
633270
670570
681546
695787
715165
725306
725569
733700
735654
745687
758540
790591
803482
831541
842066
842355
846612
854279
856430
863697
882194
905163
908565
930021
938875
941869
944125
951574
963256
972225
974764
976558
977257
982657
985482
989121
989170
993650
1002043
1002091
1003058
1010823
1012436
1022136
1030187
1037723
1045391
1045508
1046569
1050111
1051730
1053661
1053680
1053717
1054409
1055420
1073619
1076176
1080801
1086030
1087340
1089196
1095474
1098403
1099363
1103820
1113997
1115193
1122823
1126029
1140100
1142148
1142666
1146613
1152573
1154219
1161631
1165101
1167609
1168329
1172015
1175115
1175208
1179950
1181085
1182980
1185610
1186314
1186343
1186502
1188105
1188490
1190945
1194315
1197422
1202366
1203916
1206432
1206904
1207358
1208399
1210556
1215288
1219771
1219806
1221356
1222838
1223630
1224569
1224987
1225323
1226255
1226646
1227736
1228361
1229724
1231097
1231907
1233392
1237232
1237924
1238022
1238712
1239570
1239701
1240003
1240005
1240282
1240438
1240771
1240773
1240820
1240843
1241020
1241049
1241141
1241253
1241265
1241366
1241429
1241538
1241735
1242066
1242255
1242327
1242543
1242707
10742
63192
164021
175737
200396
233492
244201
295331
300024
337443
379732
411154
429180
440607
452097
454393
456975
469338
496587
506583
573188
577386
605297
632286
636750
643916
675456
688584
742903
774306
797824
839342
865323
879790
887584
890458
897336
941925
949462
950583
962458
990788
991468
998551
999974
1049604
1053380
1072560
1074246
1075826
1081429
1122952
1174452
1181873
1187777
1191984
1193238
1193884
1207153
1218557
1224691
1234111
1238339
1239759
1240022
1243143
1246529
1249968
1256518
1257005
1257694
1259248
1261695
1265018
1267004
1268291
1268651
1268836
1272243
1273100
1273183
1273330
1274301
8202
111023
113580
125753
127238
127699
158650
162035
168519
180462
187617
193282
195045
217715
223158
232935
276247
278759
280527
282995
286702
334630
335525
338984
362507
369010
389293
420644
427884
466546
468278
469651
496914
532217
549395
571989
575478
577145
599717
623306
623338
660645
671999
700252
722783
725300
736259
740145
743632
745364
759266
779337
797877
810923
814300
814310
824768
844140
882659
887517
897151
900675
901682
925423
932731
934816
935362
980174
987796
995407
999375
999622
999668
1001249
1006428
1006649
1016495
1032629
1033718
1035239
1038310
1045015
1047675
1048410
1049828
1050100
1052200
1054949
1056458
1059249
1062030
1066141
1068708
1069356
1073955
1075754
1082918
1087569
1089462
1089638
1089829
1092699
1099803
1107509
1108192
1108498
1108712
1110355
1121420
1121868
1122689
1126487
1134752
1135007
1135962
1137254
1143633
1149514
1154102
1164909
1166112
1174633
1177900
1179117
1188467
1189703
1193681
1194722
1196374
1215029
1215228
1215507
1215698
1221920
1222260
1229977
1230004
1243053
1249537
1251992
1253164
1253773
1257414
1258221
1258279
1258282
1262780
1264241
1264476
1268914
1271248
3500
3512
19633
26985
37396
42304
43278
49236
51304
53303
54297
58429
59247
69503
73780
75190
75939
78010
80362
86653
91542
93839
94313
94510
96864
98165
98297
99419
101116
107898
108265
110462
112721
114761
114990
116390
119058
122332
124809
125558
125860
130660
133549
135149
136889
140038
140508
141034
141685
142123
142566
142911
143762
146218
146378
147067
147132
150623
152213
156207
157374
161088
161957
169027
170392
170559
171118
174909
175366
176732
177720
178940
179965
181811
182362
185977
186962
187829
188524
192073
195015
195420
197883
204868
207603
207795
209946
210122
218896
219807
221260
221456
225559
226236
228249
228511
233245
233300
233833
234236
240014
240856
242031
244262
244782
248159
249881
254477
254641
255848
257224
257714
259397
260057
274007
274760
276324
276837
279619
280731
283451
288302
289369
291425
294968
295553
296407
302221
302518
302871
303265
304398
309132
310104
312686
315752
316261
317619
323542
324714
324985
325567
325632
330804
336657
337579
338470
338879
346687
353769
354105
354207
355120
355802
358080
361151
362645
370650
370706
376048
376709
377696
377754
379071
379259
380572
380998
382964
383605
386427
386524
393151
395162
397282
397638
399635
403228
405154
408096
408303
408413
409174
418103
419076
426716
426823
426992
427705
428901
431925
432945
440472
445698
447757
450048
453214
458587
459427
461300
467091
467365
470914
473116
474028
478568
480452
481482
482231
483968
484123
485456
488212
489245
490324
495423
502336
503703
504090
504101
512828
512845
513626
516112
518660
523551
532220
532755
539891
545886
546213
548165
549324
551066
551578
551828
552276
554717
556530
563200
565137
571748
572074
572763
576849
578369
578874
580603
582557
585002
586540
587201
587973
594309
594983
599917
605113
606349
611048
613393
614854
615117
616725
619639
619995
623611
626325
626378
632212
632566
634495
636056
638402
638663
640976
643158
643534
644186
653101
653217
653799
653903
654631
655891
656809
656907
659938
660608
661502
662526
663714
664215
665168
665739
668484
668949
670777
673610
673714
676236
677867
678116
679228
680545
680736
685575
691069
691158
694869
696246
699828
702243
707055
708074
708810
709047
709831
709970
713442
714960
716332
719037
720208
721761
726517
727257
728074
732619
733495
734500
740004
741519
742495
743509
745072
747085
749134
751397
751587
751910
753063
754375
755139
756731
765570
766136
768104
769300
770214
774213
774678
776514
780805
786290
786567
786856
787576
789646
790842
792850
793418
793667
793903
797036
797334
798356
800810
802380
803212
806946
807700
808257
808797
808951
809472
809494
809542
810791
812534
815039
815957
816222
818931
819214
822453
824681
828545
830727
831310
832678
832975
833319
833958
835541
839538
842288
843103
843688
846724
847127
847577
848173
849225
850421
850924
851580
853128
853348
854240
855800
856805
858554
860859
862913
863055
866372
867469
869317
871533
876923
877222
877512
884596
887839
889409
891915
892620
893612
895162
895607
896949
898651
898722
900441
900501
901416
901642
902157
903669
903776
905205
905235
908835
909398
909714
910122
910791
912355
912493
913423
917612
919303
920453
920971
922764
923150
923560
924207
924872
925306
926507
931671
938445
938614
939220
941620
943042
944070
944554
945563
945599
945976
946822
947437
947909
948725
953186
953844
953960
954325
955799
957604
960343
960982
963076
963835
968632
968868
970040
971032
971127
971952
971992
972137
972791
973585
977983
978150
978199
979950
980827
981519
981654
981922
982298
987836
989247
990373
991643
991858
992993
993259
993336
997229
998245
1000303
1002339
1002404
1004558
1006076
1007635
1010563
1011576
1014649
1014728
1017213
1017389
1017657
1018430
1019531
1020459
1021797
1022303
1025606
1025849
1026056
1028711
1029166
1029340
1031609
1031738
1032898
1035618
1036071
1037560
1037569
1038031
1038130
1038570
1040004
1040164
1040290
1041372
1041628
1044469
1044588
1044937
1045499
1046051
1048461
1049366
1049661
1049844
1050038
1050313
1051138
1051308
1051853
1051984
1052519
1053029
1053698
1054723
1055078
1055199
1056630
1057848
1059738
1061594
1062829
1063643
1063870
1065196
1068448
1075327
1075356
1075470
1075955
1079472
1079581
1080893
1084506
1086997
1089298
1089670
1091306
1093205
1094770
1095655
1096555
1096737
1097034
1098284
1099153
1099159
1099435
1100432
1101363
1102058
1102168
1103068
1105548
1106719
1108898
1108927
1109049
1110269
1111222
1111397
1111990
1112033
1112583
1113274
1114656
1114779
1115249
1116022
1116503
1117054
1120302
1120661
1121322
1121431
1122229
1122303
1122987
1124102
1124834
1125241
1125707
1127763
1128020
1130168
1130320
1132262
1133152
1133403
1134536
1139264
1139332
1139510
1140495
1141968
1142340
1143939
1144419
1144523
1146228
1146878
1147373
1147420
1149924
1150600
1151192
1151716
1151997
1152138
1154854
1156041
1156581
1159457
1161061
1161327
1164123
1164354
1165351
1167186
1167844
1169189
1171509
1172713
1173221
1173529
1174253
1175420
1175987
1176176
1176931
1177440
1177470
1177474
1177628
1177725
1178243
1180172
1182172
1182800
1182912
1183142
1183355
1183533
1183797
1183888
1184767
1185050
1185937
1186795
1187787
1189677
1190931
1192064
1192816
1192979
1193021
1193177
1195940
1198308
1198540
1198902
1200578
1200829
1202591
1202623
1202647
1203379
1203482
1207021
1209653
1210218
1210303
1213580
1213613
1213723
1213935
1214652
1214883
1215992
1216709
1216969
1217311
1217709
1217811
1218582
1219906
1221826
1221999
1223393
1223441
1223608
1224706
1224851
1226620
1228369
1228677
1229958
1231168
1231218
1232492
1240502
1240647
1241902
1242003
1242248
1242273
1242890
1243011
1243149
1245236
1245650
1245688
1247317
1248251
1248634
1249752
1250028
1250114
1250151
1250639
1251371
1251485
1251910
1252634
1255233
1258029
1258707
1259052
1261725
1262159
1263449
1263709
1264853
1267049
1268553
4276
5154
5711
10352
12470
13858
20046
24811
28743
37865
40124
41181
45875
48981
49157
51200
54734
55013
58466
61792
71090
71937
73490
78507
78563
79698
79765
80646
80887
82788
83312
86960
95799
98155
98207
103002
107853
110537
111804
116371
117125
118299
118977
119588
120139
122833
129779
130923
132930
135334
136163
137759
139110
140655
143487
144642
145147
146095
147365
147771
148556
149052
150721
153834
156093
159746
159857
160836
160887
161883
161930
162492
162541
163262
165007
168400
168782
169842
170348
170355
170551
170950
172949
173382
174191
176037
176305
176406
179019
179357
182562
182697
182973
183291
183679
184220
184626
185924
185994
186485
187979
190298
191279
194115
194273
194540
195303
195745
200003
202408
202754
203737
205374
207352
211191
211636
212199
215108
217168
221204
222127
223737
225527
225714
229069
231379
233374
233733
236641
237169
239335
239625
240997
241201
243260
244994
247251
248098
250237
252997
255489
255645
259622
271142
275317
276229
279454
282678
286298
289645
290755
293453
295436
298908
299481
305233
305525
307543
308546
308697
310495
310735
313183
314173
315059
319309
319820
321793
324340
324519
324990
325098
325559
326620
326912
329343
330641
332521
338568
342742
344871
348146
349607
350063
352316
353576
355549
357495
359780
359841
362558
369033
372195
372712
374219
375876
376793
380458
384965
393423
394367
402273
402315
403943
405029
407553
407791
409133
412810
412842
415171
417034
418436
419227
419436
423528
426364
427828
430232
432746
433802
434650
440235
445279
446211
448718
449688
451879
455270
458744
459443
462700
464078
480645
481158
481607
481922
482145
483539
485816
485839
486466
487430
489185
491248
495458
497801
498390
499520
502650
505732
506136
506275
506990
508845
513217
513413
517926
519172
520703
521203
521565
521662
524483
526647
530072
541497
543984
544283
553787
558786
559034
560802
564631
565160
568250
568957
571913
577556
578325
579176
580464
581511
582798
585921
591999
597039
598683
604865
606366
606412
611651
612417
612816
614333
614723
616717
622231
622299
624334
624568
624795
625374
626782
627918
628028
629614
630165
636370
636607
638337
639544
641930
648402
651943
652012
653082
653146
654808
656302
658592
659342
660276
661929
662347
665884
667673
668030
668061
669606
671355
671372
673029
674405
674921
674926
677453
677957
678206
679129
679947
683710
684409
687272
687291
690500
691036
692178
692443
693087
707137
707385
708029
710596
711236
716791
717753
717774
722312
727939
729608
731719
733356
733879
733950
742117
743915
749703
752813
756245
761428
762352
762393
762814
763051
766632
767159
768666
770151
770194
770502
773188
775051
775920
778649
781471
784005
787782
789782
790040
790301
791685
794730
797378
798308
800241
801361
807801
813774
818906
824492
829361
835897
837064
838720
838967
840710
844815
846298
846958
851315
852117
853662
855737
856847
864745
865545
866808
867344
869975
871561
874007
880683
882657
884579
885865
888792
888840
890676
891243
891739
891893
893075
894966
898470
900141
902364
902887
903724
907714
909233
910183
910811
911994
914021
914236
917546
917696
919520
920193
920734
921619
921649
930546
931061
933438
936834
937595
941182
943014
944259
945866
949476
950217
950572
950852
952948
953125
956869
957828
959103
960264
968482
968515
968587
970092
973468
976029
983406
985443
989478
993489
995725
996285
997550
1001480
1004500
1005829
1007337
1011233
1014683
1017998
1022591
1026493
1026593
1028147
1028450
1028909
1029005
1032539
1033056
1036647
1038626
1041803
1041985
1042123
1042840
1046108
1046242
1046427
1050614
1051613
1052089
1053447
1057077
1057910
1059399
1060798
1061701
1062039
1062798
1064454
1064788
1065597
1068023
1068882
1068958
1069390
1070680
1072490
1073727
1073949
1078758
1079349
1079908
1082117
1082745
1083144
1086877
1096256
1097958
1099593
1100628
1102793
1104617
1105444
1105756
1106097
1108036
1108484
1109282
1110166
1110454
1110852
1111264
1119591
1119694
1122392
1123022
1124836
1125986
1126897
1128260
1129092
1129582
1131144
1131420
1131840
1131908
1135403
1140384
1141520
1144028
1147660
1153165
1154569
1156118
1156859
1160679
1160962
1162252
1162318
1162401
1162680
1163483
1164467
1164629
1167445
1169767
1171404
1174725
1176993
1177539
1181840
1182424
1183842
1189375
1189974
1190376
1193460
1197554
1199638
1199898
1200845
1202724
1203926
1206041
1206664
1210330
1213118
1214068
1214987
1216038
1223557
1224634
1224874
1225010
1225108
1227279
1228348
1230012
1230058
1230937
1231324
1231346
1237326
1237840
1238014
1238070
1239260
1239951
1241761
1246729
1251114
1251718
1254872
1255095
1255919
1257206
1258512
1259453
1260885
1261001
1261947
1262188
1262491
1264003
1264145
1264509
1265196
1265626
1265722
1265865
1265994
1266051
1266313
1266573
102867
107121
112776
117708
164698
180790
186536
196147
241617
274093
285575
308229
333372
339843
344879
349936
356870
363973
372386
373399
382590
386197
386611
394548
402861
403527
415492
466298
480924
482038
486750
516935
530659
535843
535910
556129
560333
565546
606717
610884
616338
617414
623712
644437
655169
655411
661931
663118
663789
665712
670751
674205
680121
708011
710571
712675
762227
762778
768834
784336
788162
789169
807387
807931
826934
830822
843667
847060
860267
861930
862611
865705
869292
869430
877661
893482
924108
930287
936064
953144
967102
971338
973424
978362
987593
988541
990364
993535
997564
997956
1007748
1009762
1011463
1013766
1018432
1021622
1023169
1023318
1025253
1025447
1034591
1036285
1038129
1039837
1042947
1044273
1045842
1047692
1049370
1049489
1050143
1056307
1056943
1058058
1058398
1061279
1061910
1062199
1063284
1063665
1065098
1065783
1067836
1072731
1076715
1079014
1084368
1086143
1091409
1092047
1103125
1116125
1118625
1129761
1130864
1132789
1135166
1140055
1145810
1150873
1151489
1154174
1154675
1160025
1161660
1161793
1162121
1167432
1168283
1170409
1174368
1175523
1175833
1178042
1178863
1179010
1179129
1180711
1180839
1181963
1181982
1182187
1183334
1187170
1193130
1200170
1200850
1202071
1202349
1204803
1206547
1207635
1212146
1216060
1216207
1219880
1223043
1224268
1228528
1228640
1230088
1237920
1238851
1239488
1241095
1245374
1248329
1248737
1249596
1250918
1253531
1256308
1256326
1259456
1261721
1262075
1262157
1262389
1263796
43357
132734
139578
211715
238652
242975
250557
252899
267560
304200
335440
360319
393581
418158
422852
426966
452796
454558
459726
477169
494384
511633
516295
528233
552517
568810
571211
576757
662046
666046
677656
704487
723144
750060
764672
781286
786796
790146
797406
802746
822639
843066
852151
859051
867717
881203
885805
895305
895333
957719
958215
993343
1004058
1011515
1014674
1018585
1047339
1056210
1062977
1070430
1074590
1075045
1107060
1119346
1124271
1126876
1137097
1154008
1172484
1172535
1175183
1180048
1181690
1185013
1190330
1192415
1196828
1206708
1211056
1211853
1213230
1214225
1215788
1217320
1235304
1236822
1237826
1241050
1243152
1244972
1246672
1246857
1247319
1248701
1249236
1250203
1250681
1252447
1252980
1255318
1257936
1258105
1258484
1259307
1259403
1259684
1260143
876
18610
26101
48321
90914
92937
101600
124429
170821
172628
198966
211090
224449
227946
265236
269520
281416
281981
298911
299921
313700
313736
327838
352821
354742
356673
394310
400885
456163
465885
471997
479763
491407
540623
543256
566990
620313
620681
646669
664665
674510
699357
700469
720225
720648
723345
728293
733453
734767
740215
749256
750613
786267
810206
813055
816324
824381
832561
834844
842963
853083
859306
862125
862652
871046
885490
904036
908289
925987
928780
929653
952815
968237
970049
973208
980756
993687
995272
1004359
1004884
1009800
1011407
1024985
1026039
1032246
1051225
1051232
1052319
1055587
1061660
1079556
1079987
1085881
1096508
1099749
1108688
1109860
1111677
1112446
1122893
1124190
1126135
1130310
1136379
1137321
1144147
1144405
1159339
1159849
1162707
1164036
1165092
1178806
1195741
1196073
1198351
1209304
1211784
1217234
1217647
1228155
1233458
1234316
1237169
1240384
1245781
1250226
1253476
1255023
1255442
1255613
1255756
1257521
24243
62992
77420
91454
97975
100253
108882
134652
167787
169221
171401
279432
297392
311218
316728
363165
391432
393573
435568
454145
456206
496585
502799
517316
540480
584848
601046
686078
698548
700986
737880
756740
773901
792786
794935
798627
798932
819485
837411
841266
848232
860611
920516
930888
940045
952912
973271
975886
988459
999228
1007789
1023490
1042681
1057571
1065960
1074976
1079145
1091267
1099099
1105485
1105720
1111258
1124177
1127641
1135023
1141083
1146751
1161664
1166927
1169956
1179153
1184254
1197245
1204142
1205268
1206716
1222659
1228222
1233000
1235157
1240391
1240505
1248167
1249242
1250912
1251785
1253017
1253935
36513
65950
83291
126830
169099
219531
223759
232407
270344
314322
345998
376427
432637
475525
503408
528847
556032
558129
594065
647743
659991
660809
671119
712126
734330
784206
833168
837070
858126
858576
890851
919895
946096
1009609
1036673
1048129
1058042
1065102
1099767
1130957
1143122
1159645
1164046
1175025
1180966
1189414
1196123
1209447
1213391
1218745
1226344
1228886
1229582
1232442
1239554
1240982
1241231
1242839
1243489
1244654
1245581
1248551
1249582
1249598
1249662
1250341
47722
48294
99750
111113
116280
127666
128261
172805
178373
201598
202246
215414
228394
248674
300325
324492
433815
455976
470669
473250
474306
481663
487363
498405
504539
504552
515106
570971
592759
604666
610839
616526
675723
713441
725107
767938
779212
804524
825829
847232
854382
860675
873777
886014
914372
925486
981776
995641
997499
1003103
1030499
1037849
1047307
1063166
1074151
1082363
1083045
1091205
1091760
1095351
1099853
1103215
1109099
1113321
1159036
1164568
1176716
1178466
1187960
1188438
1192138
1198970
1199102
1200102
1200992
1203537
1207977
1223900
1227073
1227189
1228099
1231397
1235429
1241348
1241943
1242516
1244713
1245087
1245185
1246560
1247189
1247952
1248198
1248204
1248697
20194
36762
38175
40764
71476
81966
122719
133055
140611
179042
220241
230620
250346
261914
267599
275397
278922
300047
302353
313159
316754
319418
320168
335895
343297
370297
376766
406182
411644
425030
454487
499052
519325
577860
588310
592912
597690
605768
654201
669988
684492
720018
726619
727654
739336
765251
782800
789147
794380
809238
817493
833010
840694
841397
864877
871360
908943
919665
927906
942751
957228
971125
988594
1012776
1042868
1047098
1063403
1063902
1065915
1067773
1094226
1094373
1099347
1106873
1133308
1141208
1149729
1157283
1159329
1161331
1161673
1164484
1168052
1183357
1192265
1192432
1196173
1198119
1200221
1205230
1213557
1215173
1218389
1229009
1229460
1232765
1233135
1233768
1240543
1243650
1243662
1243868
1244228
1244329
1245005
1245575
1245894
49467
50051
81993
110136
145544
145821
145851
148528
149994
154667
169746
171609
197911
203298
274964
312637
316732
338385
354123
360133
362894
369244
376583
393875
404698
434869
439557
458916
477362
519760
546611
552773
598771
601724
611658
629419
637497
645723
650781
652644
665483
676127
709550
721207
723723
749654
750470
773221
830679
849601
858076
866223
872766
883857
884266
902312
907436
913009
943791
956935
1021120
1030979
1039294
1048189
1048456
1053549
1055969
1056247
1062744
1085466
1095142
1095409
1099840
1106019
1107886
1110575
1117939
1139943
1142782
1145392
1146471
1146929
1147873
1162195
1175413
1182601
1185016
1185642
1192466
1193814
1196562
1200826
1207989
1209571
1211928
1214049
1214320
1215888
1215980
1218259
1220031
1225745
1227885
1228513
1230565
1233705
1233988
1234594
1235189
1235368
1237310
1238412
1238674
1239565
1239962
1240230
1240536
1240692
1241385
1241662
1241710
1242277
1242309
1242907
46918
105016
171999
206520
208399
228586
234260
246080
369669
372556
379108
381143
385912
427768
458123
471130
515135
518106
519260
553634
555111
558979
565101
565664
569090
585182
632179
721856
792397
822418
839734
859783
876814
909181
910867
943123
996771
998323
1038753
1046083
1061867
1076422
1081567
1082739
1112066
1134242
1140940
1148694
1193617
1200056
1203456
1209790
1212306
1214772
1225592
1252507
1253433
1263450
1264696
1269707
1274537
66061
109798
112543
115436
119657
123849
136420
143932
171231
184513
196048
209551
214445
220781
256241
257549
271187
280362
291539
297911
326619
327388
388748
434195
439754
445106
449738
499193
513292
549565
567045
583269
590229
613590
645348
658009
704152
707327
774557
780188
802136
818990
830016
853272
856398
875436
877309
877929
882246
888489
893335
909432
916334
917813
920763
925170
936371
947564
960755
965091
966411
968025
979376
982959
986324
991769
996272
1011760
1025249
1031900
1040558
1049803
1055411
1056875
1063416
1074341
1083384
1083755
1088580
1096268
1097009
1118048
1120473
1123788
1164143
1164863
1165882
1173575
1174787
1178011
1179728
1191461
1192711
1195050
1199149
1241554
1258120
1268959
1270704
1270833
11674
12437
14773
21178
24992
35789
40196
43299
51975
68165
70232
71333
72365
73067
80928
83340
87111
87832
92289
95677
102640
105851
110088
110351
113384
120764
131663
131895
134041
139187
139349
141002
141871
144397
151102
152149
154766
160385
161288
163227
167195
169470
171659
176129
176441
176513
184835
188517
194374
197630
200977
207834
211514
218463
221664
243806
243999
250577
254753
257262
257498
258471
262818
264978
269445
281868
282248
283551
284123
284905
288404
291164
302260
303031
305340
312983
312991
313005
320882
322537
323476
325094
326941
328205
328336
328685
333251
334396
339056
339568
344320
344802
350903
352285
354268
354670
355820
361239
362553
362730
364689
370827
374620
374675
375269
376272
380092
381769
382611
385343
388230
391247
392798
396281
403707
406585
407296
407975
418314
420463
424297
438214
452648
453563
454513
454587
461163
464214
464371
465766
465927
469783
469810
472119
473826
475480
479680
480348
486645
492492
494805
495979
501990
502327
504244
505595
508483
511702
515725
520750
525390
526668
527091
529568
530873
531655
532398
535123
536068
539868
541901
542207
551369
551550
551556
558987
562037
570191
574288
574349
576816
582382
582726
584036
596117
599144
603011
605628
605982
606868
610131
611610
617601
618507
624926
629669
631131
639610
639796
642193
646848
646959
648732
649379
653340
653524
656076
665689
667774
669003
671872
673075
673753
675224
677487
681080
681502
683553
684519
687682
694814
699997
706626
706900
710388
714890
719643
722677
728205
729277
732841
733844
741322
742428
742531
746492
751193
751233
752318
754548
765191
768059
768261
768742
771764
773361
774389
774800
790803
793815
795579
798082
799860
800766
806321
811342
815230
821703
823869
836198
836528
837285
837501
839875
840579
845674
846447
847892
848671
849596
853391
854580
854892
862734
864087
865928
866535
868705
870666
872657
873525
875844
888172
889118
890375
892586
897776
899088
899863
900703
902165
906438
906893
911354
912304
914154
917393
917701
918932
918953
921785
925698
926307
927019
930944
933272
935762
941472
942503
943086
947150
951794
955773
958167
961257
964842
967828
968917
970464
972586
976360
976795
980185
981241
981534
981910
983704
987121
993903
994494
995071
996222
998221
998691
999384
1000718
1003727
1011859
1012952
1013553
1015946
1019405
1021291
1022411
1026003
1026152
1028263
1029465
1031170
1031775
1035016
1040868
1045599
1048241
1048955
1054280
1058503
1060141
1060940
1063584
1066897
1068071
1069058
1069225
1071679
1071746
1072409
1074017
1075175
1075360
1078104
1078488
1081856
1083463
1083598
1083891
1085039
1085336
1085923
1087434
1088762
1089186
1089215
1090630
1091655
1093068
1097858
1099262
1102861
1103774
1105063
1105473
1106003
1110594
1110742
1111208
1113711
1114657
1115031
1115468
1116250
1118302
1118338
1119085
1119301
1119441
1120003
1121153
1124537
1128536
1130422
1131151
1131749
1134368
1135474
1139044
1139387
1143518
1143734
1144742
1145217
1145996
1147378
1147435
1150129
1152908
1154584
1156510
1159880
1160563
1161707
1163905
1164313
1164978
1168703
1169762
1171485
1175338
1178308
1181262
1181846
1182320
1183731
1185053
1185850
1186981
1188506
1189038
1189316
1190782
1194322
1195215
1198298
1199285
1199481
1200087
1200638
1201594
1201913
1203108
1205044
1209807
1209963
1210335
1210571
1212752
1213756
1214120
1215938
1216120
1217655
1218536
1220772
1221478
1221544
1221642
1225831
1226100
1227095
1227620
1229477
1229678
1234713
1235021
1235745
1237276
1240779
1245511
1245775
1248175
1248276
1250025
1253233
1255310
1256363
1259656
1262734
1262997
1263063
1263779
1264787
1268222
1269741
11559
11812
14479
15322
16410
17472
20489
24676
28369
29710
33006
33424
37075
40264
40917
41137
41348
41585
47120
48786
49665
54814
54895
55043
59779
60806
62571
63338
65303
65938
68160
72367
73189
73924
75054
75408
79925
84786
84882
85217
87622
88404
88561
89247
90497
92859
93644
98619
104106
107529
109922
110739
113543
114100
115003
117288
117720
118051
118650
118721
118794
121255
125084
125178
125324
127375
130027
130402
130488
131743
132112
136228
137235
141749
145897
146819
150934
154374
155399
157754
158864
160024
164197
166506
166571
167439
167530
167940
169677
170002
170751
174435
175107
178990
182127
188426
189905
194751
200115
201664
203011
203979
204635
204811
205524
206405
211078
213723
214663
218858
219125
219388
221883
231270
231540
236215
238056
239462
241695
253014
253378
258127
264113
265443
265462
273821
276942
277407
280358
280708
285448
287089
287294
289194
289680
291069
293267
297195
298365
301695
304168
308612
308934
310351
310794
312533
316307
318570
319472
319742
324893
325835
331038
331967
334078
335735
335840
342838
346482
351742
352362
354530
358218
360393
360976
365732
375334
375913
377410
379725
380726
385109
386053
388920
390630
391572
391576
394502
397828
399699
400418
401111
410208
411443
416081
416104
421203
423274
423505
424114
425737
431618
435572
442420
443994
446935
448679
450609
451178
451354
466686
470087
478395
480706
481316
486104
488424
489994
495113
497036
507410
509650
516905
525476
525679
528076
534641
535630
538967
540622
541277
546335
546449
548913
551644
557664
557763
558343
565098
567203
567907
567967
568889
570424
575414
575507
577591
579050
579810
580940
583504
585762
590575
592691
595117
596236
596324
599863
600508
600977
604533
605954
610478
610950
613969
619165
621270
623437
625012
627748
629962
630746
635730
637406
637588
638313
640381
640492
649437
650847
660786
662262
662666
663774
666147
669426
671892
679076
679720
681692
682212
686365
691298
694021
696039
698994
700351
701633
702266
704922
708270
710840
711118
711803
712046
713267
713871
714233
716988
719804
725200
730352
730962
731980
736942
737166
740990
742689
747550
748166
750349
753410
757216
759458
760454
761375
765829
766269
784761
786727
787380
788691
791554
794475
797531
800287
802255
803908
810482
816169
822920
827053
830409
830730
834387
843988
844609
849004
850552
852969
855873
862776
864864
870155
875167
882694
888166
893758
894653
895630
897293
899041
903451
909954
910406
911743
918549
920299
922865
925354
925518
928546
931008
932913
933052
933437
934264
934712
935231
937543
939745
940278
940533
941403
945722
947737
954993
955751
960873
961017
963108
964116
964269
967552
967661
968277
972403
974251
976355
980018
983592
988177
995612
996588
1001115
1002386
1012135
1012598
1012904
1014848
1016259
1017703
1019493
1020173
1021145
1023680
1025513
1025627
1027967
1029753
1029946
1030013
1031771
1032422
1033104
1036675
1037435
1040229
1043915
1047583
1049024
1049592
1050048
1057411
1059324
1063265
1066612
1068332
1078733
1079069
1084953
1088015
1089751
1091843
1096996
1098134
1098710
1099753
1101884
1109024
1110342
1110379
1110549
1111005
1111245
1112147
1113040
1113409
1116297
1120001
1120111
1127689
1131987
1132379
1142093
1148391
1149314
1154542
1158727
1167900
1169118
1173351
1173421
1178002
1186604
1196316
1197980
1200813
1202700
1202785
1204392
1207552
1213939
1224085
1227414
1227777
1232438
1232806
1238087
1239869
1240546
1242748
1246071
1252602
1255010
1263440
1264592
1265374
10376
16589
47042
75285
113968
118880
133954
149228
164368
181674
192092
197477
229354
245871
268730
269828
288317
299648
333994
346347
351264
355615
369477
380085
391086
404808
418708
424722
426683
428134
447171
465385
488094
500795
502796
516906
517838
519543
527072
534648
538429
574109
596015
610347
626769
637199
648409
670865
683614
687449
711532
728703
736053
742418
771037
789241
800630
805936
807442
809381
821053
823859
828824
831851
836514
849663
853178
853790
859063
859814
862155
863046
870251
872810
879036
882489
905024
905707
907016
913400
923486
924444
927813
941238
945581
964342
965228
969191
977132
979172
979889
980390
985154
988603
999773
1000188
1000428
1003368
1005952
1008197
1008940
1019195
1029509
1030066
1035131
1039645
1042463
1045583
1047193
1048215
1048750
1050358
1059138
1066054
1066747
1069599
1069987
1074224
1078811
1079914
1085463
1094454
1098490
1102656
1104177
1107802
1110005
1110624
1120048
1129385
1130099
1133820
1135548
1137251
1138149
1142503
1153159
1158345
1158414
1162472
1169041
1169064
1170125
1174512
1178851
1181502
1184806
1187417
1190803
1198115
1209031
1210857
1212358
1214821
1218994
1224152
1226081
1232088
1234253
1241037
1241069
1242163
1248061
1248066
1248863
1250022
1260597
1261841
1263207
1263354
84359
86761
106199
117805
131718
169360
177824
239980
286359
295997
298268
311378
395680
397093
411836
431241
439621
462854
498073
509973
522875
546279
558789
590535
592268
657375
704926
711569
714895
775522
780289
780655
807679
824410
824521
825034
852727
859967
866458
867641
880251
889667
903768
906664
926832
984997
1007384
1014639
1017307
1026868
1030519
1045330
1057825
1066786
1075209
1080650
1083767
1089703
1105846
1127488
1128561
1139572
1155253
1173936
1174533
1188593
1196050
1196727
1198946
1206234
1210547
1215159
1216712
1222749
1234813
1235804
1236925
1236927
1237815
1243270
1248595
1249187
1250060
1254847
1256031
27595
36752
87428
89359
121526
191472
203728
224151
224490
267977
285418
299781
304329
316937
317512
335332
376324
407661
415145
426618
432546
437706
483178
500309
507172
507660
542616
576708
653210
661551
662166
680242
694247
756548
768837
774790
785146
788256
788483
789740
796964
817051
829358
859946
863837
888600
914707
920493
925572
925922
937757
960265
966321
997556
997650
1002864
1037324
1047981
1050780
1060181
1065781
1103154
1119730
1145111
1160686
1165480
1170478
1172492
1175834
1179281
1183818
1183934
1202225
1220463
1223720
1227291
1241010
1241293
1242789
1244112
1245449
90082
109813
142457
146024
177816
177913
182276
185262
189412
207074
275669
302401
338050
341853
368009
404190
407719
423329
431265
437853
486588
522618
525292
537718
544844
606934
655611
662603
678151
697326
706507
732415
735138
760799
774737
798929
833158
840195
841684
858033
867903
909317
935086
949767
1047197
1052372
1052723
1055371
1056538
1057678
1070640
1072365
1090754
1104773
1114438
1119654
1120193
1121713
1126546
1143777
1157373
1159153
1160512
1169860
1171806
1182479
1188993
1207408
1218949
1221600
1224911
1232260
1244238
1250589
1250880
1253214
1253936
1253942
9172
30714
40797
48103
53925
70777
95828
112707
116392
236279
250228
321095
330191
379932
394698
415382
420503
430091
482221
487894
561367
578986
582144
604917
619670
664994
735709
752594
758001
822874
825088
871746
895071
898202
970159
980560
996446
1036296
1049212
1087413
1120608
1124062
1136466
1161484
1177487
1197296
1198326
1212217
1212522
1213392
1220274
1224305
1230385
1235746
1237142
1237465
1248177
1249261
25578
36584
40550
48847
58488
81798
103082
133116
157525
180770
188008
189366
212894
215477
218090
230959
234562
244011
318714
321157
322671
395130
403009
415225
473225
534581
555408
562400
599852
602160
627418
630740
642167
676024
678952
704608
736261
751160
757949
771936
781543
795807
804059
809800
828647
847916
865620
871465
877632
888229
895014
907616
954628
968882
974197
983820
995154
1008274
1016377
1016982
1030410
1031068
1032577
1075692
1084300
1095548
1100573
1109884
1123976
1136135
1147345
1148452
1179205
1199133
1200530
1231006
46284
48247
74038
75496
107480
143732
178086
203471
236107
291865
358126
373841
395276
400911
414885
415963
416004
429848
441727
442004
500412
623966
638385
681279
696619
766049
780664
782449
807720
842404
854912
858459
929646
951308
958055
976574
985927
997576
998120
1000875
1066395
1095443
1109962
1126462
1131819
1138833
1148082
1148377
1159179
1171588
1179746
1179889
1182623
1184533
1185909
1200099
1217521
1218693
1222348
1234139
12195
31434
43509
84063
87704
110306
133631
136238
192249
268331
322921
376488
380707
389546
399692
411801
461989
481361
504330
515790
522926
583312
633169
647477
658838
704554
731942
753478
797239
811080
815721
827220
832158
855706
863620
863879
864882
882617
928708
934852
937861
949635
997468
1011612
1023647
1023855
1029320
1043711
1077446
1097232
1100783
1104232
1117822
1145215
1145468
1152476
1154992
1158172
1159982
1172796
1186338
1189592
1201928
1214141
1216447
1218188
1221661
1225287
1228283
1230992
1234048
