1005550126160426093844997671
1005550168160426111733285017
1005550168160427023700624563
1005550168160505104231877426
1005550168160510132844848738
1005550168160520092956324581
1005550228160504010755720920
1005550228160505124124384977
1005550228160505125352142593
1005550228160505130636648257
1005550228160505140412154717
1005550228160505145106872361
1005550228160506063950422129
1005550228160506124331574658
1005550228160506133700451722
1005550228160506142230223961
1005550228160506151753328482
1005550228160509023142563780
1005550228160509034725717730
1005550228160509063329470547
1005550228160509070923558605
1005550228160509074321399625
1005550228160510061342397931
1005550228160510091303486278
1005550236160428121250697278
1005550240160509070855452822
1005550240160509091227368377
1005550257160505085901247366
1005550258160428093304764401
1005550258160428131527971450
1005550258160429033053709986
1005550258160429045251028697
1005550279160424015540168683
1005550279160505141212272677
1005550280160504130150749637
1005550287160504083037243798
1005550292160518025652093144
1005550292160518033545808706
1005550294160513105728541173
1005550294160514062208189613
1005550294160514063227887462
1005550294160514063657205096
1005550294160514063806372378
1005550294160514064525765518
1005550294160514064838573841
1005550294160514121626209740
1005550294160515113511834200
1005550294160516065320770466
1005550294160516144807393875
1005550294160517050627940068
1005550294160517081436137187
1005550294160523110700822612
1005550294160524130037028537
1005550294160524130419927698
1005550294160524133507849334
1005550294160524140450333080
1005550294160524210551756748
1005550294160525022131968730
1005550294160525030105053816
1005550294160525082957557366
1005550299160517124128142532
1005550299160518014853793294
1005550299160518041211959645
1005550299160518085828686617
1005550299160518135826060345
1005550299160518144132054623
1005550299160518144614866162
1005550299160518145357298215
1005550299160519013103006555
1005550299160519013959878103
1005550299160519021729027712
1005550299160519064907818605
1005550299160519065420965307
1005550299160519101549272929
1005550299160519105610949186
1005550299160519130315663936
1005550299160519135854588217
1005550299160519225525089644
1005550299160520032459417246
1005550299160520134342651062
1005550299160520134552933741
1005550309160527031535484346
