1005550126160501073736699855
1005550168160505104001332549
1005550168160505104203539243
1005550168160505104231877426
1005550168160505104500034923
1005550168160510132820685067
1005550168160510132844848738
1005550168160511061524000888
1005550168160513034137477429
1005550168160513063402414751
1005550168160519081728748467
1005550168160520092956324581
1005550168160526104818159830
1005550168160526105955067578
1005550168160526110637616018
1005550168160526111637020740
1005550227160502141450657297
1005550227160504152431515355
1005550227160505034559825254
1005550227160508061022670527
1005550227160511102701593296
1005550227160511125939830593
1005550227160512062257918915
1005550227160517113215817250
1005550227160522031951297210
1005550227160524083205505959
1005550227160524100117468547
1005550227160525114630709571
1005550227160526021452713003
1005550227160527113347879088
1005550227160528045029263363
1005550227160530071438375052
1005550227160530071837060049
1005550227160530072004132405
1005550227160530073351825357
1005550227160530073536341122
1005550227160530074428740238
1005550227160530074620208271
1005550227160530091714318596
1005550227160531035038553168
1005550227160531035517814728
1005550228160501000347483920
1005550228160501000659123979
1005550228160501000926596763
1005550228160501034501185613
1005550228160503042339379761
1005550228160503073033286937
1005550228160503075055194764
1005550228160503142218873535
1005550228160504010755720920
1005550228160504021648382918
1005550228160504041126827401
1005550228160504115513694362
1005550228160504122930663104
1005550228160504132032355157
1005550228160504133005830596
1005550228160504133643177500
1005550228160504134953823596
1005550228160504135936652243
1005550228160504141125419586
1005550228160504142524349718
1005550228160505001641444070
1005550228160505015447493453
1005550228160505021154686959
1005550228160505055857208521
1005550228160505070036630476
1005550228160505070217062713
1005550228160505070547560126
1005550228160505070922623096
1005550228160505071328752808
1005550228160505071337614887
1005550228160505071420272430
1005550228160505071537215916
1005550228160505071819453727
1005550228160505071946468511
1005550228160505072542698700
1005550228160505072956927949
1005550228160505073556179382
1005550228160505073734807875
1005550228160505073853363617
1005550228160505074307438554
1005550228160505074544860247
1005550228160505074736983096
1005550228160505074844957812
1005550228160505075256133223
1005550228160505075327282875
1005550228160505075734189095
1005550228160505075951406976
1005550228160505080200782914
1005550228160505080353126022
1005550228160505080355422887
1005550228160505083150877411
1005550228160505090121343554
1005550228160505091613538349
1005550228160505094625923135
1005550228160505094811044839
1005550228160505095346968521
1005550228160505100314292044
1005550228160505103019912488
1005550228160505103151786352
1005550228160505104046371670
1005550228160505104919115615
1005550228160505105804493039
1005550228160505111931561054
1005550228160505115143554454
1005550228160505122348650724
1005550228160505124124384977
1005550228160505125352142593
1005550228160505130636648257
1005550228160505130852921754
1005550228160505135017122123
1005550228160505135503433657
1005550228160505140353365054
1005550228160505140412154717
1005550228160505142117970332
1005550228160505143745050407
1005550228160505145106872361
1005550228160505154725755101
1005550228160506004439989026
1005550228160506004734804075
1005550228160506005109445713
1005550228160506010324194429
1005550228160506012347229213
1005550228160506013946129296
1005550228160506014856505697
1005550228160506014917118803
1005550228160506023402495036
1005550228160506025336720646
1005550228160506025608531471
1005550228160506033822312313
1005550228160506054249613074
1005550228160506063950422129
1005550228160506072839962862
1005550228160506073429677992
1005550228160506074613317659
1005550228160506082105867806
1005550228160506082409865447
1005550228160506084348496457
1005550228160506084740306968
1005550228160506084835773225
1005550228160506085753431755
1005550228160506092832849445
1005550228160506093232688894
1005550228160506102359244862
1005550228160506104525911387
1005550228160506104742121286
1005550228160506105000302225
1005550228160506105138422825
1005550228160506105326455068
1005550228160506105505125775
1005550228160506105626588543
1005550228160506105737638161
1005550228160506105916445001
1005550228160506110044060812
1005550228160506110445050019
1005550228160506110654429210
1005550228160506110813256834
1005550228160506111022659543
1005550228160506111143067674
1005550228160506111246179754
1005550228160506112438074412
1005550228160506122809784286
1005550228160506124331574658
1005550228160506133700451722
1005550228160506135441167982
1005550228160506135649065808
1005550228160506140143397682
1005550228160506142230223961
1005550228160506142400563541
1005550228160506143300360936
1005550228160506151541214955
1005550228160506151734760426
1005550228160506151753328482
1005550228160506152208138378
1005550228160506224419660957
1005550228160507032316236444
1005550228160507041106153587
1005550228160507041908718723
1005550228160507065350712176
1005550228160507081230696566
1005550228160507100255233869
1005550228160507101928445421
1005550228160507114207412923
1005550228160508023348822059
1005550228160508041350513447
1005550228160508041353625283
1005550228160508041421774916
1005550228160508044045085371
1005550228160508052600344409
1005550228160508052604534701
1005550228160508060926456923
1005550228160508090553538759
1005550228160508111845375744
1005550228160508112959433264
1005550228160508113029139413
1005550228160508113252673676
1005550228160508115021473398
1005550228160508120454604165
1005550228160508121551499962
1005550228160508142338367078
1005550228160508142955475004
1005550228160508144235603202
1005550228160508145153997166
1005550228160509005756941070
1005550228160509010212490997
1005550228160509011307708234
1005550228160509014031784121
1005550228160509022111566287
1005550228160509022539805461
1005550228160509022625643080
1005550228160509023142563780
1005550228160509025100330357
1005550228160509025639123209
1005550228160509030015893487
1005550228160509030017703058
1005550228160509030844986235
1005550228160509031104368223
1005550228160509031209333559
1005550228160509032835959870
1005550228160509033008435380
1005550228160509033313998361
1005550228160509034257932784
1005550228160509034725717730
1005550228160509034950755251
1005550228160509035120101000
1005550228160509035709386211
1005550228160509035952852338
1005550228160509041019306204
1005550228160509042850292252
1005550228160509043944393470
1005550228160509045640491455
1005550228160509045740222379
1005550228160509050616374478
1005550228160509051140942805
1005550228160509051740661910
1005550228160509055752020291
1005550228160509061648131122
1005550228160509063329470547
1005550228160509063545750806
1005550228160509064802549279
1005550228160509064830790432
1005550228160509065719352808
1005550228160509070105512233
1005550228160509070923558605
1005550228160509071751801348
1005550228160509072421596645
1005550228160509073549653999
1005550228160509074318156581
1005550228160509074321399625
1005550228160509074353087450
1005550228160509075155928489
1005550228160509080417098146
1005550228160509082213169214
1005550228160509083023253028
1005550228160509084224906119
1005550228160509085849956741
1005550228160509090449352677
1005550228160509144331338203
1005550228160509162845721000
1005550228160509223705708809
1005550228160510010303355800
1005550228160510022745670602
1005550228160510032912499643
1005550228160510040907842855
1005550228160510061342397931
1005550228160510062634232899
1005550228160510062645506618
1005550228160510063114619234
1005550228160510063739655687
1005550228160510064242378745
1005550228160510064531861683
1005550228160510065729747188
1005550228160510065838708885
1005550228160510071008695258
1005550228160510072618025691
1005550228160510080823301168
1005550228160510081622208302
1005550228160510081820551274
1005550228160510081906073773
1005550228160510084410039061
1005550228160510091303486278
1005550228160510092351578401
1005550228160510093213163884
1005550228160510093818959599
1005550228160510094014339425
1005550228160510094526778048
1005550228160510095119647265
1005550228160510095309580913
1005550228160510103009757027
1005550228160510104848254193
1005550228160510114835635627
1005550228160510130319687513
1005550228160510130446526148
1005550228160510130657209404
1005550228160510140843651047
1005550228160510153044923181
1005550228160510153311608988
1005550228160511004000594651
1005550228160511012631628448
1005550228160511021135011578
1005550228160511033431921018
1005550236160505043615803268
1005550237160503013956432916
1005550237160503041637814904
1005550237160503045043425452
1005550237160503082243056354
1005550237160503093852966655
1005550240160502092918183596
1005550240160502092932167882
1005550240160502094654060774
1005550240160502094724903497
1005550240160502095120880230
1005550240160503020827620954
1005550240160503033823887441
1005550240160503033840690686
1005550240160503110538933248
1005550240160503112319151365
1005550240160503112631563104
1005550240160503141544650407
1005550240160505063427927704
1005550240160505092832065156
1005550240160505134035657210
1005550240160506032033937823
1005550240160506035326397528
1005550240160506035603948687
1005550240160506062115719897
1005550240160506063054566274
1005550240160506072252906220
1005550240160506072321179173
1005550240160506075709193492
1005550240160506101425743193
1005550240160506133043543435
1005550240160507073639424262
1005550240160507093456015073
1005550240160508102747379887
1005550240160508123424003883
1005550240160509053348460222
1005550240160509070855452822
1005550240160509091227368377
1005550241160503045320721113
1005550249160501033009443740
1005550249160509100259046246
1005550256160504003632814462
1005550256160504004457402753
1005550256160504005953990426
1005550256160504010450186560
1005550256160504045926082291
1005550256160504050201895406
1005550256160504051236672914
1005550257160505085901247366
1005550279160505141212272677
1005550280160502130402066039
1005550280160502130558341337
1005550280160502130742703650
1005550280160502131316949102
1005550280160502132216293037
1005550280160502160620292841
1005550280160502221149991366
1005550280160503012106048882
1005550280160503013807782640
1005550280160503014254697798
1005550280160503015117886186
1005550280160503015628123705
1005550280160503020258929935
1005550280160503020407117915
1005550280160503043317099950
1005550280160503061805866261
1005550280160503063000067706
1005550280160503071908318735
1005550280160504030720453257
1005550280160504033239573405
1005550280160504033441252632
1005550280160504130150749637
1005550280160505135329540292
1005550280160505135555973408
1005550280160505135949650094
1005550280160505140242606087
1005550280160505142728909485
1005550280160506011450366640
1005550280160506014620595587
1005550280160506233718469344
1005550280160508063700434642
1005550282160503033736751917
1005550284160506221031933950
1005550285160501072923900285
1005550285160503094035398147
1005550285160503133935670240
1005550285160505044614181172
1005550285160505060929539649
1005550285160507143505889477
1005550285160508022635897285
1005550285160511041055208825
1005550286160501005007894391
1005550286160501010228011549
1005550286160501010244392693
1005550286160501013000376045
1005550286160501014920272342
1005550286160501020806114647
1005550286160501022854235738
1005550286160501025108918316
1005550286160501040635384720
1005550286160501053706268451
1005550286160501100751214912
1005550286160502040603043739
1005550286160502092150135350
1005550286160502130635150937
1005550286160503014016298326
1005550286160503050449732791
1005550286160503050800060263
1005550286160503052505289971
1005550286160503053119793515
1005550286160503055135304675
1005550286160503055625127471
1005550286160503062233247496
1005550286160503062811553222
1005550286160503081535145963
1005550286160503082404350051
1005550286160503082415228280
1005550286160503085640723829
1005550286160503142123574705
1005550286160503144602316088
1005550287160501010818560246
1005550287160501012254342426
1005550287160501022505944925
1005550287160501032213092780
1005550287160501035200312709
1005550287160501060717371458
1005550287160501060726452235
1005550287160501073101069526
1005550287160501091906743657
1005550287160501101324095482
1005550287160501105307108050
1005550287160501143342485048
1005550287160501144805408906
1005550287160502004722616041
1005550287160502005842792203
1005550287160502010901626481
1005550287160502023545682872
1005550287160502035134675574
1005550287160502045828206222
1005550287160502052121613770
1005550287160502060432070360
1005550287160502061722904673
1005550287160502075337738834
1005550287160503001502370509
1005550287160503002819325303
1005550287160503005721599031
1005550287160503010218505332
1005550287160503010701457394
1005550287160503012404160185
1005550287160503013019462402
1005550287160503025933879196
1005550287160503035859064539
1005550287160503040247051488
1005550287160503040548275106
1005550287160503040814630918
1005550287160503041730584926
1005550287160503042347866677
1005550287160503043549896471
1005550287160503045316045769
1005550287160503045631778365
1005550287160503051530163960
1005550287160503055604989885
1005550287160503060341612463
1005550287160503060358385893
1005550287160503060502125543
1005550287160503060533973997
1005550287160503060734521223
1005550287160503074108214841
1005550287160503083040178459
1005550287160503105800368664
1005550287160503112054066841
1005550287160503114252528275
1005550287160503123833281227
1005550287160503133749886217
1005550287160503153132957708
1005550287160503153830608951
1005550287160504083037243798
1005550287160504083134561167
1005550287160506014529431187
1005550287160506034330080394
1005550287160506035456397062
1005550287160506062143468486
1005550287160506062609499582
1005550287160506072349438655
1005550287160506112744961660
1005550287160506132718901539
1005550287160507040444468499
1005550287160507070734020876
1005550287160508050028544333
1005550287160509032624680122
1005550287160509034006793934
1005550287160509034136572882
1005550287160509034510850833
1005550287160509040820554389
1005550287160509041542992440
1005550287160509041748663708
1005550287160509041947968077
1005550287160509045235760030
1005550287160509050212809450
1005550287160509052322051811
1005550287160509052352360701
1005550287160509052423575574
1005550287160509052558398336
1005550287160509054708807863
1005550287160509054934660114
1005550287160509054950066426
1005550287160509055408014929
1005550287160509055749341392
1005550287160509055816375077
1005550287160509060013684134
1005550287160509064132490359
1005550289160505135432074833
1005550289160506095130517934
1005550289160507042558814028
1005550289160507134940170651
1005550289160507135054714617
1005550292160516101550760966
1005550292160516101658799618
1005550292160518025652093144
1005550292160518033545808706
1005550294160513061154229271
1005550294160513074920593629
1005550294160513102320139193
1005550294160513102751585924
1005550294160513102826624952
1005550294160513103058091646
1005550294160513103204131851
1005550294160513105728541173
1005550294160513123139245888
1005550294160514060716955368
1005550294160514062208189613
1005550294160514063227887462
1005550294160514063349221924
1005550294160514063613316561
1005550294160514063657205096
1005550294160514063806372378
1005550294160514064525765518
1005550294160514064838573841
1005550294160514070219905000
1005550294160514071653385699
1005550294160514072117173033
1005550294160514072530309182
1005550294160514073423736215
1005550294160514073436700696
1005550294160514073702858798
1005550294160514074127096742
1005550294160514074722595026
1005550294160514075944369712
1005550294160514080528040410
1005550294160514083256878752
1005550294160514083804068994
1005550294160514084320611331
1005550294160514085449998646
1005550294160514092059824353
1005550294160514092939630638
1005550294160514092943646019
1005550294160514094429518396
1005550294160514100618464502
1005550294160514100732718271
1005550294160514102208994713
1005550294160514103349180394
1005550294160514105507625337
1005550294160514105546902152
1005550294160514105720524826
1005550294160514110649740098
1005550294160514111352101498
1005550294160514113026502254
1005550294160514121626209740
1005550294160514130100841543
1005550294160514135328856302
1005550294160514140623943231
1005550294160514145605168428
1005550294160514152443330789
1005550294160514192017116833
1005550294160515062543553878
1005550294160515063119018855
1005550294160515071651957391
1005550294160515113511834200
1005550294160515113946408120
1005550294160515122553847595
1005550294160515131845408222
1005550294160515141120431689
1005550294160515151655839307
1005550294160515154601430264
1005550294160515154917965059
1005550294160515230155625757
1005550294160516001616309933
1005550294160516021127666216
1005550294160516032453544512
1005550294160516032504934100
1005550294160516033037023605
1005550294160516033844279453
1005550294160516034343956714
1005550294160516041708178349
1005550294160516042003254713
1005550294160516050035240092
1005550294160516050527229540
1005550294160516050703576129
1005550294160516051024896742
1005550294160516055755114948
1005550294160516064642072674
1005550294160516065320770466
1005550294160516070758373055
1005550294160516073130700902
1005550294160516101536884762
1005550294160516104245081258
1005550294160516104433516245
1005550294160516104606240601
1005550294160516121855082306
1005550294160516123531520088
1005550294160516131233205428
1005550294160516131536570017
1005550294160516131632723431
1005550294160516131851539444
1005550294160516131942214598
1005550294160516132549056635
1005550294160516133554225072
1005550294160516133842297965
1005550294160516134512285868
1005550294160516135722838617
1005550294160516140359353631
1005550294160516140511703524
1005550294160516141445728916
1005550294160516143144364332
1005550294160516143653324589
1005550294160516144218419376
1005550294160516144807393875
1005550294160516150800196710
1005550294160516162022627098
1005550294160516182027376835
1005550294160516192103521866
1005550294160517015302232944
1005550294160517022813932411
1005550294160517032618168284
1005550294160517032945185484
1005550294160517035047954327
1005550294160517035732691057
1005550294160517040810610154
1005550294160517041242987657
1005550294160517050627940068
1005550294160517050630668118
1005550294160517051015167041
1005550294160517052612233808
1005550294160517052744423754
1005550294160517053022001277
1005550294160517055308146473
1005550294160517060338832722
1005550294160517060604268716
1005550294160517060939319005
1005550294160517061110729007
1005550294160517061550270812
1005550294160517061729367436
1005550294160517062028739750
1005550294160517062123260550
1005550294160517062216455625
1005550294160517064835268791
1005550294160517065100945307
1005550294160517065406737769
1005550294160517065434347249
1005550294160517070133861989
1005550294160517074937617165
1005550294160517081120304495
1005550294160517081257216961
1005550294160517081436137187
1005550294160517082455652831
1005550294160517082835431305
1005550294160517104834131010
1005550294160517105604115898
1005550294160517122814151653
1005550294160518015638000064
1005550294160518135109963934
1005550294160519062452154572
1005550294160519062453347205
1005550294160519062558939348
1005550294160519062606766004
1005550294160519062732675259
1005550294160519063313775650
1005550294160519064658187922
1005550294160519064823232161
1005550294160519065423153793
1005550294160519070635725326
1005550294160519071617041149
1005550294160519072545213910
1005550294160519075937412150
1005550294160519080847872180
1005550294160519082050487586
1005550294160519084020932456
1005550294160519085551180558
1005550294160519092243878212
1005550294160519092956985829
1005550294160519093455766384
1005550294160519093614104719
1005550294160519094300954642
1005550294160519094729926085
1005550294160519100052747935
1005550294160519102004452547
1005550294160519102750411610
1005550294160519102840396230
1005550294160519103046026550
1005550294160519103625628103
1005550294160519105437981084
1005550294160519110009455387
1005550294160519110504480410
1005550294160519111404856615
1005550294160519112430304669
1005550294160519113332403820
1005550294160519115644300429
1005550294160519115852660152
1005550294160519121321808356
1005550294160519122524696226
1005550294160519131355549780
1005550294160519132459514883
1005550294160519133358908703
1005550294160519140623118237
1005550294160519145556572611
1005550294160519152645901534
1005550294160519224948488099
1005550294160519232954013115
1005550294160520010829769666
1005550294160520011845144629
1005550294160520011853666056
1005550294160520012723398139
1005550294160520013553641586
1005550294160520013605646072
1005550294160520014630676365
1005550294160520014701662694
1005550294160520015746003600
1005550294160520022201363688
1005550294160520022217602022
1005550294160520023623122355
1005550294160520024245016868
1005550294160520024320895917
1005550294160520024548183342
1005550294160520024705123466
1005550294160520031613563297
1005550294160520033313334124
1005550294160520034503493109
1005550294160520035510768453
1005550294160520035720833311
1005550294160520035932809129
1005550294160520041036208386
1005550294160520041224435886
1005550294160520042352186198
1005550294160520043644630041
1005550294160520044341579931
1005550294160520044918734660
1005550294160520052110461285
1005550294160520052806155609
1005550294160520053101037336
1005550294160520053404130490
1005550294160520053503266337
1005550294160520061548160209
1005550294160520061550449057
1005550294160520063817525194
1005550294160520064914275746
1005550294160520072221855676
1005550294160520073426477317
1005550294160520073455711244
1005550294160520073838247776
1005550294160520074217085742
1005550294160520075629169841
1005550294160520080042725758
1005550294160520080416682237
1005550294160520080831739521
1005550294160520083210225014
1005550294160520084133778693
1005550294160520084432526551
1005550294160520090938945688
1005550294160520091657491884
1005550294160520092316392287
1005550294160520093152662804
1005550294160520101652095706
1005550294160520102731621736
1005550294160520104334273742
1005550294160520104532580832
1005550294160520105416791980
1005550294160520111626722656
1005550294160520111734898632
1005550294160520112104871645
1005550294160520113043139471
1005550294160520114222300154
1005550294160520120342898018
1005550294160520124833280252
1005550294160520125035295854
1005550294160520130123641822
1005550294160520130837073313
1005550294160520132432307046
1005550294160520133923199623
1005550294160520134748009967
1005550294160520134818888950
1005550294160520135514451904
1005550294160520135906022746
1005550294160520140944623269
1005550294160520141118456607
1005550294160520143708037696
1005550294160520144816113126
1005550294160521035802888027
1005550294160521103808910441
1005550294160522022000421711
1005550294160522034931847893
1005550294160523003228120258
1005550294160523020711221276
1005550294160523050855582685
1005550294160523071806645911
1005550294160523104354628874
1005550294160523110700822612
1005550294160523230845074369
1005550294160524030806565300
1005550294160524054935443740
1005550294160524070219289856
1005550294160524071859388054
1005550294160524082012161507
1005550294160524083623174392
1005550294160524093430705265
1005550294160524095914698588
1005550294160524100816787587
1005550294160524100954642210
1005550294160524101411364399
1005550294160524102101751786
1005550294160524102159284111
1005550294160524104251898525
1005550294160524104750342326
1005550294160524110040838041
1005550294160524110310036446
1005550294160524111616037719
1005550294160524112541104654
1005550294160524113030601062
1005550294160524113732023640
1005550294160524121719020989
1005550294160524122433244592
1005550294160524123743659924
1005550294160524130037028537
1005550294160524130419927698
1005550294160524130607482645
1005550294160524130927011266
1005550294160524132107318070
1005550294160524132133095569
1005550294160524132345248614
1005550294160524133507849334
1005550294160524134435285020
1005550294160524134929813801
1005550294160524135815756452
1005550294160524140334354468
1005550294160524140406082423
1005550294160524140450333080
1005550294160524141026517848
1005550294160524141638843829
1005550294160524142048602200
1005550294160524144006193064
1005550294160524145519164074
1005550294160524210551756748
1005550294160524231725814905
1005550294160525000050010383
1005550294160525002207882091
1005550294160525011008563386
1005550294160525013210701235
1005550294160525013957253901
1005550294160525014255299864
1005550294160525021042052798
1005550294160525022131968730
1005550294160525022410641332
1005550294160525023001138713
1005550294160525024018062930
1005550294160525024307832544
1005550294160525030105053816
1005550294160525030353205094
1005550294160525030743161127
1005550294160525034159948999
1005550294160525034424920476
1005550294160525035824602105
1005550294160525040315970535
1005550294160525040436159198
1005550294160525041554211172
1005550294160525044818123237
1005550294160525045103382950
1005550294160525051701518326
1005550294160525053011447416
1005550294160525053838352981
1005550294160525054745294007
1005550294160525061153227409
1005550294160525061629341537
1005550294160525063131567053
1005550294160525064735855058
1005550294160525065900668123
1005550294160525071618448142
1005550294160525074247500390
1005550294160525074725010309
1005550294160525075818456748
1005550294160525082738960791
1005550294160525082839392091
1005550294160525082957557366
1005550294160525084446272414
1005550294160525085813585358
1005550294160525085915279410
1005550294160525085945259291
1005550294160525090637851810
1005550294160525091203477008
1005550294160525091428277275
1005550294160525091950058426
1005550294160525092033557604
1005550294160525092705137206
1005550294160525092841631114
1005550294160525092943519339
1005550294160525093029982716
1005550294160525093119688585
1005550294160525094142638116
1005550294160525094249270906
1005550294160525094559539724
1005550294160525094655737894
1005550294160525094818636092
1005550294160525100036796399
1005550294160525100925428067
1005550294160525100934052308
1005550294160525101021525429
1005550294160525101236366689
1005550294160525101334375123
1005550294160525101340255729
1005550294160525102020246504
1005550294160525103512884989
1005550294160525105815002594
1005550294160525111508821911
1005550294160525112149543148
1005550294160525112235041340
1005550294160525113646654316
1005550294160525113949834449
1005550294160525114314564484
1005550294160525114556528221
1005550294160525114757988764
1005550294160525114921652178
1005550294160525115717714984
1005550294160525115840819836
1005550294160525120202506968
1005550294160525120550165603
1005550294160525120958880457
1005550294160525122020450088
1005550294160525123050879947
1005550294160525140752247168
1005550294160525234846230712
1005550294160526003131218152
1005550294160526003720858258
1005550294160526004446971837
1005550294160526010344811753
1005550294160526010542538396
1005550294160526033135160700
1005550294160526033225314621
1005550294160526042843142910
1005550294160526044221404825
1005550294160526082205176156
1005550294160526082537379459
1005550294160526095558306254
1005550294160526095839095300
1005550294160526100028448235
1005550294160526100718949389
1005550294160526103008905978
1005550294160526125539201082
1005550294160526131927692451
1005550294160526140135473889
1005550294160526232230518495
1005550294160526232827540154
1005550294160527001606548315
1005550294160527005438188992
1005550294160527005928410425
1005550294160527005932832887
1005550294160527010854962351
1005550294160527012625595152
1005550294160527014902204798
1005550294160527015258496902
1005550294160527035814276767
1005550294160527043049379458
1005550294160527051954610489
1005550294160527054306210060
1005550294160527061330857317
1005550294160527062419427325
1005550294160527062636708950
1005550294160527063151135661
1005550294160527090420851197
1005550294160527102646149077
1005550294160527103055957034
1005550294160527104333322148
1005550294160527104932103260
1005550294160527105236495453
1005550294160527111329910353
1005550294160527111838460295
1005550294160527115324941770
1005550294160528054237542284
1005550294160528064445707782
1005550294160529070253503396
1005550294160530033559668279
1005550294160530034003490865
1005550294160530034355168319
1005550294160530042240323600
1005550294160530050914516455
1005550294160530054840731028
1005550294160530060510915877
1005550294160530081436304329
1005550294160530082851195832
1005550294160530084322799414
1005550294160530101134403923
1005550294160530133936819667
1005550294160530133941689575
1005550294160530142617173491
1005550294160530143514620420
1005550294160531001236234159
1005550294160531002402981227
1005550294160531002831404775
1005550294160531003632482484
1005550294160531005324961447
1005550294160531022739233000
1005550294160531033734505114
1005550294160531035302349238
1005550294160531035505273506
1005550294160531040031882258
1005550294160531041136065945
1005550294160531042124545229
1005550294160531045704717405
1005550294160531053257532578
1005550294160531055750422037
1005550294160531055930927609
1005550294160531062149996795
1005550294160531064558557110
1005550294160531070500752132
1005550294160531070610921410
1005550294160531072438721068
1005550294160531073016713534
1005550294160531084622856873
1005550294160531090442599404
1005550294160531094318045731
1005550294160531095237283688
1005550294160531095738173096
1005550294160531101245636110
1005550294160531102009206094
1005550294160531113649291345
1005550294160531113946447818
1005550294160531114434044689
1005550294160531114707520725
1005550294160531115402083060
1005550294160531115905709051
1005550294160531122446395674
1005550294160531124230293193
1005550294160531124416966324
1005550294160531124453410850
1005550294160531131042946458
1005550294160531131614491484
1005550294160531131741980565
1005550294160531133240060641
1005550294160531133333388173
1005550294160531133825915955
1005550294160531134715935652
1005550294160531140042911117
1005550294160531140952556896
1005550294160531141044256519
1005550294160531141426582433
1005550294160531141911322179
1005550294160531141932126852
1005550294160531142542202542
1005550294160531142712958573
1005550294160531143500551015
1005550294160531143604467147
1005550294160531143717428978
1005550294160531143834888885
1005550294160531144009677457
1005550294160531144949643851
1005550294160531145253955373
1005550294160531145626398638
1005550294160531145726512938
1005550294160531150019398392
1005550294160531150242390040
1005550294160531150516724733
1005550294160531150754248951
1005550294160531151344905547
1005550294160531152402778493
1005550294160531152506707329
1005550294160531152747709568
1005550294160531153647955879
1005550294160531155209223578
1005550297160517225000761611
1005550298160517071836999394
1005550298160518010518783106
1005550298160518132007890151
1005550298160518132512733207
1005550298160518133350846049
1005550298160520135735546182
1005550298160520141648788144
1005550298160520141804199013
1005550298160520142125578576
1005550299160516183018554186
1005550299160517034623206920
1005550299160517052834239203
1005550299160517053942090957
1005550299160517054022857579
1005550299160517104932617473
1005550299160517123000659770
1005550299160517123442772160
1005550299160517123444046493
1005550299160517123822481934
1005550299160517124128142532
1005550299160517124750494035
1005550299160517124912936687
1005550299160517131408479958
1005550299160517132211291293
1005550299160517132943572745
1005550299160517133803476334
1005550299160517134824696499
1005550299160517135352806885
1005550299160517140323547724
1005550299160517141651762587
1005550299160517141957093729
1005550299160517142345381673
1005550299160517142437501682
1005550299160517144207647791
1005550299160517144257905869
1005550299160517144444789833
1005550299160517145259710861
1005550299160517150841225704
1005550299160517154527626047
1005550299160517171405875927
1005550299160517210407200848
1005550299160517210526806291
1005550299160517212145249534
1005550299160517212233409166
1005550299160517222303852062
1005550299160517222407006908
1005550299160517222748203247
1005550299160518000435346687
1005550299160518000832367533
1005550299160518000844957515
1005550299160518001743432903
1005550299160518003108545000
1005550299160518003202486960
1005550299160518004612730522
1005550299160518005432695976
1005550299160518010314914617
1005550299160518010404772590
1005550299160518010539579465
1005550299160518011820450447
1005550299160518012515349189
1005550299160518014040475028
1005550299160518014853793294
1005550299160518014928927093
1005550299160518015315843826
1005550299160518015731284726
1005550299160518015848791616
1005550299160518020129267851
1005550299160518020440713143
1005550299160518020548872476
1005550299160518020629638399
1005550299160518021135623334
1005550299160518021337609430
1005550299160518021410445207
1005550299160518021720176551
1005550299160518021750612886
1005550299160518023530530158
1005550299160518023842289110
1005550299160518024238826898
1005550299160518024308135164
1005550299160518024644069545
1005550299160518024915620085
1005550299160518025056829478
1005550299160518025625445869
1005550299160518032636896109
1005550299160518033300944259
1005550299160518033827480072
1005550299160518034337861386
1005550299160518040459581915
1005550299160518041211959645
1005550299160518042704350611
1005550299160518050446886038
1005550299160518052451365788
1005550299160518053148736566
1005550299160518053352291259
1005550299160518054220589859
1005550299160518055237600912
1005550299160518065108233391
1005550299160518065206989117
1005550299160518065635298011
1005550299160518071350872534
1005550299160518071712510950
1005550299160518071856149635
1005550299160518072737505214
1005550299160518080714458719
1005550299160518080855059642
1005550299160518081041493119
1005550299160518083658979590
1005550299160518084205648018
1005550299160518085222177723
1005550299160518085828686617
1005550299160518101238030739
1005550299160518101505300131
1005550299160518114008038325
1005550299160518115023967252
1005550299160518124257047865
1005550299160518135826060345
1005550299160518140103606360
1005550299160518140520825088
1005550299160518144132054623
1005550299160518144614866162
1005550299160518145357298215
1005550299160518145524557635
1005550299160518150052695866
1005550299160518154836166927
1005550299160518233239125405
1005550299160519000058486775
1005550299160519003857170748
1005550299160519004938587705
1005550299160519010047165636
1005550299160519010626888731
1005550299160519010632013686
1005550299160519011123947130
1005550299160519012657694690
1005550299160519012755788688
1005550299160519013103006555
1005550299160519013212099895
1005550299160519013353774712
1005550299160519013546225313
1005550299160519013917378185
1005550299160519013959878103
1005550299160519021729027712
1005550299160519023309287112
1005550299160519040816863248
1005550299160519045807336884
1005550299160519064907818605
1005550299160519065040837315
1005550299160519065420965307
1005550299160519082533094716
1005550299160519091059240588
1005550299160519101549272929
1005550299160519105610949186
1005550299160519110435425859
1005550299160519111647845263
1005550299160519111803834114
1005550299160519115622871303
1005550299160519115653354738
1005550299160519115714320303
1005550299160519120435750918
1005550299160519122326965555
1005550299160519122840550460
1005550299160519123100288626
1005550299160519124205784508
1005550299160519130315663936
1005550299160519131619106936
1005550299160519132054726579
1005550299160519133209532636
1005550299160519134914999601
1005550299160519135421016079
1005550299160519135652138142
1005550299160519135827057759
1005550299160519135854588217
1005550299160519140351736861
1005550299160519140803766248
1005550299160519141409128469
1005550299160519142519814438
1005550299160519142653410962
1005550299160519142723685192
1005550299160519142827115295
1005550299160519143502215762
1005550299160519143912764547
1005550299160519144254161938
1005550299160519150414156462
1005550299160519213434240439
1005550299160519213716554864
1005550299160519224958763123
1005550299160519225525089644
1005550299160520002024256073
1005550299160520004359019268
1005550299160520012930354425
1005550299160520013244767320
1005550299160520015222989466
1005550299160520021623838775
1005550299160520021754850531
1005550299160520032459417246
1005550299160520042133497189
1005550299160520044814714418
1005550299160520045941624244
1005550299160520045942607051
1005550299160520055750285035
1005550299160520061035171821
1005550299160520063207708513
1005550299160520065430251307
1005550299160520090522912816
1005550299160520115207247480
1005550299160520121502059025
1005550299160520133331383945
1005550299160520134342651062
1005550299160520134552933741
1005550299160520150706483924
1005550299160520205607566649
1005550299160521021921838469
1005550299160521035425576316
1005550299160521144051004485
1005550299160522023926362273
1005550299160522100938167819
1005550299160522104347088227
1005550299160522105331318571
1005550299160522115636009796
1005550299160523022747639068
1005550299160523043541053425
1005550299160523045047434346
1005550299160523064943632075
1005550299160523072601279213
1005550299160523110814219935
1005550299160523151502275146
1005550299160524022140169745
1005550299160524042347326955
1005550299160524095500908815
1005550299160524112651279812
1005550299160524133113516134
1005550299160524141456876422
1005550299160525024028837367
1005550299160525043300942803
1005550299160525044000146997
1005550299160525044100313742
1005550299160525051052508299
1005550299160525062526495605
1005550299160525073031224810
1005550299160525112001040822
1005550299160525121755467206
1005550299160525125547773773
1005550299160525125709318893
1005550299160525130904510849
1005550299160525131330854987
1005550299160525131935183311
1005550299160526012925377797
1005550299160526022706217688
1005550299160526033546328722
1005550299160526095256711700
1005550299160526120122498220
1005550299160527113447017359
1005550299160528054225679661
1005550299160528054312705772
1005550299160528064515409791
1005550299160528113754873436
1005550299160528232528414289
1005550299160529020640207468
1005550299160529021411368410
1005550299160529025810177163
1005550299160529040744086072
1005550299160529050133778168
1005550299160529062757402203
1005550299160529063156221674
1005550299160529063304757887
1005550299160529065512915646
1005550299160529070247194123
1005550299160529071506127797
1005550299160529075109182136
1005550299160529080356244640
1005550299160529081539807146
1005550299160529092630894136
1005550299160529101049368209
1005550299160529123051694284
1005550299160529131738616252
1005550299160529133626262284
1005550299160529134442417231
1005550299160529140108754025
1005550299160529142455137173
1005550299160529143516040258
1005550299160529144640831674
1005550299160529222918903967
1005550299160529232205867757
1005550299160530002113289646
1005550299160530022926753895
1005550299160530024758486041
1005550299160530024833411320
1005550299160530031803960559
1005550299160530032943403970
1005550299160530035906976650
1005550299160530041246864833
1005550299160530050830292187
1005550299160530071458051912
1005550299160530072909868595
1005550299160530084134121719
1005550299160530090501754302
1005550299160530095430023260
1005550299160530154757058021
1005550299160530231709402399
1005550299160531003815878322
1005550299160531021420264673
1005550299160531023219045195
1005550299160531073429367277
1005550299160531073802528882
1005550299160531115538174975
1005550299160531132347482621
1005550299160531141918982157
1005550299160531142123447552
1005550300160518035249950656
1005550300160518035630366524
1005550300160518035724255638
1005550300160518042348656739
1005550300160518042522935248
1005550300160518042654164190
1005550300160518042835957362
1005550300160518043134532721
1005550300160518043314099090
1005550300160518043653848794
1005550300160518043839958897
1005550300160518063722316883
1005550300160518063856589412
1005550300160518064034770363
1005550300160518064227281920
1005550300160518064648443208
1005550300160518064815426426
1005550300160518071032970253
1005550300160518071200586424
1005550300160518071439960163
1005550300160518071755547209
1005550300160518072023845169
1005550300160518072328739861
1005550300160518072952117418
1005550300160519040000345043
1005550300160519112643248154
1005550300160519112834112001
1005550300160519112959970885
1005550300160519113210396831
1005550300160520132806133613
1005550300160520132943409298
1005550300160520133134576534
1005550300160520133250574411
1005550300160520133359563337
1005550300160523115912943186
1005550300160523120052983560
1005550300160523120239428445
1005550300160523120342399018
1005550300160524114315619607
1005550300160524114717049241
1005550300160524114909561501
1005550300160524115101641691
1005550300160524115450691472
1005550300160524115733097538
1005550300160525105247836689
1005550300160525105451638339
1005550300160525105703701572
1005550300160525105821819150
1005550300160525110113468074
1005550300160525110318129264
1005550300160525110758067679
1005550300160525110957979671
1005550300160525111124590717
1005550300160525111423872051
1005550300160525111613028773
1005550300160525111808357841
1005550300160526103832381223
1005550309160525112904428312
1005550309160527031535484346
1005550309160527045454720629
1005550314160527143656801283
1005550314160527144526815505
1005550314160527144643707770
1005550314160527150213403643
1005550314160527152510984574
1005550314160528025344706461
1005550314160528030231050140
1005550314160528033205214840
1005550314160528033748447509
1005550314160528034448507736
1005550314160528040331248798
1005550314160528041127499065
1005550314160528045521050530
1005550314160528045551098373
1005550314160528060057012593
1005550314160528061609842419
1005550314160528063325820346
1005550314160528064003430305
1005550314160528064250547886
1005550314160528065425901409
1005550314160528070032438405
1005550314160528071259273216
1005550314160528083922638127
1005550314160528135206789341
1005550314160528151342077948
1005550314160528151533242380
1005550314160528152124834957
1005550314160529022606064077
1005550314160529024250961226
1005550314160529024632437609
1005550314160529050529092520
1005550314160529053937739244
1005550314160529061600521107
1005550314160529062609373465
1005550314160529063247742640
1005550314160529063420769629
1005550314160529070119123687
1005550314160529074242975938
1005550314160529074302562205
1005550314160529080837760006
1005550314160529081220617660
1005550314160531041435782501
1005550314160531041603697610
1005550314160531041821958588
1005550314160531052826721419
1005550314160531142431432448
1005550317160529230057377408
1005550319160530071114192714
1005550319160530072247021656
1005550319160530081411922566
1005550319160530091828941662
1005550319160530112537482581
1005550319160531030709244192
1005550319160531060955079532
1005550321160531134541151753
1005550321160531134651231995
1005550321160531134750307692
1005550321160531135210008753
1005550321160531135422966972
1005550321160531140136661016
1005550321160531140248850311
1005550321160531140353711589
1005550321160531140934665403
1005550321160531141009089899
1005550321160531141119839806
1005550321160531141125650200
1005550321160531141213617474
1005550321160531141541959325
1005550321160531141756785405
1005550321160531141802860875
1005550321160531142602377363
1005550321160531142632801279
1005550321160531142832126018
1005550321160531143017254737
1005550321160531143110900667
1005550321160531143117532974
1005550321160531144011283377
1005550321160531145419944548
1005550322160531151008019060
1005550323160531145031129390
