1000018301201702016229071426
1000018301201702016229946881
1000018301201702016230035905
1000018301201702016230401104
1000018301201702016230269388
1000018301201702016230109723
1000018301201702016230435121
1000018301201702016230510046
1000018301201702016230400366
1000018301201702016230557061
1000018301201702016230122939
1000018301201702016230327591
1000018301201702016230145832
1000018301201702016230554236
1000018301201702016230549214
1000018301201702016230317763
1000018301201702016230384662
1000018301201702016230272972
1000018301201702016230647127
1000018301201702016230775064
1000018301201702016230586615
1000018301201702016230508613
1000018301201702016230579651
1000018301201702016230743601
1000018301201702016230968125
1000018301201702016230910309
1000018301201702016230999241
1000018301201702016230813588
1000018301201702016230771821
1000018301201702016231054380
1000018301201702016231121254
1000018301201702016231022562
1000018301201702016231088654
1000018301201702016231301177
1000018301201702016231288478
1000018301201702016231461099
1000018301201702016231196856
1000018301201702016231404338
1000018301201702016231300651
1000018301201702016231601542
1000018301201702016231800371
1000018301201702016231950990
1000018301201702016232530281
1000018301201702016232573492
1000018301201702016232712950
1000018301201702016233050943
1000018301201702016233465758
1000018301201702016233867227
1000018301201702016234586685
1000018301201702016235093655
1000018301201702016235624668
1000018301201702016236216074
1000018301201702016236060907
1000018301201702016236886411
1000018301201702016237605271
1000018301201702016237790429
1000018301201702016238222357
1000018301201702016238344498
1000018301201702016238365680
1000018301201702016238774766
1000018301201702016239588222
1000018301201702016240920199
1000018301201702016241802634
1000018301201702016241831695
1000018301201702016242241940
1000018301201702016242444902
1000018301201702016242550932
1000018301201702026244988161
1000018301201702026244726666
1000018301201702026244940311
1000018301201702026245051087
1000018301201702026244713863
1000018301201702026244867529
1000018301201702026244802729
1000018301201702026244986291
1000018301201702026245110100
1000018301201702026244986310
1000018301201702026244699919
1000018301201702026245116093
1000018301201702026244824763
1000018301201702026244920516
1000018301201702026245079445
1000018301201702026245141155
1000018301201702026245094225
1000018301201702026245048294
1000018301201702026245086541
1000018301201702026245170152
1000018301201702026244821906
1000018301201702026245019412
1000018301201702026245165241
1000018301201702026245148274
1000018301201702026244910724
1000018301201702026245005574
1000018301201702026245055596
1000018301201702026245171356
1000018301201702026245052597
1000018301201702026245103587
1000018301201702026245247241
1000018301201702026245079798
1000018301201702026245073511
1000018301201702026245245340
1000018301201702026245408378
1000018301201702026245520272
1000018301201702026245613032
1000018301201702026245484405
1000018301201702026245362708
1000018301201702026245658092
1000018301201702026245695025
1000018301201702026245458587
1000018301201702026245512746
1000018301201702026245420933
1000018301201702026245614464
1000018301201702026245700472
1000018301201702026246017232
1000018301201702026246140045
1000018301201702026246126157
1000018301201702026246258278
1000018301201702026246344318
1000018301201702026246221783
1000018301201702026246464120
1000018301201702026246330555
1000018301201702026246871184
1000018301201702026246751411
1000018301201702026246585930
1000018301201702026246965301
1000018301201702026247367163
1000018301201702026247234961
1000018301201702026247794028
1000018301201702026247747628
1000018301201702026248133879
1000018301201702026248274831
1000018301201702026248540341
1000018301201702026248742947
1000018301201702026249138719
1000018301201702026249522258
1000018301201702026249796213
1000018301201702026251216540
1000018301201702026251374250
1000018301201702026251654513
1000018301201702026251744027
1000018301201702026252770113
1000018301201702026252757731
1000018301201702026253375453
1000018301201702026253359658
1000018301201702026254042075
1000018301201702026254129409
1000018301201702026254496907
1000018301201702026255776539
1000018301201702026256423166
1000018301201702026256388956
1000018301201702036256829859
1000018301201702036257764998
1000018301201702036258065532
1000018301201702036257890807
1000018301201702036257890815
1000018301201702036258177309
1000018301201702036257949586
1000018301201702036258343015
1000018301201702036258144408
1000018301201702036258343031
1000018301201702036258156469
1000018301201702036258333162
1000018301201702036258409023
1000018301201702036258017732
1000018301201702036257980779
1000018301201702036258093590
1000018301201702036258167494
1000018301201702036258050769
1000018301201702036258023700
1000018301201702036258291375
1000018301201702036258343220
1000018301201702036257969741
1000018301201702036258307333
1000018301201702036258186584
1000018301201702036258052848
1000018301201702036258123811
1000018301201702036258277482
1000018301201702036258227684
1000018301201702036258313595
1000018301201702036258558104
1000018301201702036258385651
1000018301201702036258584233
1000018301201702036258647173
1000018301201702036258437539
1000018301201702036258751178
1000018301201702036258699341
1000018301201702036259049333
1000018301201702036259143345
1000018301201702036259068657
1000018301201702036259103573
1000018301201702036259168470
1000018301201702036259146642
1000018301201702036259187620
1000018301201702036259222843
1000018301201702036259460924
1000018301201702036259785932
1000018301201702036260305813
1000018301201702036260768034
1000018301201702036260397942
1000018301201702036260641555
1000018301201702036260727798
1000018301201702036261103363
1000018301201702036260993747
1000018301201702036261796349
1000018301201702036262060050
1000018301201702036262780684
1000018301201702036263233596
1000018301201702036263133779
1000018301201702036263252776
1000018301201702036263589767
1000018301201702036264059399
1000018301201702036265008107
1000018301201702036265244142
1000018301201702036265186625
1000018301201702036265441933
1000018301201702036265920648
1000018301201702036266799063
1000018301201702036266738280
1000018301201702036267016306
1000018301201702036268253224
1000018301201702036268149730
1000018301201702036268471841
1000018301201702036269216360
1000018301201702036269280986
1000018301201702036269847607
1000018301201702036270036284
1000018301201702036270111362
1000018301201702046271107734
1000018301201702046271282468
1000018301201702046271003898
1000018301201702046271210503
1000018301201702046271407211
1000018301201702046271112847
1000018301201702046271413279
1000018301201702046271109926
1000018301201702046271499107
1000018301201702046271182793
1000018301201702046271373451
1000018301201702046271434233
1000018301201702046271352522
1000018301201702046271658074
1000018301201702046271635151
1000018301201702046271389594
1000018301201702046271686214
1000018301201702046271576473
1000018301201702046271533489
1000018301201702046271671276
1000018301201702046271504852
1000018301201702046271719455
1000018301201702046271624671
1000018301201702046271779836
1000018301201702046271923819
1000018301201702046272267242
1000018301201702046272130519
1000018301201702046272029952
1000018301201702046272253621
1000018301201702046272557692
1000018301201702046272592759
1000018301201702046272621774
1000018301201702046273447083
1000018301201702046273138984
1000018301201702046273772123
1000018301201702046273790374
1000018301201702046273795624
1000018301201702046273801642
1000018301201702046274617127
1000018301201702046274983649
1000018301201702046274936688
1000018301201702046276032663
1000018301201702046276644203
1000018301201702046276957782
1000018301201702046278926281
1000018301201702046279804437
1000018301201702046281718258
1000018301201702056281972171
1000018301201702056281987160
1000018301201702056281897992
1000018301201702056282153573
1000018301201702056282935090
1000018301201702056282824293
1000018301201702056282876117
1000018301201702056282680642
1000018301201702056282606880
1000018301201702056282669661
1000018301201702056282934239
1000018301201702056282614842
1000018301201702056283062095
1000018301201702056282872506
1000018301201702056283106029
1000018301201702056282878549
1000018301201702056282677874
1000018301201702056283166002
1000018301201702056282912695
1000018301201702056282977626
1000018301201702056283291136
1000018301201702056283046688
1000018301201702056283298112
1000018301201702056283163429
1000018301201702056283354191
1000018301201702056283518154
1000018301201702056283836214
1000018301201702056283814277
1000018301201702056283767841
1000018301201702056284065149
1000018301201702056284071269
1000018301201702056284351238
1000018301201702056284334838
1000018301201702056284603743
1000018301201702056284732768
1000018301201702056284959289
1000018301201702056285308511
1000018301201702056285945078
1000018301201702056286169906
1000018301201702056286511492
1000018301201702056286817103
1000018301201702056287372223
1000018301201702056287029995
1000018301201702056288195149
1000018301201702056288211895
1000018301201702056288962820
1000018301201702056290209698
1000018301201702056290421939
1000018301201702056290797500
1000018301201702056291047582
1000018301201702056291338578
1000018301201702066291734207
1000018301201702066291668698
1000018301201702066292692294
1000018301201702066293087795
1000018301201702066293343603
1000018301201702066293702793
1000018301201702066293776801
1000018301201702066294002829
1000018301201702066294028788
1000018301201702066294417536
1000018301201702066295132037
1000018301201702066295426739
1000018301201702066297438839
1000018301201702066300300352
1000018301201702066300365896
1000018301201702076303654461
1000018301201702076303993027
1000018301201702076303908525
1000018301201702076304571474
1000018301201702076304698526
1000018301201702076304653773
1000018301201702076304831509
1000018301201702076305641352
1000018301201702076305828200
1000018301201702076306004618
1000018301201702076306128143
1000018301201702076306348042
1000018301201702076306302292
1000018301201702076306292783
1000018301201702076306840017
1000018301201702076307392233
1000018301201702076307779433
1000018301201702076308986558
1000018301201702076309634406
1000018301201702076310002449
1000018301201702086311395072
1000018301201702086311336720
1000018301201702086311475454
1000018301201702086315444609
1000018301201702086315586824
1000018301201702086315688642
1000018301201702086316303151
1000018301201702086316035990
1000018301201702086316401329
1000018301201702086316299805
1000018301201702086316636246
1000018301201702086316889238
1000018301201702086316846555
1000018301201702086317775961
1000018301201702086319439589
1000018301201702086319484527
1000018301201702086319413700
1000018301201702096320623820
1000018301201702096321042120
1000018301201702096322096499
1000018301201702096322021715
1000018301201702096322275134
1000018301201702096322046765
1000018301201702096322127509
1000018301201702096322369140
1000018301201702096322394371
1000018301201702096322850494
1000018301201702096322668844
1000018301201702096323623709
1000018301201702096323883317
1000018301201702096324173083
1000018301201702096324466527
1000018301201702096326314014
1000018301201702096326611586
1000018301201702096326725631
1000018301201702096328458493
1000018301201702106331346112
1000018301201702106332231920
1000018301201702106333153557
1000018301201702106334075834
1000018301201702106336868871
1000018301201702106339235029
1000018301201702106338952902
1000018301201702106338976979
1000018301201702106339441734
1000018301201702106339836430
1000018301201702106340401048
1000018301201702116341545991
1000018301201702116341784551
1000018301201702116341903806
1000018301201702116342271113
1000018301201702116342755416
1000018301201702116343899834
1000018301201702116344105440
1000018301201702116344401848
1000018301201702116346389451
1000018301201702116347868511
1000018301201702116347939679
1000018301201702116348289411
1000018301201702116348921157
1000018301201702116350276222
1000018301201702116350373836
1000018301201702116350512740
1000018301201702116350905828
1000018301201702116351540105
1000018301201702116351948474
1000018301201702116352782497
1000018301201702116353310587
1000018301201702116353530360
1000018301201702116353533447
1000018301201702116353495707
1000018301201702116353918247
1000018301201702116353972233
1000018301201702116354074092
1000018301201702116353915477
1000018301201702116353831746
1000018301201702126354389874
1000018301201702126355333139
1000018301201702126355895217
1000018301201702126355856614
1000018301201702126355797868
1000018301201702126356161782
1000018301201702126356210798
1000018301201702126356339646
1000018301201702126356836930
1000018301201702126357188211
1000018301201702126357223259
1000018301201702126358003858
1000018301201702126358997196
1000018301201702126358871881
1000018301201702126358948932
1000018301201702126359286288
1000018301201702126359604370
1000018301201702126361183132
1000018301201702126361692384
1000018301201702126361779553
1000018301201702126361782893
1000018301201702126362433583
1000018301201702126362877065
1000018301201702126362797504
1000018301201702126362977394
1000018301201702126363161191
1000018301201702126363060499
1000018301201702126363042658
1000018301201702126363278224
1000018301201702126363822267
1000018301201702136364647155
1000018301201702136364607374
1000018301201702136364932743
1000018301201702136365185498
1000018301201702136365429113
1000018301201702136365561330
1000018301201702136366677170
1000018301201702136367376735
1000018301201702136368414961
1000018301201702136368673212
1000018301201702136368754006
1000018301201702136368652844
1000018301201702136368878378
1000018301201702136368899501
1000018301201702136369918781
1000018301201702136370369097
1000018301201702136370212607
1000018301201702136371997591
1000018301201702136372562390
1000018301201702136372558812
1000018301201702136372980305
1000018301201702136373862132
1000018301201702136373398955
1000018301201702136373543824
1000018301201702136373836494
1000018301201702136373940590
1000018301201702136374357206
1000018301201702136374428392
1000018301201702136374304393
1000018301201702136374296612
1000018301201702136374888410
1000018301201702136375191284
1000018301201702146376205014
1000018301201702146376211033
1000018301201702146376130792
1000018301201702146377102068
1000018301201702146377165634
1000018301201702146377390292
1000018301201702146377991722
1000018301201702146378694956
1000018301201702146379118438
1000018301201702146378962947
1000018301201702146379746170
1000018301201702146380645140
1000018301201702146380727429
1000018301201702146380803456
1000018301201702146380970685
1000018301201702146381183572
1000018301201702146381506736
1000018301201702146381531694
1000018301201702146381751970
1000018301201702146382182073
1000018301201702146382226074
1000018301201702146382900618
1000018301201702146383800931
1000018301201702146383960949
1000018301201702146384248633
1000018301201702146384360473
1000018301201702146384378442
1000018301201702146384491385
1000018301201702146384525339
1000018301201702146385091156
1000018301201702146385874123
1000018301201702146385737661
1000018301201702146385947706
1000018301201702146386382612
1000018301201702156387952053
1000018301201702156388586289
1000018301201702156388485600
1000018301201702156388445811
1000018301201702156388784376
1000018301201702156388913714
1000018301201702156389264327
1000018301201702156389547010
1000018301201702156389453310
1000018301201702156389789004
1000018301201702156390676211
1000018301201702156391115235
1000018301201702156391002591
1000018301201702156391283185
1000018301201702156391395710
1000018301201702156392416354
1000018301201702156392564602
1000018301201702156393124364
1000018301201702156393103711
1000018301201702156394099327
1000018301201702156394396377
1000018301201702156394865006
1000018301201702156395382036
1000018301201702156395063704
1000018301201702156395621339
1000018301201702156395842035
1000018301201702156396317351
1000018301201702156396261599
1000018301201702156396465402
1000018301201702156396714261
1000018301201702166397261329
1000018301201702166397463585
1000018301201702166397475716
1000018301201702166397531800
1000018301201702166398266049
1000018301201702166398179473
1000018301201702166398436300
1000018301201702166398537021
1000018301201702166398419703
1000018301201702166399207284
1000018301201702166399122751
1000018301201702166400319524
1000018301201702166400801152
1000018301201702166400405942
1000018301201702166400875367
1000018301201702166402018857
1000018301201702166402681938
1000018301201702166403550023
1000018301201702166403554181
1000018301201702166403781097
1000018301201702166403591863
1000018301201702166404012347
1000018301201702166403932551
1000018301201702166404097273
1000018301201702166404026470
1000018301201702166404083314
1000018301201702166404095380
1000018301201702166404110590
1000018301201702166404278294
1000018301201702166404027972
1000018301201702166404187826
1000018301201702166404291680
1000018301201702166404503174
1000018301201702166404832009
1000018301201702166404735745
1000018301201702166405391742
1000018301201702166405274968
1000018301201702166405617547
1000018301201702166405767415
1000018301201702166406033235
1000018301201702166406128115
1000018301201702166405833916
1000018301201702166406139239
1000018301201702166406423633
1000018301201702166406232974
1000018301201702166406683254
1000018301201702166406879194
1000018301201702166406916172
1000018301201702166406924618
1000018301201702166407182626
1000018301201702176407280977
1000018301201702176408469230
1000018301201702176408766020
1000018301201702176408475609
1000018301201702176409179626
1000018301201702176409980868
1000018301201702176410515611
1000018301201702176411338203
1000018301201702176411048620
1000018301201702176413438504
1000018301201702176414640497
1000018301201702176415379151
1000018301201702176414708930
1000018301201702176417425823
1000018301201702176418025293
1000018301201702176418496049
1000018301201702176417861908
1000018301201702176418759063
1000018301201702176418349580
1000018301201702176418334894
1000018301201702176419585249
1000018301201702176422646228
1000018301201702176423184255
1000018301201702176424182361
1000018301201702176424934217
1000018301201702176425568291
1000018301201702176426205360
1000018301201702176426807461
1000018301201702176426305939
1000018301201702176426497866
1000018301201702176427517076
1000018301201702176427700012
1000018301201702176427231925
1000018301201702176427918415
1000018301201702176428466173
1000018301201702176427789910
1000018301201702176429098018
1000018301201702186429266900
1000018301201702186430041981
1000018301201702186430320530
1000018301201702186430965379
1000018301201702186431078295
1000018301201702186431009714
1000018301201702186432074108
1000018301201702186432135741
1000018301201702186432413516
1000018301201702186432756095
1000018301201702186432625535
1000018301201702186432678663
1000018301201702186432809476
1000018301201702186432812546
1000018301201702186432950377
1000018301201702186432924916
1000018301201702186433126388
1000018301201702186433561381
1000018301201702186434140721
1000018301201702186434290557
1000018301201702186434695702
1000018301201702186435263134
1000018301201702186435693852
1000018301201702186435796852
1000018301201702186436110246
1000018301201702186436157157
1000018301201702186436221208
1000018301201702186436586028
1000018301201702186436406686
1000018301201702186436996203
1000018301201702186436858118
1000018301201702186437460672
1000018301201702186437815010
1000018301201702186437522773
1000018301201702186437907511
1000018301201702186438202119
1000018301201702186438488653
1000018301201702186439035573
1000018301201702186439679305
1000018301201702186439501730
1000018301201702186439866162
1000018301201702186439889266
1000018301201702186440057082
1000018301201702186440190610
1000018301201702186440040937
1000018301201702186440522174
1000018301201702196441550049
1000018301201702196442322545
1000018301201702196443230036
1000018301201702196443185063
1000018301201702196444315344
1000018301201702196444357431
1000018301201702196444927028
1000018301201702196445048125
1000018301201702196445170381
1000018301201702196445194490
1000018301201702196445442579
1000018301201702196446503481
1000018301201702196446698734
1000018301201702196447720910
1000018301201702196447661972
1000018301201702196449202064
1000018301201702196449365132
1000018301201702196449195887
1000018301201702196449760124
1000018301201702196449587815
1000018301201702196449568823
1000018301201702206450432779
1000018301201702206451322319
1000018301201702206451291368
1000018301201702206451189478
1000018301201702206451470079
1000018301201702206451387186
1000018301201702206451494012
1000018301201702206451141639
1000018301201702206451285502
1000018301201702206451400200
1000018301201702206451378260
1000018301201702206451335404
1000018301201702206451223557
1000018301201702206451263516
1000018301201702206451173699
1000018301201702206451506048
1000018301201702206451323434
1000018301201702206451475202
1000018301201702206451483202
1000018301201702206451512102
1000018301201702206451060846
1000018301201702206451563065
1000018301201702206451537093
1000018301201702206451485237
1000018301201702206451506156
1000018301201702206451227797
1000018301201702206451392517
1000018301201702206451342585
1000018301201702206451361622
1000018301201702206451217869
1000018301201702206451457451
1000018301201702206451485450
1000018301201702206451320960
1000018301201702206451322950
1000018301201702206451666173
1000018301201702206451427814
1000018301201702206451698338
1000018301201702206451843121
1000018301201702206452085433
1000018301201702206452219357
1000018301201702206452359455
1000018301201702206452703027
1000018301201702206452542609
1000018301201702206452908510
1000018301201702206454083286
1000018301201702206454391576
1000018301201702206454556531
1000018301201702206454740205
1000018301201702206454992393
1000018301201702206455054528
1000018301201702206455120440
1000018301201702206455400553
1000018301201702206456083087
1000018301201702206456348738
1000018301201702206456381924
1000018301201702206456488805
1000018301201702206456453963
1000018301201702206457272677
1000018301201702206457819478
1000018301201702206458119002
1000018301201702206457984651
1000018301201702206458410130
1000018301201702206458139751
1000018301201702206458549748
1000018301201702206458891311
1000018301201702206458785426
1000018301201702206458969451
1000018301201702206459041319
1000018301201702206458900781
1000018301201702206459235263
1000018301201702206458982822
1000018301201702206459409378
1000018301201702206459296563
1000018301201702206459721420
1000018301201702206459370864
1000018301201702206459692759
1000018301201702206459849703
1000018301201702206460014364
1000018301201702206460001472
1000018301201702206460121398
1000018301201702206459780997
1000018301201702206460254376
1000018301201702206460162735
1000018301201702206460252680
1000018301201702206460481128
1000018301201702206460512236
1000018301201702206460450346
1000018301201702206460588155
1000018301201702206460334715
1000018301201702206460390761
1000018301201702206460576569
1000018301201702206460393927
1000018301201702206460807287
1000018301201702206460539785
1000018301201702206460944176
1000018301201702206460954108
1000018301201702206460707774
1000018301201702206460778817
1000018301201702206461060122
1000018301201702206460931784
1000018301201702206461280115
1000018301201702216461927740
1000018301201702216462442170
1000018301201702216462549052
1000018301201702216462533200
1000018301201702216462432464
1000018301201702216462656011
1000018301201702216462713075
1000018301201702216462647398
1000018301201702216462696677
1000018301201702216462976393
1000018301201702216462809812
1000018301201702216463287087
1000018301201702216462969844
1000018301201702216463052855
1000018301201702216463352495
1000018301201702216463602096
1000018301201702216463582701
1000018301201702216463885685
1000018301201702216464022134
1000018301201702216464402284
1000018301201702216464933474
1000018301201702216465887657
1000018301201702216465951386
1000018301201702216465820818
1000018301201702216465913906
1000018301201702216466700183
1000018301201702216466377953
1000018301201702216467100573
1000018301201702216467299276
1000018301201702216467564145
1000018301201702216467562746
1000018301201702216468020002
1000018301201702216468235125
1000018301201702216468170455
1000018301201702216468523587
1000018301201702216469024348
1000018301201702216468987959
1000018301201702216469312696
1000018301201702216469324838
1000018301201702216469732744
1000018301201702216469837551
1000018301201702216469814855
1000018301201702216469768928
1000018301201702216469886731
1000018301201702216469889764
1000018301201702216469976792
1000018301201702216470306308
1000018301201702216470430572
1000018301201702216470376995
1000018301201702216470842063
1000018301201702216471018369
1000018301201702216470897880
1000018301201702216471167424
1000018301201702216471343310
1000018301201702216471101949
1000018301201702226472274814
1000018301201702226472872339
1000018301201702226472694874
1000018301201702226472858543
1000018301201702226472942365
1000018301201702226472899420
1000018301201702226472733704
1000018301201702226472786734
1000018301201702226472732883
1000018301201702226472849710
1000018301201702226472749674
1000018301201702226472961474
1000018301201702226473185091
1000018301201702226472987591
1000018301201702226472801941
1000018301201702226472892882
1000018301201702226472927694
1000018301201702226473357046
1000018301201702226472873947
1000018301201702226473371908
1000018301201702226473625473
1000018301201702226473936625
1000018301201702226473962491
1000018301201702226474709034
1000018301201702226474288667
1000018301201702226474656188
1000018301201702226474403535
1000018301201702226474334944
1000018301201702226474508109
1000018301201702226475224488
1000018301201702226475476683
1000018301201702226476866492
1000018301201702226477430293
1000018301201702226477651380
1000018301201702226476981887
1000018301201702226477999208
1000018301201702226477975604
1000018301201702226478064546
1000018301201702226478421602
1000018301201702226478647360
1000018301201702226479170009
1000018301201702226478870660
1000018301201702226479021596
1000018301201702226479292357
1000018301201702226479413912
1000018301201702226479677447
1000018301201702226480200579
1000018301201702226480284671
1000018301201702226480502486
1000018301201702226480788722
1000018301201702226481043232
1000018301201702226481060338
1000018301201702226480726942
1000018301201702226480834764
1000018301201702226481424052
1000018301201702226481385864
1000018301201702226482556030
1000018301201702226482577164
1000018301201702226482276765
1000018301201702226482305957
1000018301201702226482813219
1000018301201702226482555767
1000018301201702226482751355
1000018301201702226482925324
1000018301201702226482897837
1000018301201702226483007780
1000018301201702226483021862
1000018301201702226483583384
1000018301201702236483751409
1000018301201702236484107050
1000018301201702236483901590
1000018301201702236484741844
1000018301201702236484830611
1000018301201702236485044151
1000018301201702236485038226
1000018301201702236484782732
1000018301201702236485200194
1000018301201702236485038404
1000018301201702236485148325
1000018301201702236484954891
1000018301201702236485736048
1000018301201702236485830016
1000018301201702236485478578
1000018301201702236486004429
1000018301201702236486132188
1000018301201702236486003802
1000018301201702236486432199
1000018301201702236486405723
1000018301201702236487294092
1000018301201702236487285124
1000018301201702236487243304
1000018301201702236487637644
1000018301201702236488139155
1000018301201702236487849905
1000018301201702236487965918
1000018301201702236488464245
1000018301201702236488633724
1000018301201702236488970295
1000018301201702236489045714
1000018301201702236489185704
1000018301201702236489222693
1000018301201702236489146929
1000018301201702236489462383
1000018301201702236489540934
1000018301201702236490203937
1000018301201702236490795585
1000018301201702236490956694
1000018301201702236490884927
1000018301201702236491143582
1000018301201702236491581029
1000018301201702236491763076
1000018301201702236491764359
1000018301201702236491910429
1000018301201702236492134915
1000018301201702236492727301
1000018301201702236492571843
1000018301201702236492925542
1000018301201702236493000566
1000018301201702236492893975
1000018301201702236493051669
1000018301201702236493504156
1000018301201702236493310563
1000018301201702236493189793
1000018301201702236493504218
1000018301201702236493523476
1000018301201702236493651040
1000018301201702246493934082
1000018301201702246494444427
1000018301201702246494824046
1000018301201702246494664402
1000018301201702246494371777
1000018301201702246494418759
1000018301201702246494511828
1000018301201702246494593668
1000018301201702246494512763
1000018301201702246494597745
1000018301201702246494503946
1000018301201702246494708586
1000018301201702246494778587
1000018301201702246495139019
1000018301201702246495094453
1000018301201702246494970845
1000018301201702246494999751
1000018301201702246495399146
1000018301201702246495286435
1000018301201702246495141664
1000018301201702246495385503
1000018301201702246495331742
1000018301201702246495394741
1000018301201702246495807274
1000018301201702246495992573
1000018301201702246495821852
1000018301201702246496110607
1000018301201702246496026969
1000018301201702246496911048
1000018301201702246496339902
1000018301201702246496415824
1000018301201702246497015509
1000018301201702246497158786
1000018301201702246497589730
1000018301201702246498843503
1000018301201702246499733225
1000018301201702246499336788
1000018301201702246500575572
1000018301201702246500416671
1000018301201702246500956366
1000018301201702246500506901
1000018301201702246501344402
1000018301201702246502312013
1000018301201702246502005661
1000018301201702246502586367
1000018301201702246502464885
1000018301201702246502671721
1000018301201702246503133559
1000018301201702246503582700
1000018301201702246504416320
1000018301201702246504509700
1000018301201702246505273328
1000018301201702246504970540
1000018301201702246505351462
1000018301201702246505414676
1000018301201702246507084092
1000018301201702246507038259
1000018301201702246506810496
1000018301201702246506696646
1000018301201702246507705257
1000018301201702246507417553
1000018301201702246507682396
1000018301201702246507936272
1000018301201702246507705571
1000018301201702246507997641
1000018301201702246509179417
1000018301201702246509254399
1000018301201702246510097553
1000018301201702246510258275
1000018301201702246510249641
1000018301201702246511162054
1000018301201702246510823447
1000018301201702246511311515
1000018301201702256511878926
1000018301201702256512130779
1000018301201702256512825127
1000018301201702256512830270
1000018301201702256512727429
1000018301201702256512945000
1000018301201702256512863212
1000018301201702256512918457
1000018301201702256513137051
1000018301201702256512865865
1000018301201702256513212046
1000018301201702256512987727
1000018301201702256513174415
1000018301201702256513494125
1000018301201702256513376274
1000018301201702256513322589
1000018301201702256513513452
1000018301201702256513422663
1000018301201702256513463881
1000018301201702256513858407
1000018301201702256513842807
1000018301201702256514110302
1000018301201702256513811953
1000018301201702256514113455
1000018301201702256513947896
1000018301201702256514408344
1000018301201702256514559516
1000018301201702256514793476
1000018301201702256514792608
1000018301201702256514864510
1000018301201702256515303088
1000018301201702256515277240
1000018301201702256515253824
1000018301201702256515789670
1000018301201702256516128269
1000018301201702256516262316
1000018301201702256516316501
1000018301201702256516786450
1000018301201702256517296084
1000018301201702256517266381
1000018301201702256517310382
1000018301201702256517433930
1000018301201702256517689476
1000018301201702256517849434
1000018301201702256518222358
1000018301201702256518765040
1000018301201702256518688154
1000018301201702256518679543
1000018301201702256518859375
1000018301201702256519090353
1000018301201702256518973908
1000018301201702256519030855
1000018301201702256519278571
1000018301201702256519632083
1000018301201702256519720008
1000018301201702256519614333
1000018301201702256519424808
1000018301201702256519806003
1000018301201702256519446743
1000018301201702256519766241
1000018301201702256519852069
1000018301201702256519885252
1000018301201702256519648876
1000018301201702256520046152
1000018301201702256519704874
1000018301201702256519707944
1000018301201702256519835695
1000018301201702256520090571
1000018301201702256520064837
1000018301201702256520181546
1000018301201702256520253507
1000018301201702256520302527
1000018301201702266520699108
1000018301201702266520799012
1000018301201702266520755142
1000018301201702266520655782
1000018301201702266520903986
1000018301201702266520890953
1000018301201702266521222347
1000018301201702266521073675
1000018301201702266521361287
1000018301201702266521502121
1000018301201702266521224674
1000018301201702266521645150
1000018301201702266521386566
1000018301201702266521494760
1000018301201702266521697447
1000018301201702266521647619
1000018301201702266521714619
1000018301201702266521923339
1000018301201702266521983622
1000018301201702266522902969
1000018301201702266523360308
1000018301201702266523868016
1000018301201702266523913392
1000018301201702266523813748
1000018301201702266524352294
1000018301201702266524459568
1000018301201702266524772260
1000018301201702266524767593
1000018301201702266524765755
1000018301201702266525110301
1000018301201702266525018543
1000018301201702266525008700
1000018301201702266525436419
1000018301201702266525755565
1000018301201702266525682806
1000018301201702266525814940
1000018301201702266526468135
1000018301201702266526134936
1000018301201702266526317668
1000018301201702266526781010
1000018301201702266527108870
1000018301201702266527713478
1000018301201702266527698890
1000018301201702266527748821
1000018301201702266528004498
1000018301201702266527771875
1000018301201702266527980401
1000018301201702266527966608
1000018301201702266528304090
1000018301201702266527928990
1000018301201702266528271370
1000018301201702266528095786
1000018301201702266528491278
1000018301201702276528844286
1000018301201702276529079480
1000018301201702276529457271
1000018301201702276529354435
1000018301201702276529468196
1000018301201702276529087964
1000018301201702276529134909
1000018301201702276529191764
1000018301201702276529356588
1000018301201702276529113923
1000018301201702276529282700
1000018301201702276529497251
1000018301201702276529164910
1000018301201702276529200816
1000018301201702276529303704
1000018301201702276529229954
1000018301201702276529741081
1000018301201702276529692266
1000018301201702276529709203
1000018301201702276529824048
1000018301201702276529397826
1000018301201702276529741265
1000018301201702276529633555
1000018301201702276529602787
1000018301201702276529578853
1000018301201702276530047140
1000018301201702276530082732
1000018301201702276530562085
1000018301201702276530246770
1000018301201702276530581206
1000018301201702276530549395
1000018301201702276530692142
1000018301201702276530571722
1000018301201702276530799683
1000018301201702276530909863
1000018301201702276531214235
1000018301201702276531642906
1000018301201702276531940320
1000018301201702276531666913
1000018301201702276531719803
1000018301201702276531935629
1000018301201702276532236239
1000018301201702276532504552
1000018301201702276532353838
1000018301201702276532623699
1000018301201702276533339556
1000018301201702276533172292
1000018301201702276533759511
1000018301201702276534115286
1000018301201702276534104443
1000018301201702276534330405
1000018301201702276534371047
1000018301201702276534761098
1000018301201702276534792619
1000018301201702276535038304
1000018301201702276535219630
1000018301201702276535279871
1000018301201702276535577380
1000018301201702276535361877
1000018301201702276535836221
1000018301201702276536013278
1000018301201702276535924555
1000018301201702276536058130
1000018301201702276536519430
1000018301201702276536799088
1000018301201702276536872075
1000018301201702276537190738
1000018301201702276537406280
1000018301201702276537456202
1000018301201702276537806149
1000018301201702276537862119
1000018301201702276537630713
1000018301201702276537975124
1000018301201702276538052059
1000018301201702286538325323
1000018301201702286538551131
1000018301201702286538627584
1000018301201702286538714410
1000018301201702286538666887
1000018301201702286539101217
1000018301201702286539013332
1000018301201702286538827707
1000018301201702286539176046
1000018301201702286539196012
1000018301201702286539073362
1000018301201702286539092282
1000018301201702286539208127
1000018301201702286538834713
1000018301201702286539006568
1000018301201702286538762954
1000018301201702286539089505
1000018301201702286539076547
1000018301201702286539228440
1000018301201702286538979713
1000018301201702286538953859
1000018301201702286539287147
1000018301201702286539209462
1000018301201702286539258265
1000018301201702286538873933
1000018301201702286539173682
1000018301201702286539384248
1000018301201702286539444061
1000018301201702286539338346
1000018301201702286539438142
1000018301201702286539204850
1000018301201702286539498475
1000018301201702286539392855
1000018301201702286539511618
1000018301201702286539510884
1000018301201702286539962390
1000018301201702286539915787
1000018301201702286540570234
1000018301201702286540447920
1000018301201702286540549680
1000018301201702286541181371
1000018301201702286541304330
1000018301201702286541308823
1000018301201702286541533683
1000018301201702286542300549
1000018301201702286542513762
1000018301201702286542839146
1000018301201702286543074460
1000018301201702286543291218
1000018301201702286543823014
1000018301201702286543814039
1000018301201702286543790512
1000018301201702286543651123
1000018301201702286543512360
1000018301201702286543877096
1000018301201702286543946680
1000018301201702286544049655
1000018301201702286544281237
1000018301201702286544276297
1000018301201702286544588342
1000018301201702286544545997
1000018301201702286545454076
1000018301201702286545215500
1000018301201702286545251729
1000018301201702286545782567
1000018301201702286546069631
1000018301201702286546563281
1000018301201702286546638417
1000018301201702286547106036
1000018301201702286546982516
1000018301201702286547331645
1000018301201702286547491670
1000018301201702286547574671
1000018301201702286547767438
1000018301201702286547838447
1000018301201702286548078268
1000018301201702286547914835
1000018301201702286548187509
1000018301201702286548174713
1000018301201702286548441220
1000018301201702286548109982
1000018301201702286548322532
1000018301201702286548525341
1000018301201702286548395598
1000018301201702286548712243
1000018301201702286548620556
1000018301201702286548534690
1000018301201702286548744333
1000018301201702286548547768
1000018301201702286548741432
1000018301201702286548707785
1000018301201702286548943623
1000018301201702286549155525
1000018301201702286549457067
1000018301201702286549154865