156285,136659
156287,136660
156288,136661
162036,136953
163221,136954
168257,136741
170403,136955
170500,136956
170528,136957
170536,136958
170542,136959
170545,136960
170554,136742
170583,136961
170749,136962
170760,136963
170766,136964
170787,136965
170805,136966
170807,136967
170845,136968
170846,136969
170866,136970
170894,136971
170898,136743
170962,135773
170970,135774
170972,136269
171091,135775
171101,136972
171127,135776
171128,135777
171131,136973
171147,136974
171164,136975
171167,135778
171185,136809
171193,136976
171198,135779
171213,135780
171234,136977
171236,136978
171241,135781
171243,136979
171250,135782
171256,136980
171263,135783
171267,135784
171290,136981
171291,136982
171315,135785
171379,136983
171381,136984
171424,136985
171429,135787
171478,135788
171487,135789
171528,136986
171542,135790
171599,136987
171603,136747
171625,136988
171636,136909
171657,136989
171689,136990
171691,136991
171693,136992
171698,135791
171699,136993
171721,136994
171733,135792
171734,136995
171735,136996
171808,136910
171842,136748
171843,136749
171851,136997
171861,135793
171862,136998
171868,136999
171883,137000
171884,136570
171932,137001
171933,135794
171952,135795
171958,135796
172002,137002
172042,136750
172051,137003
172063,135170
172067,135797
172071,135798
172074,136911
172076,135799
172134,135171
172169,135453
172185,135172
172192,136270
172217,135826
172370,135879
172400,135800
172411,135896
172485,135173
172487,136254
172499,136897
172544,135942
172617,136320
172625,135174
172629,135175
172642,135203
172680,136216
172712,135801
172735,136571
172760,137004
172792,135454
172832,135176
172852,135802
172919,135277
172922,135803
172996,135804
172998,136919
173011,135216
173067,137005
173106,136234
173134,136271
173139,136898
173143,135177
173146,137006
173155,136321
173175,136274
173184,135805
173185,136572
173188,137007
173193,136899
173198,135178
173200,135179
173202,135180
173203,135181
173204,135182
173207,135183
173216,135455
173233,136751
173234,135217
173252,136912
173256,136752
173259,135806
173286,136913
173287,135184
173297,137008
173312,136914
173315,137009
173319,136235
173333,135807
173348,135808
173371,136237
173381,136272
173382,136273
173405,135278
173429,135809
173430,136275
173432,135810
173433,136239
173471,136240
173475,136241
173485,135185
173493,136242
173504,136900
173510,136243
173517,135456
173535,135279
173547,135186
173551,135187
173552,136244
173554,136573
173560,136245
173562,136901
173578,137010
173579,136246
173588,135457
173590,136247
173622,136902
173630,136429
173642,136393
173650,136248
173656,136440
173658,136579
173677,135760
173680,136574
173684,136207
173685,136208
173687,136217
173703,136441
173713,137011
173724,136552
173726,136580
173731,136411
173737,136744
173738,136250
173740,137012
173742,136553
173745,136903
173748,136412
173751,136588
173753,136589
173755,136590
173759,136591
173760,136592
173765,136593
173767,136276
173769,136594
173775,136662
173780,136595
173781,136663
173785,136664
173787,136665
173789,136596
173790,136745
173792,136394
173793,136915
173796,136597
173801,136598
173802,136764
173804,136599
173813,136600
173817,136920
173819,136581
173823,137013
173828,137039
173830,136887
173833,136643
173834,136666
173837,136888
173838,136644
173839,136889
173843,136645
173845,137040
173849,136667
173854,136445
173855,136668
173857,136896
173858,136890
173859,136575
173860,136669
173861,136582
173862,136670
173865,137036
173866,136646
173868,136671
173869,136765
173870,136672
173872,137031
173875,137032
173878,136904
173889,137041
173893,136673
173895,136601
173898,137014
173899,136647
173904,136753
173907,136674
173908,136675
173909,136602
173910,136603
173911,136413
173913,136676
173914,136807
173915,136604
173917,136677
173920,136905
173923,137015
173924,136542
173929,136756
173931,136679
173935,136766
173936,136680
173937,136681
173941,136683
173942,136767
173943,137042
173944,136921
173946,136684
173948,136605
173949,136768
173951,136769
173953,136770
173959,136922
173962,136771
173965,136606
173971,136686
173972,136923
173973,136924
173975,136687
173976,136925
173978,136759
173979,136926
173980,136772
173983,136773
173984,136927
173985,136554
173986,136928
173989,136395
173990,136583
173993,136688
173994,136414
173997,136689
173999,136656
174001,136930
174002,136774
174005,136690
174013,136555
174014,136607
174029,136775
174033,136916
174034,136776
174038,136691
174047,136777
174049,136778
174052,136931
174055,136692
174056,136693
174058,136906
174059,136779
174068,136932
174072,136933
174076,136780
174077,136934
174078,136935
174082,136907
174083,136648
174085,137043
174086,136936
174088,136937
174090,136781
174095,137044
174096,136782
174099,137045
174101,137047
174106,136938
174108,137033
174110,137037
174113,136694
174114,136608
174115,136609
174122,136939
174124,136610
174127,136611
174129,136612
174130,137048
174131,136783
174133,136396
174135,136543
174137,136556
174140,136613
174141,136614
174142,136695
174144,137034
174145,136615
174163,136576
174164,137049
174165,137050
174166,136616
174170,136940
174171,136617
174173,136618
174177,137016
174178,137051
174188,136619
174189,136620
174192,136442
174195,137017
174196,136544
174197,136622
174199,136784
174201,136891
174206,136698
174207,136757
174210,136623
174212,136700
174214,136701
174215,136624
174216,136625
174217,137052
174218,136785
174221,137053
174224,137054
174225,136702
174227,136626
174236,136941
174240,136908
174241,136703
174242,136627
174244,136787
174246,137018
174247,136788
174255,136704
174261,136791
174265,136760
174267,137055
174271,136705
174272,137056
174273,136397
174275,136584
174278,136792
174283,136746
174284,136892
174285,136398
174290,136761
174293,136707
174296,137019
174299,136628
174301,136430
174302,136415
174304,137020
174306,137057
174307,136585
174309,136399
174310,136708
174311,137035
174312,136793
174313,136400
174317,136739
174318,136416
174328,137058
174329,136545
174330,136629
174333,136630
174339,136557
174340,136649
174343,136401
174344,136431
174345,136942
174349,137021
174351,136794
174352,136657
174355,136709
174356,136811
174357,136812
174358,136813
174362,137059
174364,136814
174365,136795
174366,136402
174369,136943
174371,136710
174372,136711
174373,136815
174374,136816
174375,136650
174377,136817
174379,136796
174380,137060
174381,136712
174382,136818
174385,136586
174386,136819
174387,136917
174388,136820
174389,136944
174392,136558
174394,136821
174395,136403
174397,136822
174398,136404
174400,136797
174401,136823
174402,136714
174403,136824
174407,136546
174412,136825
174415,136443
174428,136826
174438,136808
174439,136405
174441,136827
174444,136658
174446,136828
174447,136631
174448,136559
174450,136829
174451,136406
174458,136715
174459,136798
174460,137061
174461,136830
174463,136632
174467,136758
174468,136587
174473,136716
174474,136633
174475,136799
174490,137062
174491,137063
174492,137064
174502,136444
174503,136831
174507,136832
174509,136833
174510,136717
174511,136834
174512,136634
174513,136835
174515,136836
174517,136547
174518,137065
174519,136837
174520,136651
174521,136740
174525,136762
174528,136718
174530,136945
174533,137066
174534,136838
174535,136719
174536,136839
174543,136840
174548,136800
174553,136721
174560,136841
174561,136577
174562,136842
174564,136843
174567,136844
174568,136893
174569,136560
174570,136561
174571,136845
174572,136846
174576,136847
174577,136801
174578,136848
174579,136849
174581,136850
174584,136635
174586,136636
174589,136562
174590,136417
174592,136851
174593,136652
174594,136409
174595,136410
174596,136852
174598,136853
174601,136854
174604,136855
174605,136563
174611,136856
174612,136548
174613,136637
174614,136549
174618,136550
174622,136857
174624,136858
174625,136859
174632,136860
174634,136861
174635,136638
174638,137038
174641,136862
174645,136722
174646,136723
174649,136863
174666,136724
174668,136864
174669,136564
174675,136551
174676,136653
174677,136802
174680,136565
174682,136865
174685,137067
174686,136803
174688,136804
174689,136894
174690,136639
174692,137022
174693,136754
174694,137068
174696,136640
174698,136566
174701,136866
174704,136867
174706,136725
174709,136727
174710,136536
174713,136728
174715,137069
174716,136868
174717,136729
174722,136869
174728,136641
174731,136642
174733,137070
174734,136805
174735,136870
174737,136578
174738,136947
174741,137023
174743,136871
174744,136872
174745,136873
174751,136874
174752,136654
174753,136875
174759,136876
174760,136877
174761,136878
174767,136879
174768,137071
174769,136806
174771,136880
174772,137024
174775,136881
174776,136882
174779,136883
174781,136884
174785,136948
174786,136885
174787,136886