37716
37466
37314
37039
37694
37679
37641
37639
37609
37595
37584
37566
37531
37488
37487
37486
37456
37205
37190
37097
37046
36990
36978
36717
37642
37623
37619
37440
37431
37429
37416
37414
37405
37311
37303
37297
37293
37207
37197
37171
37170
37169
37157
37126
37119
37103
36989
36705
36694
36666
36638
36585
36580
36557
36467
36402
36013
36000
35932
35925
35923
35904
35889
35886
35824
35821
35814
35699
37689
37640
37180
37108
37091
37079
36960
36910
36896
36798
36713
36388
37544
37539
37464
37436
37432
37423
37393
37340
37298
37282
37209
37182
37176
37164
37160
37152
37147
37141
37140
37120
37084
37065
37033
37024
36969
36966
36955
36878
36841
36838
36729
36720
36706
36698
36677
35026
37643
37573
36710
36987
36957
36837
36750
36749
37634
37536
37505
37355
37309
37261
36833
36734
36703
36032
37485
35149
34947
37664
37638
37616
37613
37610
37598
37592
37588
37578
37577
37565
37547
37527
37523
37443
37411
37392
37385
37383
37325
37264
37132
36953
36745
36736
36732
36711
36704
36689
36632
37665
37663
37661
37660
37654
37628
37620
37617
37615
37608
37605
37601
37600
37594
37591
37590
37586
37585
37582
37564
37560
37557
37555
37549
37546
37543
37542
37541
37540
37537
37535
37534
37533
37530
37525
37524
37521
37520
37518
37517
37515
37514
37513
37512
37511
37510
37509
37504
37499
37497
37494
37491
37437
37296
37057
36871
36724
36715
36587
36536
36535
36533
36526
36523
36522
36489
36481
36479
36465
36462
36436
36427
36425
36416
36413
36410
36407
36400
36398
36396
36391
36390
36389
36387
36385
36372
36368
36363
36358
36355
36353
36342
36332
36329
36327
36325
36322
36320
36312
36301
36297
36294
36293
36292
36291
36286
36279
36277
36276
36273
36265
36257
37522
37519
37496
37490
37473
37468
37465
37458
37457
37445
37433
37426
37421
37419
37418
37412
37410
37409
37407
37406
37404
37397
37396
37395
37394
37387
37386
37379
37378
37377
37375
37372
37370
37368
37361
37357
37356
37354
37353
37352
37350
37349
37344
37336
37335
37333
37330
37329
37327
37324
37322
37318
37317
37316
37313
37312
37307
37306
37301
37300
37292
37289
37288
37287
37286
37285
37167
37151
37145
37138
37123
37117
37115
37114
37113
37111
37110
37109
37101
37098
37088
37087
37086
37077
37075
37071
37067
37062
37058
37048
37044
37037
37036
37035
37030
37028
37027
37026
37022
37018
37017
37009
37008
37007
36984
36965
36964
36961
36947
36945
36944
36939
36935
36932
36929
36928
36926
36924
36922
36921
36914
36909
36905
36902
36901
36898
36894
36893
36889
36876
36874
36868
36866
36865
36855
36852
36844
36842
36835
36834
36831
36829
36828
36827
36826
36825
36824
36823
36817
36816
36813
36812
36811
36810
36809
36802
36801
36800
36797
36796
36794
36791
36788
36786
36785
36783
36782
36780
36779
36778
36777
36776
36775
36771
36769
36767
36766
36765
36763
36760
37570
36759
36758
37279
36757
37199
36756
37125
36754
37099
36753
37085
36752
37025
36751
36860
36739
36804
36726
36748
36725
36721
36722
36714
36707
36680
36697
36688
36424
36686
35048
