171603
171843
172042
173256
173904
174693
172998
173817
173979
174088
174106
174122
174170
174236
174345
174369
174389
174530
174738
174785
173872
173875
174108
174144
174311
173865
174110
174638
172617
173155
173845
174130
174165
174178
174267
174272
174460
174492
174715
174733
173889
174099
174164
174491
173828
173943
174101
174380
174533
172499
173139
173504
173920
174240
173193
173562
173622
173745
173878
174058
174082
171636
171808
172074
173252
173286
173312
173793
174033
174387
170962
170970
171091
171127
171128
171167
171198
171213
171241
171250
171263
171267
171315
171429
171478
171487
171542
171698
171733
171861
171933
171952
171958
172067
172071
172076
172400
172712
172852
172922
172996
173184
173259
173333
173348
173429
173432
173830
173837
173839
173858
174201
174284
174568
174689
173857
174356
174357
174358
174364
174373
174374
174377
174382
174386
174388
174394
174397
174401
174403
174412
174428
174441
174446
174450
174461
174503
174507
174509
174511
174513
174515
174519
174534
174536
174543
174560
174562
174564
174567
174571
174572
174576
174578
174579
174581
174592
174596
174598
174601
174604
174611
174622
174624
174625
174632
174634
174641
174649
174668
174682
174701
174704
174716
174722
174735
174743
174744
174745
174751
174753
174759
174760
174761
174767
174771
174775
174776
174779
174781
174786
174787
171185
174438
173175
173430
173767
173914
170972
172192
173134
173381
173382
173802
173869
173935
173953
174002
174047
174049
174059
174090
174244
174261
174278
174312
174379
174400
174475
174548
174677
174686
174769
172487
173978
174265
174290
174525
173106
173319
173371
173433
173471
173475
173493
173510
173552
173560
173579
173590
173650
173738
174467
163221
170403
170500
170528
170536
170542
170545
170583
170749
170760
170766
170787
170805
170807
170845
170846
170866
170894
171101
171131
171147
171164
171193
171234
171236
171243
171256
171290
171291
171379
171381
171424
171528
171599
171625
171657
171689
171691
171693
171699
171721
171734
171735
171851
171862
171868
171883
171932
172002
172051
172760
173146
173188
173297
173315
173578
173713
173740
173823
173898
173923
174177
174195
174246
174296
174304
174349
174692
174741
174772
162036
173067
171842
173233
172680
173687
173929
174207
174521
173685
173684
174317
173999
174352
174444
173677
173833
173838
173843
173866
173899
174083
174340
174375
174520
174593
174676
174752
172169
172792
173216
173517
173588
173658
173726
173819
173861
173990
174275
174307
174385
174468
171884
172735
173185
173554
173680
173859
174163
174561
174737
173724
173742
173985
174013
174137
174339
174392
174448
174569
174570
174589
174605
174669
174680
174698
173924
174135
174196
174329
174407
174517
174612
174614
174618
174675
173751
173755
173765
173769
173780
173789
173804
173910
173915
174114
174115
174127
174173
174189
173942
173949
173951
173962
173980
173983
174029
174034
174076
174096
174131
174199
174218
174247
174351
174365
174459
174577
174688
174734
174710
172217
172370
172411
172544
173775
173781
173785
173787
173834
173849
173855
173860
173862
173868
173870
173893
173907
173908
173913
173917
173931
173936
173937
173941
173946
173971
173975
173993
173997
174005
174038
174055
174056
174113
174142
174206
174212
174214
174225
174241
174255
174271
174293
174310
174355
174371
174372
174381
174402
174458
174473
174510
174528
174535
174553
174645
174646
174666
174706
174709
174713
174717
174085
174095
174217
174221
174224
174306
174328
174362
174490
174518
174685
174694
174768
173944
173959
173972
173973
173976
173984
173986
174001
174052
174068
174072
174077
174078
174086
168257
170554
170898
173737
173790
174283
173753
173759
173760
173796
173801
173813
173895
173909
173948
173965
174014
174124
174129
174140
174141
174145
174166
174171
174188
174197
174210
174215
174216
174227
174242
174299
174330
174333
174447
174463
174474
174512
174584
174586
174613
174635
174690
174696
174728
174731
172919
173405
173535
156285
156287
156288
173854
173011
173234
173656
173703
174192
174415
174502
172642
173630
174301
174344
172063
172134
172185
172485
172625
172629
172832
173143
173198
173200
173202
173203
173204
173207
173287
173485
173547
173551
173731
173748
173911
173994
174302
174318
174590
173642
173792
173989
174133
174273
174285
174309
174313
174343
174366
174395
174398
174439
174451
174594
174595