237,0,0,0,4,0,19,13,29,31
239,0,1,0,1,0,2,0,0,4
248,0,0,0,0,0,1,0,3,9
256,0,0,0,0,0,0,2,1,2
257,0,1,0,0,0,0,2,4,0
258,0,0,0,0,0,0,0,4,5
260,0,0,0,0,0,0,0,0,1
267,0,0,0,0,0,0,0,1,0
271,0,0,0,1,0,0,0,1,0
275,0,1,0,3,0,1,1,3,6
276,0,0,0,0,0,0,0,1,0
278,0,0,0,0,0,0,0,0,1
279,0,0,0,1,0,1,1,1,5
280,0,0,0,2,0,0,0,0,0
282,0,0,0,1,0,2,6,7,5
283,0,0,0,0,0,0,0,0,2
284,0,0,0,0,0,3,3,4,5
287,0,0,0,0,0,0,0,0,1
289,0,0,0,2,0,0,0,1,0
290,0,1,0,3,0,5,6,11,14
294,0,0,0,0,0,0,0,0,1
300,0,0,0,0,0,1,0,1,1
301,0,0,0,0,0,0,0,1,1
306,0,1,0,1,0,0,1,0,1
309,0,0,0,2,0,3,2,1,3
310,0,0,0,0,0,0,3,0,0
311,0,2,0,1,0,1,0,1,0
312,0,0,0,0,0,1,0,4,7
313,0,0,0,0,0,2,0,0,1
315,0,2,0,0,0,3,2,3,3
316,0,1,0,1,0,2,1,2,1
317,0,0,0,0,0,2,0,1,3
323,0,0,0,0,0,0,0,3,4
324,0,0,0,0,0,0,0,0,1
326,0,0,0,1,0,0,0,0,0
328,0,0,0,1,0,1,0,2,0
337,0,1,0,1,0,0,0,1,0
338,0,0,0,0,0,1,1,4,1
342,0,0,0,2,0,1,0,3,2
344,0,0,0,0,0,0,2,0,0
347,0,0,0,1,0,0,0,0,0
353,0,0,0,1,0,0,1,0,1
355,0,1,0,2,0,1,3,5,3
356,0,0,0,1,0,3,1,13,11
358,0,0,0,1,0,1,2,1,2
367,0,0,0,0,0,0,0,0,1
368,0,0,0,2,0,1,2,0,0
378,0,0,0,0,0,0,2,2,1
379,0,0,0,0,0,0,0,0,6
388,0,0,0,1,0,0,0,0,0
392,0,0,0,2,0,1,2,4,1
394,0,0,0,0,0,0,0,0,1
395,0,0,0,0,0,0,0,1,2
404,0,0,0,2,0,0,0,0,0
407,0,0,0,0,0,0,0,0,1
424,0,0,0,0,0,0,1,0,0
431,0,0,0,0,0,0,0,1,0
432,0,0,0,0,0,0,0,2,2
434,0,0,0,0,1,1,2,3,2
435,0,0,0,0,0,1,0,0,0
438,0,0,0,2,0,1,1,0,8
441,0,0,0,1,0,0,1,0,5
445,0,0,0,1,0,0,0,0,0
446,0,0,0,0,0,0,0,0,1
447,0,0,0,0,0,0,0,1,0
448,0,0,0,1,0,0,1,1,0
1934,0,0,0,0,0,0,0,1,0
1954,0,0,0,1,0,0,0,0,0
4109,0,0,0,0,1,0,1,1,0
4245,0,0,0,1,0,0,0,0,0
4246,0,0,0,1,0,0,0,2,0
4247,0,0,0,3,0,0,2,2,2
4250,0,0,0,2,0,1,3,3,10
4254,0,0,0,0,0,1,0,3,6
4255,0,0,0,2,0,0,2,4,2
4256,0,0,0,1,0,0,1,7,5
4257,0,0,0,1,0,0,0,1,0
4260,0,0,0,1,0,3,2,2,3
4262,0,0,0,1,0,0,0,3,0
4263,0,0,0,1,0,0,1,0,3
4265,0,0,0,4,0,3,4,0,2
4266,0,0,0,1,0,1,2,1,1
4267,0,0,0,1,0,0,3,0,1
4268,0,0,0,2,0,0,0,0,1
4270,0,0,0,1,0,3,7,2,3
4271,0,0,0,1,0,1,0,0,0
4273,0,0,0,1,0,0,0,1,1
4275,0,0,0,1,0,0,0,4,3
4277,0,0,0,2,0,0,1,2,1
4278,0,0,0,2,0,1,2,0,0
4279,0,0,0,1,0,0,3,4,7
4280,0,0,0,0,0,0,0,1,3
4281,0,0,0,2,0,0,0,4,0
4284,0,0,0,1,0,0,0,0,0
4285,0,0,0,1,0,0,0,1,1
4286,0,0,0,1,0,0,0,1,6
4287,0,0,0,0,0,0,0,1,0
4290,0,0,0,1,0,0,0,0,0
4292,0,0,0,1,0,0,0,0,0
4298,0,0,0,0,0,0,0,0,1
4299,0,0,0,1,0,0,0,3,2
4301,0,0,0,1,0,0,0,0,0
4304,0,0,0,0,0,0,2,3,4
4306,0,0,0,0,0,0,0,0,2
4307,0,0,0,1,1,1,0,3,0
4308,0,0,0,1,0,0,0,6,1
4309,0,0,0,1,0,0,0,1,0
4313,0,0,0,2,1,1,2,0,1
4314,0,0,0,1,0,0,1,1,0
4316,0,0,0,1,0,0,2,1,1
4317,0,0,0,1,0,2,2,1,4
4326,0,0,0,0,0,0,1,2,1
4328,0,0,0,1,0,1,0,0,0
4329,0,0,0,2,0,1,2,3,11
4330,0,0,0,1,0,0,0,0,0
4331,0,0,0,3,0,0,0,3,5
4333,0,0,0,1,0,2,0,0,0
4337,0,0,0,1,0,0,0,1,0
4342,0,0,0,2,1,0,1,2,0
4345,0,0,0,1,0,0,0,0,1
4350,0,0,0,1,0,1,3,2,2
4356,0,0,0,0,0,0,6,17,12
4361,0,0,0,1,1,0,0,1,0
4387,0,0,0,1,1,3,4,18,4
4413,0,0,0,1,0,0,0,2,0
4433,0,0,0,0,0,1,0,0,0
4475,0,0,0,0,0,0,0,1,0
4856,0,0,0,1,0,0,0,0,0
4857,0,0,0,1,0,1,7,4,3
4859,0,0,0,1,0,0,0,0,0
4860,0,0,0,0,0,0,0,0,2
4862,0,0,0,0,1,0,0,0,0
4863,0,0,0,1,0,1,1,0,0
4864,0,0,0,1,0,1,0,0,0
4867,0,0,0,0,0,0,0,0,1
4868,0,0,0,0,0,0,0,1,1
4870,0,0,0,1,0,0,4,1,0
4871,0,0,0,1,0,0,0,4,3
4874,0,0,0,1,0,0,1,0,1
4875,0,0,0,2,0,0,0,0,2
4876,0,0,0,1,0,0,1,0,1
4878,0,0,0,1,0,0,0,0,0
4879,0,0,0,3,0,4,0,8,10
4884,0,0,0,2,0,1,2,0,1
4885,0,0,0,0,0,0,1,0,0
4886,0,0,0,2,1,0,0,0,0
4887,0,0,0,0,1,0,0,1,0
4888,0,0,0,1,1,2,1,0,1
4890,0,0,0,1,0,0,0,0,0
4891,0,0,0,3,0,0,1,0,0
4893,0,0,0,2,0,0,0,0,0
4894,0,0,0,2,0,0,0,0,0
4896,0,0,0,1,0,1,0,0,0
4898,0,0,0,0,0,0,0,0,1
4901,0,0,0,1,0,0,1,0,0
4903,0,0,0,1,0,0,0,0,0
4906,0,0,0,1,0,0,1,0,0
4909,0,0,0,1,0,0,0,0,0
4910,0,0,0,1,0,0,1,0,0
4911,0,0,0,1,0,0,2,0,0
4914,0,0,0,1,0,0,0,0,0
4915,0,0,0,3,0,0,0,0,0
4918,0,0,0,1,0,0,0,0,0
4927,0,0,0,1,0,0,0,0,0
4938,0,0,0,1,0,1,0,1,1
4940,0,0,0,1,0,1,4,10,10
4941,0,0,0,1,3,0,1,2,0
4943,0,0,0,0,0,2,4,3,5
4945,0,0,0,2,0,3,3,8,11
4946,0,0,0,0,0,0,2,0,1
4947,0,0,0,1,0,0,0,1,4
4948,0,0,0,1,0,0,0,0,0
4949,0,0,0,1,0,0,0,1,0
4953,0,0,0,1,0,0,0,1,0
4954,0,0,0,1,0,0,0,2,3
4955,0,0,0,1,0,1,0,2,1
4957,0,0,0,0,0,0,0,0,1
4959,0,0,0,1,0,0,1,1,0
4960,0,0,0,1,0,0,0,0,0
4964,0,0,0,1,0,0,0,0,0
4965,0,0,0,1,1,0,0,0,2
4966,0,0,0,1,0,0,0,0,0
4967,0,0,0,2,0,2,1,0,6
4969,0,0,0,1,0,0,0,0,0
4970,0,0,0,1,0,0,0,0,0
4986,0,0,0,0,0,0,0,0,2
4987,0,0,0,1,0,0,0,0,0
5005,0,0,0,0,0,0,1,0,0
5015,0,0,0,1,0,0,0,0,0
5019,0,0,0,1,0,0,0,0,0
5021,0,0,0,2,0,0,0,0,0
5034,0,0,0,1,0,3,4,1,2
5751,0,0,0,1,0,0,0,0,0
5754,0,0,0,0,0,0,0,0,3
5759,0,0,0,0,0,0,0,0,1
5763,0,0,0,0,0,0,0,0,1
5764,0,0,0,0,0,0,0,2,2
5769,0,0,0,2,0,0,0,0,4
5770,0,0,0,2,1,0,0,1,2
5774,0,0,0,1,0,0,1,0,0
5777,0,0,0,1,0,0,0,0,0
5780,0,0,0,0,0,0,0,2,1
5788,0,0,0,0,0,0,0,2,5
5793,0,0,0,1,0,0,0,0,0
5794,0,0,0,0,0,0,0,0,1
5795,0,0,0,0,0,0,1,1,0
5805,0,0,0,1,0,0,0,0,0
5806,0,0,0,0,0,0,0,0,1
5811,0,0,0,1,0,0,0,0,0
5813,0,0,0,0,1,0,1,0,6
5814,0,0,0,1,0,1,0,4,5
5817,0,0,0,1,0,0,0,0,0
5818,0,0,0,0,0,1,1,3,5
5819,0,0,0,3,1,0,1,3,4
5821,0,0,0,0,0,0,2,2,3
5823,0,0,0,1,0,0,0,0,1
5830,0,0,0,0,0,0,0,0,2
5871,0,0,0,1,0,0,0,0,1
5873,0,0,0,1,0,0,0,2,1
6255,0,0,0,0,0,0,0,1,0
6257,0,0,0,1,0,0,0,0,0
6258,0,0,0,1,0,0,0,0,0
6260,0,0,0,0,0,1,2,3,0
6261,0,0,0,0,0,0,0,0,1
6262,0,0,0,1,0,0,0,1,1
6265,0,0,0,0,0,0,1,0,1
6269,0,0,0,0,0,0,2,3,4
6274,0,0,0,1,0,0,0,4,2
6277,0,0,0,0,0,0,0,0,1
6279,0,0,0,0,0,0,0,0,1
6283,0,0,0,1,0,0,1,0,0
6288,0,0,0,1,0,0,2,3,7
6291,0,0,0,1,0,0,0,1,1
6293,0,0,0,0,0,0,0,0,1
6297,0,0,0,2,0,0,0,0,0
6303,0,0,0,0,0,0,0,1,0
6317,0,0,0,0,0,1,1,2,0
6320,0,0,0,0,0,0,0,1,0
6322,0,0,0,1,0,0,0,0,0
6325,0,0,0,1,0,0,0,0,0
6327,0,0,0,1,0,0,0,0,0
6337,0,0,0,1,0,0,0,2,0
6358,0,0,0,0,0,0,1,1,0
6367,0,0,0,0,0,0,0,1,0
6389,0,0,0,0,0,0,0,1,0
6432,0,0,0,0,0,0,0,0,1
9452,0,0,0,0,0,0,0,0,1
10310,0,0,0,0,1,1,2,2,1
10315,0,0,0,0,0,1,0,2,1
10322,0,0,0,0,1,1,3,5,5
10324,0,0,0,0,0,0,0,1,0
10330,0,0,0,0,0,0,0,8,1
10332,0,0,0,0,1,0,0,4,4
10345,0,0,0,0,0,1,0,0,0
10374,0,0,0,0,0,0,0,0,1
10380,0,0,0,0,0,0,0,0,1
10388,0,0,0,0,0,0,3,0,0
10409,0,0,0,0,0,0,0,0,2
10545,0,0,0,0,2,0,2,0,1
11515,0,0,0,0,0,0,0,1,5
14005,0,0,0,0,0,2,0,1,0
14196,0,0,0,0,0,5,2,9,5
14197,0,0,0,0,0,0,1,1,1
14216,0,0,0,0,0,1,0,0,0
14217,0,0,0,0,0,0,0,0,2
14219,0,0,0,0,0,1,0,0,0
14225,0,0,0,0,0,0,0,0,1
14253,0,0,0,0,0,2,2,0,0
14314,0,0,0,0,0,2,2,2,1
14315,0,0,0,0,0,0,1,2,2
14450,0,0,0,0,0,0,0,0,1
14979,0,0,0,0,0,3,0,1,3
15611,0,0,0,0,0,2,2,5,4
15666,0,0,0,0,0,1,0,0,0
15668,0,0,0,0,0,1,0,0,0
15669,0,0,0,0,0,3,2,2,4
15675,0,0,0,0,0,1,1,0,1
15676,0,0,0,0,0,0,0,0,1
15682,0,0,0,0,0,0,0,0,3
15684,0,0,0,0,0,0,0,5,2
15690,0,0,0,0,0,0,0,2,0
15716,0,0,0,0,0,1,0,3,2
15754,0,0,0,0,0,0,0,1,1
15829,0,0,0,0,0,0,0,0,4
16477,0,0,0,0,0,0,0,0,3
17081,0,0,0,0,0,2,1,1,4
17200,0,0,0,0,0,2,1,2,3
17271,0,0,0,0,0,0,0,0,2
17300,0,0,0,0,0,0,0,1,3
17579,0,0,0,0,0,0,1,1,0
17586,0,0,0,0,0,0,0,1,1
18440,0,0,0,0,0,0,2,1,3
18443,0,0,0,0,0,0,0,1,0
18470,0,0,0,0,0,0,0,0,1
18489,0,0,0,0,0,1,0,0,0
18502,0,0,0,0,0,1,1,0,1
19427,0,0,0,0,0,0,1,0,1
19433,0,0,0,0,0,1,0,1,6
19438,0,0,0,0,0,1,1,0,2
19443,0,0,0,0,0,0,0,7,10
19452,0,0,0,0,0,1,0,3,0
19455,0,0,0,0,0,0,0,1,0
19466,0,0,0,0,0,3,5,2,4
19473,0,0,0,0,0,1,2,1,8
19492,0,0,0,0,0,1,3,4,7
19499,0,0,0,0,0,0,0,0,2
19506,0,0,0,0,0,0,1,0,0
19548,0,0,0,0,0,1,0,1,1
19868,0,0,0,0,0,0,3,1,3
19890,0,0,0,0,0,1,0,1,1
19891,0,0,0,0,0,1,0,0,0
19892,0,0,0,0,0,0,0,1,4
19894,0,0,0,0,0,0,1,1,1
19931,0,0,0,0,0,0,1,0,4
19932,0,0,0,0,0,0,0,0,1
19935,0,0,0,0,0,0,3,2,5
19943,0,0,0,0,0,2,0,0,1
19953,0,0,0,0,0,1,0,0,0
19955,0,0,0,0,0,1,1,0,1
19957,0,0,0,0,0,0,0,2,0
19964,0,0,0,0,0,1,1,2,2
19969,0,0,0,0,0,1,0,0,2
19970,0,0,0,0,0,1,0,0,0
19971,0,0,0,0,0,0,3,0,0
20313,0,0,0,0,0,0,6,1,9
20316,0,0,0,0,0,0,0,0,2
20322,0,0,0,0,0,0,1,3,3
20326,0,0,0,0,0,0,1,0,0
20329,0,0,0,0,0,0,1,4,8
20336,0,0,0,0,0,0,1,0,0
20339,0,0,0,0,0,0,1,0,0
20360,0,0,0,0,0,0,1,0,10
20364,0,0,0,0,0,0,0,3,3
20376,0,0,0,0,0,0,1,0,0
20712,0,0,0,0,0,0,0,0,2
20940,0,0,0,0,0,0,1,0,2
20941,0,0,0,0,0,0,3,1,3
20964,0,0,0,0,0,0,0,3,10
20996,0,0,0,0,0,0,3,0,0
21021,0,0,0,0,0,0,1,0,3
21056,0,0,0,0,0,0,1,0,0
21089,0,0,0,0,0,0,1,1,0
21100,0,0,0,0,0,0,1,0,0
21109,0,0,0,0,0,0,0,1,5
21117,0,0,0,0,0,0,1,0,0
21120,0,0,0,0,0,0,1,0,0
21170,0,0,0,0,0,0,4,4,3
21178,0,0,0,0,0,0,0,1,0
21180,0,0,0,0,0,0,0,0,1
21236,0,0,0,0,0,0,1,0,1
21243,0,0,0,0,0,0,0,0,2
21249,0,0,0,0,0,0,0,0,1
21260,0,0,0,0,0,0,1,0,0
21291,0,0,0,0,0,0,1,0,0
21313,0,0,0,0,0,0,0,0,1
21363,0,0,0,0,0,0,1,0,0
21368,0,0,0,0,0,0,1,0,0
21391,0,0,0,0,0,0,0,0,1
21395,0,0,0,0,0,0,0,0,1
21445,0,0,0,0,0,0,1,0,0
21447,0,0,0,0,0,0,1,0,0
21516,0,0,0,0,0,0,0,1,2
21569,0,0,0,0,0,0,1,0,0
21725,0,0,0,0,0,0,1,0,0
21846,0,0,0,0,0,0,1,0,0
22224,0,0,0,0,0,0,1,2,0
22283,0,0,0,0,0,0,2,0,0
22535,0,0,0,0,0,0,1,0,0
22724,0,0,0,0,0,0,1,1,0
22725,0,0,0,0,0,0,1,0,0
22731,0,0,0,0,0,0,1,1,0
22744,0,0,0,0,0,0,1,0,0
22854,0,0,0,0,0,0,1,1,0
22897,0,0,0,0,0,0,1,1,1
22930,0,0,0,0,0,0,1,3,4
22970,0,0,0,0,0,0,0,1,0
24170,0,0,0,0,0,0,0,3,2
24444,0,0,0,0,0,0,0,1,1
24740,0,0,0,0,0,0,1,1,4
24789,0,0,0,0,0,0,0,0,1
24825,0,0,0,0,0,0,1,1,3
24846,0,0,0,0,0,0,1,4,0
24853,0,0,0,0,0,0,0,0,2
24864,0,0,0,0,0,0,2,0,0
24870,0,0,0,0,0,0,1,0,0
24952,0,0,0,0,0,0,1,0,0
25028,0,0,0,0,0,0,0,0,1
25120,0,0,0,0,0,0,2,0,1
25188,0,0,0,0,0,0,2,1,0
25683,0,0,0,0,0,0,1,0,0
25696,0,0,0,0,0,0,3,3,18
25704,0,0,0,0,0,0,1,1,2
25708,0,0,0,0,0,0,1,0,1
26343,0,0,0,0,0,0,1,5,0
26421,0,0,0,0,0,0,1,0,0
26464,0,0,0,0,0,0,1,0,0
26662,0,0,0,0,0,0,0,1,1
26810,0,0,0,0,0,0,1,1,1
26877,0,0,0,0,0,0,0,3,0
26892,0,0,0,0,0,0,0,3,7
26958,0,0,0,0,0,0,0,0,1
27547,0,0,0,0,0,0,0,1,0
27833,0,0,0,0,0,0,0,1,3
28092,0,0,0,0,0,0,0,0,3
28227,0,0,0,0,0,0,0,1,0
28228,0,0,0,0,0,0,0,1,0
28444,0,0,0,0,0,0,0,1,1
28492,0,0,0,0,0,0,0,2,0
28578,0,0,0,0,0,0,0,1,0
28998,0,0,0,0,0,0,0,12,18
29337,0,0,0,0,0,0,0,0,1
29733,0,0,0,0,0,0,0,2,0
30205,0,0,0,0,0,0,0,2,2
30275,0,0,0,0,0,0,0,1,1
30277,0,0,0,0,0,0,0,1,1
30578,0,0,0,0,0,0,0,1,0
31266,0,0,0,0,0,0,0,0,2
31346,0,0,0,0,0,0,0,5,6
31356,0,0,0,0,0,0,0,0,4
31358,0,0,0,0,0,0,0,3,0
31361,0,0,0,0,0,0,0,2,0
31378,0,0,0,0,0,0,0,1,1
31444,0,0,0,0,0,0,0,1,3
31576,0,0,0,0,0,0,0,1,0
31604,0,0,0,0,0,0,0,0,3
31666,0,0,0,0,0,0,0,1,0
31847,0,0,0,0,0,0,0,1,0
31951,0,0,0,0,0,0,0,2,6
32050,0,0,0,0,0,0,0,1,0
32196,0,0,0,0,0,0,0,7,4
32729,0,0,0,0,0,0,0,1,7
32739,0,0,0,0,0,0,0,1,0
33188,0,0,0,0,0,0,0,0,3
33281,0,0,0,0,0,0,0,0,2
33705,0,0,0,0,0,0,0,2,1
33729,0,0,0,0,0,0,0,1,0
33849,0,0,0,0,0,0,0,1,0
33851,0,0,0,0,0,0,0,1,1
34210,0,0,0,0,0,0,0,1,0
34425,0,0,0,0,0,0,0,2,2
34478,0,0,0,0,0,0,0,0,2
34542,0,0,0,0,0,0,0,1,2
34843,0,0,0,0,0,0,0,1,0
35044,0,0,0,0,0,0,0,1,1
35095,0,0,0,0,0,0,0,2,0
35403,0,0,0,0,0,0,0,1,4
35417,0,0,0,0,0,0,0,0,1
35725,0,0,0,0,0,0,0,1,0
35988,0,0,0,0,0,0,0,1,0
35989,0,0,0,0,0,0,0,1,0
35998,0,0,0,0,0,0,0,0,3
36009,0,0,0,0,0,0,0,1,4
36140,0,0,0,0,0,0,0,0,7
36259,0,0,0,0,0,0,0,2,7
36268,0,0,0,0,0,0,0,1,2
36278,0,0,0,0,0,0,0,1,0
36539,0,0,0,0,0,0,0,1,0
36545,0,0,0,0,0,0,0,1,4
36569,0,0,0,0,0,0,0,1,0
36584,0,0,0,0,0,0,0,0,1
37078,0,0,0,0,0,0,0,0,2
37610,0,0,0,0,0,0,0,0,1
37656,0,0,0,0,0,0,0,1,0
37678,0,0,0,0,0,0,0,0,3
38175,0,0,0,0,0,0,0,0,1
38531,0,0,0,0,0,0,0,1,0
38626,0,0,0,0,0,0,0,0,1
39191,0,0,0,0,0,0,0,0,4
39224,0,0,0,0,0,0,0,0,3
39244,0,0,0,0,0,0,0,0,1
39248,0,0,0,0,0,0,0,0,1
39257,0,0,0,0,0,0,0,0,2
39583,0,0,0,0,0,0,0,0,3
39602,0,0,0,0,0,0,0,0,3
39725,0,0,0,0,0,0,0,0,1
39840,0,0,0,0,0,0,0,0,9
40422,0,0,0,0,0,0,0,0,1
40483,0,0,0,0,0,0,0,0,1
40799,0,0,0,0,0,0,0,0,1
40945,0,0,0,0,0,0,0,0,1
40947,0,0,0,0,0,0,0,0,1
40993,0,0,0,0,0,0,0,0,1
40997,0,0,0,0,0,0,0,0,6
41275,0,0,0,0,0,0,0,0,2
41348,0,0,0,0,0,0,0,0,2
41352,0,0,0,0,0,0,0,0,1
41656,0,0,0,0,0,0,0,0,4
41671,0,0,0,0,0,0,0,0,3
42150,0,0,0,0,0,0,0,0,2
42199,0,0,0,0,0,0,0,0,2
42267,0,0,0,0,0,0,0,0,1
42284,0,0,0,0,0,0,0,0,1
42321,0,0,0,0,0,0,0,0,1
42323,0,0,0,0,0,0,0,0,1
42328,0,0,0,0,0,0,0,0,1
42410,0,0,0,0,0,0,0,0,1
42507,0,0,0,0,0,0,0,0,1
42725,0,0,0,0,0,0,0,0,1
42745,0,0,0,0,0,0,0,0,2
43604,0,0,0,0,0,0,0,0,1
43633,0,0,0,0,0,0,0,0,1
44255,0,0,0,0,0,0,0,0,1
44302,0,0,0,0,0,0,0,0,3
44535,0,0,0,0,0,0,0,0,1
44563,0,0,0,0,0,0,0,0,1
44565,0,0,0,0,0,0,0,0,1
44992,0,0,0,0,0,0,0,0,1
45065,0,0,0,0,0,0,0,0,1
45335,0,0,0,0,0,0,0,0,3
45674,0,0,0,0,0,0,0,0,1
45675,0,0,0,0,0,0,0,0,1
45735,0,0,0,0,0,0,0,0,8
45753,0,0,0,0,0,0,0,0,1
45758,0,0,0,0,0,0,0,0,1
45879,0,0,0,0,0,0,0,0,3
47040,0,0,0,0,0,0,0,0,1
47042,0,0,0,0,0,0,0,0,1
47569,0,0,0,0,0,0,0,0,1
47953,0,0,0,0,0,0,0,0,2
48994,0,0,0,0,0,0,0,0,1
49055,0,0,0,0,0,0,0,0,1
49232,0,0,0,0,0,0,0,0,1
49261,0,0,0,0,0,0,0,0,1
49288,0,0,0,0,0,0,0,0,1
49352,0,0,0,0,0,0,0,0,1
49391,0,0,0,0,0,0,0,0,1
49410,0,0,0,0,0,0,0,0,1
49513,0,0,0,0,0,0,0,0,1
49597,0,0,0,0,0,0,0,0,1
49657,0,0,0,0,0,0,0,0,2
49669,0,0,0,0,0,0,0,0,1
49807,0,0,0,0,0,0,0,0,1
50059,0,0,0,0,0,0,0,0,1
50065,0,0,0,0,0,0,0,0,1
50072,0,0,0,0,0,0,0,0,1
50094,0,0,0,0,0,0,0,0,1
50119,0,0,0,0,0,0,0,0,1
50164,0,0,0,0,0,0,0,0,1
50188,0,0,0,0,0,0,0,0,1
50206,0,0,0,0,0,0,0,0,1
50208,0,0,0,0,0,0,0,0,1
50211,0,0,0,0,0,0,0,0,1
50235,0,0,0,0,0,0,0,0,1
50285,0,0,0,0,0,0,0,0,1
50315,0,0,0,0,0,0,0,0,1
50325,0,0,0,0,0,0,0,0,1
50328,0,0,0,0,0,0,0,0,1
50332,0,0,0,0,0,0,0,0,1
50358,0,0,0,0,0,0,0,0,1
50383,0,0,0,0,0,0,0,0,1
50394,0,0,0,0,0,0,0,0,1
50408,0,0,0,0,0,0,0,0,1
50566,0,0,0,0,0,0,0,0,1
50609,0,0,0,0,0,0,0,0,1
50613,0,0,0,0,0,0,0,0,1
50616,0,0,0,0,0,0,0,0,1
50634,0,0,0,0,0,0,0,0,1
50638,0,0,0,0,0,0,0,0,1
50650,0,0,0,0,0,0,0,0,1
50770,0,0,0,0,0,0,0,0,1
50797,0,0,0,0,0,0,0,0,1