462,0,0,0,0,0,1,0,2,2
841,0,0,0,1,32,146,66,91,79
910,0,0,0,0,1,6,3,4,21
1486,0,0,0,2,1,7,5,14,6
1576,0,0,0,0,1,0,0,0,0
3534,0,0,0,0,0,2,1,3,0
6723,0,0,0,0,0,2,0,0,1
6783,0,0,0,0,2,1,1,7,6
7064,0,0,0,0,2,4,0,0,4
7348,0,0,0,0,0,1,0,0,0
7469,0,0,0,0,1,1,1,0,0
7508,0,0,0,1,0,0,0,0,1
7509,0,0,0,0,0,0,1,0,0
7521,0,0,0,0,4,12,7,6,9
7529,0,0,0,1,0,0,0,1,1
7530,0,0,0,0,1,0,0,0,0
7532,0,0,0,1,1,1,0,1,1
7534,0,0,0,1,3,10,6,12,12
7536,0,0,0,0,3,3,0,0,4
7538,0,0,0,0,2,0,1,0,0
7540,0,0,0,1,0,1,0,0,1
7545,0,0,0,0,1,2,1,0,0
7546,0,0,0,1,0,0,0,0,0
7550,0,0,0,0,2,0,3,0,0
7555,0,0,0,1,0,3,5,4,0
7569,0,0,0,0,1,0,0,0,0
7580,0,0,0,1,1,4,2,4,5
7581,0,0,0,0,3,2,0,1,0
7586,0,0,0,0,3,4,2,7,1
7594,0,0,0,0,1,0,0,0,0
7598,0,0,0,0,3,4,1,2,9
7602,0,0,0,0,1,0,4,1,2
7603,0,0,0,0,0,0,0,0,1
7606,0,0,0,0,2,3,1,3,2
7609,0,0,0,0,0,0,0,0,7
7611,0,0,0,0,1,2,0,0,0
7612,0,0,0,0,3,26,45,50,53
7617,0,0,0,0,3,13,3,4,2
7621,0,0,0,0,1,0,0,0,0
7624,0,0,0,0,1,0,0,0,0
7626,0,0,0,0,1,0,0,0,0
7628,0,0,0,0,2,2,1,2,1
7629,0,0,0,0,2,2,0,4,2
7630,0,0,0,0,1,0,0,0,0
7631,0,0,0,0,3,2,0,0,0
7639,0,0,0,0,1,0,0,0,0
7649,0,0,0,0,2,0,0,0,0
7652,0,0,0,0,0,0,1,1,0
7655,0,0,0,0,1,1,0,0,0
7656,0,0,0,0,1,2,1,5,1
7657,0,0,0,0,1,0,0,0,0
7658,0,0,0,0,2,0,1,0,0
7661,0,0,0,0,2,0,1,0,1
7662,0,0,0,0,2,4,3,2,6
7666,0,0,0,0,4,7,3,11,11
7668,0,0,0,0,1,0,0,0,0
7670,0,0,0,0,1,1,0,0,0
7671,0,0,0,0,2,0,1,1,0
7691,0,0,0,0,1,0,0,0,0
7714,0,0,0,0,0,0,0,0,2
7716,0,0,0,0,1,0,0,0,0
7721,0,0,0,0,1,1,3,0,3
7722,0,0,0,0,1,3,0,0,0
7723,0,0,0,0,1,3,1,1,1
7728,0,0,0,0,1,4,0,0,0
7729,0,0,0,0,2,0,2,0,0
7734,0,0,0,0,2,3,3,1,0
7739,0,0,0,0,1,0,0,0,0
7745,0,0,0,0,1,0,1,1,2
7747,0,0,0,0,1,1,2,0,0
7749,0,0,0,0,0,0,0,0,1
7753,0,0,0,0,1,0,1,1,0
7754,0,0,0,0,2,1,2,1,0
7770,0,0,0,0,5,4,0,1,1
7782,0,0,0,0,2,0,1,0,1
7816,0,0,0,0,2,5,4,8,5
7846,0,0,0,0,1,0,0,0,0
7847,0,0,0,0,1,0,0,0,0
7848,0,0,0,0,0,0,1,1,0
7849,0,0,0,0,2,1,1,0,0
7853,0,0,0,0,1,0,0,0,0
7856,0,0,0,0,1,0,0,0,0
7860,0,0,0,0,4,4,5,7,1
7867,0,0,0,0,0,0,2,0,0
7870,0,0,0,0,1,0,0,0,0
7874,0,0,0,0,0,0,0,1,0
7893,0,0,0,0,1,5,3,4,5
7894,0,0,0,0,0,1,0,0,1
7897,0,0,0,0,1,0,0,0,0
7899,0,0,0,0,2,1,2,0,0
7901,0,0,0,0,1,3,1,5,3
7904,0,0,0,0,2,1,0,0,0
7905,0,0,0,0,1,1,0,3,0
7906,0,0,0,0,3,3,0,2,1
7909,0,0,0,0,1,0,0,0,1
7910,0,0,0,0,0,0,1,0,0
7911,0,0,0,0,0,0,1,0,0
7935,0,0,0,0,1,2,3,2,0
7941,0,0,0,0,1,0,0,0,1
7943,0,0,0,0,1,1,0,1,0
7944,0,0,0,0,1,0,0,0,0
7947,0,0,0,0,2,0,0,3,1
7960,0,0,0,0,1,0,1,1,1
7963,0,0,0,0,0,0,0,1,7
7966,0,0,0,0,2,0,0,0,0
7974,0,0,0,0,2,1,0,0,0
7996,0,0,0,0,0,2,0,2,1
7998,0,0,0,0,2,0,2,10,2
8002,0,0,0,0,1,0,0,4,4
8006,0,0,0,0,2,2,3,3,9
8016,0,0,0,0,0,0,0,0,1
8019,0,0,0,0,2,0,0,0,1
8572,0,0,0,0,1,1,6,10,2
8573,0,0,0,0,0,1,0,2,0
8575,0,0,0,0,4,5,1,6,5
8602,0,0,0,0,1,0,1,0,0
8615,0,0,0,0,1,4,3,5,6
8619,0,0,0,0,1,1,0,0,0
8620,0,0,0,0,1,0,0,0,0
8621,0,0,0,0,1,0,0,0,0
8635,0,0,0,0,3,2,3,1,5
8668,0,0,0,0,2,1,4,0,3
8670,0,0,0,0,0,3,0,0,1
8694,0,0,0,0,1,0,0,0,0
8906,0,0,0,0,1,5,2,3,3
8925,0,0,0,0,1,0,1,2,2
9000,0,0,0,0,1,4,4,2,18
9075,0,0,0,0,2,1,1,1,4
9076,0,0,0,0,2,4,3,5,4
9077,0,0,0,0,1,1,7,2,5
9079,0,0,0,0,0,0,0,2,0
9080,0,0,0,0,2,4,7,1,5
9083,0,0,0,0,1,6,8,7,10
9086,0,0,0,0,1,0,0,0,0
9087,0,0,0,0,0,0,0,1,0
9099,0,0,0,0,2,1,0,0,0
9100,0,0,0,0,0,0,3,2,5
9111,0,0,0,0,1,1,0,1,5
9118,0,0,0,0,2,2,1,8,3
9119,0,0,0,0,1,0,5,5,2
9125,0,0,0,0,0,0,0,0,2
9129,0,0,0,0,1,0,0,0,0
9131,0,0,0,0,1,0,0,0,0
9132,0,0,0,0,1,0,0,0,0
9133,0,0,0,0,1,0,0,0,0
9135,0,0,0,0,2,6,10,21,14
9150,0,0,0,0,1,2,0,0,0
9386,0,0,0,0,0,5,2,0,0
9439,0,0,0,0,0,0,0,6,3
9512,0,0,0,0,1,7,5,8,4
9513,0,0,0,0,2,1,3,6,1
9516,0,0,0,0,0,0,0,1,4
9572,0,0,0,0,0,0,2,4,1
9703,0,0,0,0,1,0,0,4,3
10216,0,0,0,0,0,0,0,1,0
10429,0,0,0,0,1,0,0,0,0
10432,0,0,0,0,2,1,6,3,12
10433,0,0,0,0,0,0,1,2,0
10438,0,0,0,0,0,0,2,2,2
10439,0,0,0,0,3,5,4,9,9
10440,0,0,0,0,0,1,0,0,0
10442,0,0,0,0,0,0,0,2,0
10449,0,0,0,0,0,3,6,3,6
10450,0,0,0,0,0,0,0,0,2
10453,0,0,0,0,0,0,4,0,1
10465,0,0,0,0,0,0,0,0,1
10506,0,0,0,0,2,0,0,0,0
10529,0,0,0,0,1,1,0,0,1
10542,0,0,0,0,2,3,4,1,2
10560,0,0,0,0,1,0,0,0,0
10581,0,0,0,0,2,1,1,1,0
10584,0,0,0,0,1,2,0,0,0
10592,0,0,0,0,0,0,1,0,0
10651,0,0,0,0,1,0,0,3,1
10710,0,0,0,0,1,0,0,0,0
11097,0,0,0,0,0,0,0,6,1
11354,0,0,0,0,0,5,2,3,5
11358,0,0,0,0,1,0,0,1,1
11378,0,0,0,0,1,1,0,0,7
11401,0,0,0,0,1,0,0,0,0
11405,0,0,0,0,1,6,1,2,3
11503,0,0,0,0,1,0,0,1,0
11519,0,0,0,0,0,0,0,0,1
11530,0,0,0,0,0,1,0,0,0
11536,0,0,0,0,1,0,0,0,0
11707,0,0,0,0,1,1,0,0,1
11713,0,0,0,0,1,0,0,0,0
11714,0,0,0,0,1,3,0,0,0
11715,0,0,0,0,1,0,0,0,0
11738,0,0,0,0,1,1,1,0,0
11748,0,0,0,0,1,0,0,0,0
11749,0,0,0,0,4,6,0,0,0
11751,0,0,0,0,1,1,0,0,0
11755,0,0,0,0,1,0,0,0,1
11758,0,0,0,0,1,0,0,0,0
11774,0,0,0,0,1,0,0,0,0
11778,0,0,0,0,2,0,0,0,0
11790,0,0,0,0,1,0,0,1,1
11797,0,0,0,0,1,0,0,0,0
11799,0,0,0,0,1,0,0,0,0
11801,0,0,0,0,1,2,0,3,0
11843,0,0,0,0,0,0,0,1,0
11850,0,0,0,0,1,13,0,1,0
11852,0,0,0,0,0,2,0,0,0
11868,0,0,0,0,1,1,0,2,6
11875,0,0,0,0,2,3,1,1,0
11880,0,0,0,0,0,0,0,0,1
12258,0,0,0,0,2,1,3,2,3
12267,0,0,0,0,0,3,0,0,0
12278,0,0,0,0,3,4,2,6,2
12281,0,0,0,0,0,0,4,12,0
12282,0,0,0,0,0,0,0,1,0
12289,0,0,0,0,1,2,1,0,0
12292,0,0,0,0,2,6,6,6,3
12293,0,0,0,0,0,0,0,0,1
12294,0,0,0,0,1,4,0,2,0
12297,0,0,0,0,1,2,0,0,0
12299,0,0,0,0,1,0,0,0,0
12303,0,0,0,0,1,0,0,0,0
12304,0,0,0,0,0,8,1,5,3
12318,0,0,0,0,1,6,0,0,0
12367,0,0,0,0,1,0,0,4,0
12369,0,0,0,0,0,13,11,15,10
12371,0,0,0,0,1,0,0,0,0
12378,0,0,0,0,1,0,0,0,0
12379,0,0,0,0,0,1,0,0,1
12384,0,0,0,0,2,1,0,3,2
12420,0,0,0,0,0,0,2,0,1
12428,0,0,0,0,1,1,0,0,0
12429,0,0,0,0,1,0,0,0,0
12430,0,0,0,0,1,0,0,0,0
12431,0,0,0,0,1,3,0,2,6
12435,0,0,0,0,0,1,0,0,0
12437,0,0,0,0,0,1,0,0,0
12440,0,0,0,0,1,0,0,1,0
12441,0,0,0,0,1,0,0,0,0
12463,0,0,0,0,1,0,0,0,0
12467,0,0,0,0,1,0,0,0,0
12469,0,0,0,0,0,1,0,2,1
12479,0,0,0,0,1,0,0,0,0
12484,0,0,0,0,1,0,0,0,0
12485,0,0,0,0,1,0,0,0,0
12495,0,0,0,0,0,0,4,10,5
12497,0,0,0,0,0,7,0,4,0
12500,0,0,0,0,1,1,1,2,0
12509,0,0,0,0,1,0,0,0,1
12519,0,0,0,0,1,1,5,0,4
12523,0,0,0,0,1,0,0,0,0
12585,0,0,0,0,0,1,0,1,0
12590,0,0,0,0,0,0,1,4,0
12596,0,0,0,0,0,0,1,7,5
12639,0,0,0,0,0,0,0,0,1
12641,0,0,0,0,0,0,0,0,3
12644,0,0,0,0,1,0,0,0,0
12648,0,0,0,0,0,0,8,10,7
12654,0,0,0,0,1,0,1,0,0
12689,0,0,0,0,1,0,0,0,0
12727,0,0,0,0,1,0,0,0,0
12743,0,0,0,0,0,1,2,1,2
12750,0,0,0,0,0,0,0,2,1
12761,0,0,0,0,1,1,1,0,2
12773,0,0,0,0,1,0,0,0,0
12784,0,0,0,0,1,0,0,0,0
12785,0,0,0,0,1,0,0,0,2
12842,0,0,0,0,1,1,0,0,0
12846,0,0,0,0,0,0,0,0,1
12851,0,0,0,0,0,0,0,0,1
12874,0,0,0,0,0,1,2,7,2
12926,0,0,0,0,0,0,0,1,1
12955,0,0,0,0,1,1,2,1,1
13046,0,0,0,0,0,4,3,2,1
13073,0,0,0,0,0,0,0,0,4
13086,0,0,0,0,0,0,0,0,1
13088,0,0,0,0,0,2,0,7,0
13101,0,0,0,0,0,0,0,1,0
13120,0,0,0,0,0,1,2,1,6
13146,0,0,0,0,0,0,1,0,0
13154,0,0,0,0,0,1,0,0,0
13160,0,0,0,0,0,1,0,0,0
13201,0,0,0,0,0,5,2,1,2
13202,0,0,0,0,0,1,0,3,0
13203,0,0,0,0,0,2,1,0,2
13207,0,0,0,0,0,1,0,0,0
13210,0,0,0,0,0,1,2,0,6
13212,0,0,0,0,0,1,1,1,0
13228,0,0,0,0,0,0,2,2,0
13230,0,0,0,0,0,4,5,1,2
13291,0,0,0,0,0,0,0,0,1
13320,0,0,0,0,0,9,11,8,8
13359,0,0,0,0,0,1,2,3,7
13362,0,0,0,0,0,2,1,0,0
13363,0,0,0,0,0,0,0,1,1
13533,0,0,0,0,0,3,2,5,1
13538,0,0,0,0,0,0,0,0,1
13542,0,0,0,0,0,2,0,0,0
13543,0,0,0,0,0,0,0,0,2
13549,0,0,0,0,0,1,0,0,0
13552,0,0,0,0,0,3,1,0,4
13632,0,0,0,0,0,2,0,0,0
13635,0,0,0,0,0,7,0,1,2
13683,0,0,0,0,0,10,14,10,2
13754,0,0,0,0,0,1,0,8,12
13806,0,0,0,0,0,2,4,0,1
13824,0,0,0,0,0,1,1,0,1
13883,0,0,0,0,0,3,1,0,0
13901,0,0,0,0,0,0,0,2,0
13903,0,0,0,0,0,2,0,4,0
13907,0,0,0,0,0,1,0,0,0
13912,0,0,0,0,0,0,0,1,5
13932,0,0,0,0,0,1,0,0,0
13945,0,0,0,0,0,1,3,2,1
13957,0,0,0,0,0,0,0,5,2
13998,0,0,0,0,0,4,0,1,0
13999,0,0,0,0,0,2,3,2,2
14009,0,0,0,0,0,0,1,2,4
14017,0,0,0,0,0,0,0,0,2
14028,0,0,0,0,0,1,0,6,6
14044,0,0,0,0,0,20,17,13,5
14045,0,0,0,0,0,2,3,2,7
14050,0,0,0,0,0,7,3,10,7
14057,0,0,0,0,0,3,3,1,0
14068,0,0,0,0,0,1,0,0,0
14077,0,0,0,0,0,0,1,0,0
14080,0,0,0,0,0,0,1,2,4
14089,0,0,0,0,0,0,1,0,0
14112,0,0,0,0,0,2,0,0,2
14131,0,0,0,0,0,7,10,7,5
14137,0,0,0,0,0,1,4,1,0
14261,0,0,0,0,0,0,0,1,2
14297,0,0,0,0,0,9,2,1,0
14317,0,0,0,0,0,1,1,0,0
14333,0,0,0,0,0,2,0,0,0
14412,0,0,0,0,0,3,0,0,0
14462,0,0,0,0,0,1,0,0,0
14472,0,0,0,0,0,3,1,2,0
14563,0,0,0,0,0,1,0,0,0
14613,0,0,0,0,0,2,0,0,0
14615,0,0,0,0,0,1,0,0,0
14616,0,0,0,0,0,0,3,0,8
14617,0,0,0,0,0,1,5,8,0
14628,0,0,0,0,0,1,0,0,0
14672,0,0,0,0,0,0,0,1,4
14679,0,0,0,0,0,4,3,0,0
14683,0,0,0,0,0,2,0,1,0
14715,0,0,0,0,0,0,0,4,3
14718,0,0,0,0,0,1,0,0,0
14769,0,0,0,0,0,1,1,1,3
14789,0,0,0,0,0,1,0,0,0
14880,0,0,0,0,0,1,0,0,0
14894,0,0,0,0,0,2,2,3,3
14993,0,0,0,0,0,1,0,0,0
14994,0,0,0,0,0,2,1,0,0
15115,0,0,0,0,0,0,2,0,0
15214,0,0,0,0,0,0,1,1,1
15482,0,0,0,0,0,1,0,0,0
15485,0,0,0,0,0,1,0,0,0
15486,0,0,0,0,0,1,4,7,5
15492,0,0,0,0,0,1,0,0,0
15496,0,0,0,0,0,3,1,1,4
15500,0,0,0,0,0,1,0,0,0
15507,0,0,0,0,0,1,0,0,0
15543,0,0,0,0,0,1,0,0,0
15558,0,0,0,0,0,1,3,5,4
15560,0,0,0,0,0,1,0,0,0
15575,0,0,0,0,0,1,0,0,0
15588,0,0,0,0,0,2,0,2,3
15617,0,0,0,0,0,4,3,1,3
15695,0,0,0,0,0,0,0,0,1
15721,0,0,0,0,0,0,0,0,1
15753,0,0,0,0,0,1,0,0,0
15757,0,0,0,0,0,0,0,0,1
15786,0,0,0,0,0,1,0,0,1
15893,0,0,0,0,0,1,0,1,1
15896,0,0,0,0,0,0,1,3,5
15902,0,0,0,0,0,2,1,0,2
15925,0,0,0,0,0,2,0,0,0
15926,0,0,0,0,0,0,0,0,1
15938,0,0,0,0,0,6,2,4,3
15955,0,0,0,0,0,1,0,0,0
15995,0,0,0,0,0,1,0,0,0
16018,0,0,0,0,0,0,0,1,0
16021,0,0,0,0,0,1,0,1,2
16028,0,0,0,0,0,2,0,1,0
16031,0,0,0,0,0,0,0,0,1
16158,0,0,0,0,0,1,1,11,2
16253,0,0,0,0,0,0,1,3,2
16265,0,0,0,0,0,2,0,0,3
16403,0,0,0,0,0,2,6,0,4
16464,0,0,0,0,0,0,1,0,0
16469,0,0,0,0,0,0,0,1,0
16499,0,0,0,0,0,6,7,6,4
16503,0,0,0,0,0,0,0,1,0
16559,0,0,0,0,0,1,1,0,0
16786,0,0,0,0,0,2,0,0,0
16810,0,0,0,0,0,3,1,0,0
16827,0,0,0,0,0,1,0,1,0
16853,0,0,0,0,0,0,0,3,2
16858,0,0,0,0,0,0,1,3,4
16917,0,0,0,0,0,2,3,2,2
17150,0,0,0,0,0,2,0,0,1
17301,0,0,0,0,0,1,0,0,0
17323,0,0,0,0,0,1,0,0,0
17464,0,0,0,0,0,3,3,7,16
17506,0,0,0,0,0,0,1,0,0
17519,0,0,0,0,0,0,0,0,3
17648,0,0,0,0,0,1,1,2,3
17660,0,0,0,0,0,1,0,0,0
17661,0,0,0,0,0,0,0,1,0
17739,0,0,0,0,0,2,0,0,0
17770,0,0,0,0,0,1,0,0,0
17863,0,0,0,0,0,0,3,4,0
17960,0,0,0,0,0,2,1,0,0
17984,0,0,0,0,0,1,0,0,0
18643,0,0,0,0,0,6,3,6,10
18871,0,0,0,0,0,1,1,0,0
18891,0,0,0,0,0,0,3,1,0
18934,0,0,0,0,0,0,1,9,3
18970,0,0,0,0,0,2,6,1,1
18975,0,0,0,0,0,0,0,0,1
19075,0,0,0,0,0,2,1,0,2
19149,0,0,0,0,0,0,3,3,0
19162,0,0,0,0,0,0,0,0,2
19187,0,0,0,0,0,0,0,4,0
19286,0,0,0,0,0,1,4,3,0
19382,0,0,0,0,0,1,0,0,0
19471,0,0,0,0,0,2,1,1,1
19489,0,0,0,0,0,0,0,1,0
19498,0,0,0,0,0,0,0,1,0
19505,0,0,0,0,0,1,2,1,1
19565,0,0,0,0,0,0,0,0,1
19604,0,0,0,0,0,1,0,5,4
19609,0,0,0,0,0,1,0,0,0
19629,0,0,0,0,0,0,1,0,0
19739,0,0,0,0,0,0,0,1,0
19793,0,0,0,0,0,0,0,0,1
19832,0,0,0,0,0,0,0,1,0
19861,0,0,0,0,0,0,2,3,0
19907,0,0,0,0,0,0,1,0,0
19920,0,0,0,0,0,0,1,1,1
20075,0,0,0,0,0,1,0,0,0
20119,0,0,0,0,0,0,2,0,1
20120,0,0,0,0,0,0,11,6,6
20148,0,0,0,0,0,0,7,1,0
20173,0,0,0,0,0,0,1,0,0
20174,0,0,0,0,0,0,6,8,2
20258,0,0,0,0,0,0,0,0,1
20263,0,0,0,0,0,0,0,7,8
20412,0,0,0,0,0,0,2,0,0
20414,0,0,0,0,0,0,0,2,1
20462,0,0,0,0,0,0,1,0,0
20483,0,0,0,0,0,0,4,0,0
20525,0,0,0,0,0,0,0,1,1
20556,0,0,0,0,0,0,1,0,0
20568,0,0,0,0,0,0,1,2,5
20598,0,0,0,0,0,0,1,2,0
20669,0,0,0,0,0,0,1,0,0
20950,0,0,0,0,0,0,2,0,0
21034,0,0,0,0,0,0,0,0,1
21040,0,0,0,0,0,0,0,1,0
21116,0,0,0,0,0,0,1,0,0
21131,0,0,0,0,0,0,0,0,1
21258,0,0,0,0,0,0,0,0,4
21314,0,0,0,0,0,0,1,0,1
21315,0,0,0,0,0,0,0,0,1
21400,0,0,0,0,0,0,1,0,0
21431,0,0,0,0,0,0,1,2,2
21457,0,0,0,0,0,0,1,0,3
21466,0,0,0,0,0,0,1,0,0
21497,0,0,0,0,0,0,1,0,0
21559,0,0,0,0,0,0,1,0,0
21609,0,0,0,0,0,0,1,12,5
22033,0,0,0,0,0,0,0,0,1
22034,0,0,0,0,0,0,5,6,1
22240,0,0,0,0,0,0,5,7,3
22454,0,0,0,0,0,0,1,0,1
23081,0,0,0,0,0,0,0,5,4
23086,0,0,0,0,0,0,1,0,0
23475,0,0,0,0,0,0,3,0,0
23497,0,0,0,0,0,0,4,0,0
23709,0,0,0,0,0,0,1,0,0
23748,0,0,0,0,0,0,1,2,2
24006,0,0,0,0,0,0,1,0,0
24061,0,0,0,0,0,0,0,0,1
24064,0,0,0,0,0,0,1,0,0
24083,0,0,0,0,0,0,2,3,1
24087,0,0,0,0,0,0,0,2,1
24089,0,0,0,0,0,0,2,0,0
24166,0,0,0,0,0,0,2,0,0
24231,0,0,0,0,0,0,0,2,0
24319,0,0,0,0,0,0,1,0,0
24339,0,0,0,0,0,0,0,1,0
24408,0,0,0,0,0,0,1,1,0
24705,0,0,0,0,0,0,1,10,7
24772,0,0,0,0,0,0,0,0,1
24797,0,0,0,0,0,0,2,0,0
24824,0,0,0,0,0,0,1,0,0
24908,0,0,0,0,0,0,2,0,0
24959,0,0,0,0,0,0,1,1,0
24966,0,0,0,0,0,0,6,4,10
24987,0,0,0,0,0,0,1,3,2
25145,0,0,0,0,0,0,1,0,0
25394,0,0,0,0,0,0,1,0,1
25663,0,0,0,0,0,0,0,0,1
25970,0,0,0,0,0,0,2,8,8
26113,0,0,0,0,0,0,1,0,0
26161,0,0,0,0,0,0,7,2,0
26197,0,0,0,0,0,0,1,4,5
26256,0,0,0,0,0,0,1,0,0
26262,0,0,0,0,0,0,1,1,0
26325,0,0,0,0,0,0,2,20,0
26381,0,0,0,0,0,0,1,2,0
26423,0,0,0,0,0,0,1,3,1
26775,0,0,0,0,0,0,0,2,4
26832,0,0,0,0,0,0,0,0,1
26847,0,0,0,0,0,0,0,2,0
26907,0,0,0,0,0,0,0,1,0
26920,0,0,0,0,0,0,0,1,0
26934,0,0,0,0,0,0,1,2,2
27310,0,0,0,0,0,0,3,4,0
27338,0,0,0,0,0,0,2,0,0
27684,0,0,0,0,0,0,0,0,1
27725,0,0,0,0,0,0,3,15,29
27732,0,0,0,0,0,0,0,1,6
28294,0,0,0,0,0,0,0,1,0
28369,0,0,0,0,0,0,0,1,0
28904,0,0,0,0,0,0,0,3,2
28905,0,0,0,0,0,0,0,2,0
28997,0,0,0,0,0,0,0,5,0
29071,0,0,0,0,0,0,0,1,0
29120,0,0,0,0,0,0,0,11,13
29149,0,0,0,0,0,0,0,0,1
29586,0,0,0,0,0,0,0,1,0
29705,0,0,0,0,0,0,0,1,0
29775,0,0,0,0,0,0,0,2,0
29918,0,0,0,0,0,0,0,3,1
29949,0,0,0,0,0,0,0,0,6
30002,0,0,0,0,0,0,0,1,0
30006,0,0,0,0,0,0,0,1,0
30010,0,0,0,0,0,0,0,1,0
30014,0,0,0,0,0,0,0,1,0
30018,0,0,0,0,0,0,0,1,0
30165,0,0,0,0,0,0,0,0,1
30192,0,0,0,0,0,0,0,12,6
30252,0,0,0,0,0,0,0,1,0
30292,0,0,0,0,0,0,0,1,0
30332,0,0,0,0,0,0,0,0,1
30490,0,0,0,0,0,0,0,0,1
30543,0,0,0,0,0,0,0,2,2
30575,0,0,0,0,0,0,0,2,4
30585,0,0,0,0,0,0,0,2,0
30786,0,0,0,0,0,0,0,1,0
30809,0,0,0,0,0,0,0,5,3
30815,0,0,0,0,0,0,0,3,9
30823,0,0,0,0,0,0,0,1,0
30846,0,0,0,0,0,0,0,4,0
30919,0,0,0,0,0,0,0,13,9
30930,0,0,0,0,0,0,0,2,0
31025,0,0,0,0,0,0,0,2,0
31071,0,0,0,0,0,0,0,2,0
31177,0,0,0,0,0,0,0,6,7
31179,0,0,0,0,0,0,0,1,0
31180,0,0,0,0,0,0,0,0,1
31181,0,0,0,0,0,0,0,2,0
31186,0,0,0,0,0,0,0,1,1
31187,0,0,0,0,0,0,0,1,0
31285,0,0,0,0,0,0,0,2,0
31331,0,0,0,0,0,0,0,4,0
31364,0,0,0,0,0,0,0,3,0
31389,0,0,0,0,0,0,0,3,3
31781,0,0,0,0,0,0,0,2,0
31788,0,0,0,0,0,0,0,0,1
32076,0,0,0,0,0,0,0,1,0
32133,0,0,0,0,0,0,0,4,1
32236,0,0,0,0,0,0,0,1,3
32312,0,0,0,0,0,0,0,1,0
32423,0,0,0,0,0,0,0,1,0
32683,0,0,0,0,0,0,0,0,2
32769,0,0,0,0,0,0,0,1,3
32884,0,0,0,0,0,0,0,0,2
33266,0,0,0,0,0,0,0,5,3
33363,0,0,0,0,0,0,0,4,3
33422,0,0,0,0,0,0,0,2,4
33432,0,0,0,0,0,0,0,0,1
33672,0,0,0,0,0,0,0,1,1
33718,0,0,0,0,0,0,0,1,2
33905,0,0,0,0,0,0,0,1,0
33947,0,0,0,0,0,0,0,1,0
33995,0,0,0,0,0,0,0,0,1
33997,0,0,0,0,0,0,0,1,0
34034,0,0,0,0,0,0,0,0,3
34037,0,0,0,0,0,0,0,2,0
34038,0,0,0,0,0,0,0,1,0
34173,0,0,0,0,0,0,0,1,1
34219,0,0,0,0,0,0,0,1,0
34239,0,0,0,0,0,0,0,1,0
34394,0,0,0,0,0,0,0,1,0
34418,0,0,0,0,0,0,0,0,1
34457,0,0,0,0,0,0,0,4,16
34637,0,0,0,0,0,0,0,1,0
34668,0,0,0,0,0,0,0,1,0
34716,0,0,0,0,0,0,0,1,0
34794,0,0,0,0,0,0,0,1,0
34997,0,0,0,0,0,0,0,2,0
35033,0,0,0,0,0,0,0,1,0
35060,0,0,0,0,0,0,0,1,2
35341,0,0,0,0,0,0,0,2,0
35347,0,0,0,0,0,0,0,2,0
35348,0,0,0,0,0,0,0,1,2
35354,0,0,0,0,0,0,0,1,0
35357,0,0,0,0,0,0,0,1,0
35359,0,0,0,0,0,0,0,1,0
35360,0,0,0,0,0,0,0,0,2
35387,0,0,0,0,0,0,0,1,0
35519,0,0,0,0,0,0,0,1,5
35912,0,0,0,0,0,0,0,3,5
36264,0,0,0,0,0,0,0,1,6
36280,0,0,0,0,0,0,0,0,1
36281,0,0,0,0,0,0,0,6,11
36329,0,0,0,0,0,0,0,1,0
36582,0,0,0,0,0,0,0,1,0
36599,0,0,0,0,0,0,0,0,2
36600,0,0,0,0,0,0,0,0,1
36754,0,0,0,0,0,0,0,1,0
36794,0,0,0,0,0,0,0,0,6
36892,0,0,0,0,0,0,0,1,1
37229,0,0,0,0,0,0,0,0,1
37239,0,0,0,0,0,0,0,1,4
37260,0,0,0,0,0,0,0,0,2
37296,0,0,0,0,0,0,0,2,5
37393,0,0,0,0,0,0,0,2,6
37396,0,0,0,0,0,0,0,1,0
37407,0,0,0,0,0,0,0,0,1
37534,0,0,0,0,0,0,0,2,0
37574,0,0,0,0,0,0,0,1,4
37958,0,0,0,0,0,0,0,1,1
38184,0,0,0,0,0,0,0,0,2
38191,0,0,0,0,0,0,0,1,9
38344,0,0,0,0,0,0,0,1,1
38515,0,0,0,0,0,0,0,1,6
38516,0,0,0,0,0,0,0,0,1
38619,0,0,0,0,0,0,0,0,4
38716,0,0,0,0,0,0,0,0,4
38746,0,0,0,0,0,0,0,0,4
38792,0,0,0,0,0,0,0,0,2
39053,0,0,0,0,0,0,0,0,3
39237,0,0,0,0,0,0,0,0,2
39249,0,0,0,0,0,0,0,0,1
39323,0,0,0,0,0,0,0,0,2
39594,0,0,0,0,0,0,0,0,4
39758,0,0,0,0,0,0,0,0,4
39780,0,0,0,0,0,0,0,0,3
39795,0,0,0,0,0,0,0,0,6
40045,0,0,0,0,0,0,0,0,1
40191,0,0,0,0,0,0,0,0,1
40262,0,0,0,0,0,0,0,0,3
40292,0,0,0,0,0,0,0,0,1
41238,0,0,0,0,0,0,0,0,1
41267,0,0,0,0,0,0,0,0,8
41369,0,0,0,0,0,0,0,0,4
41486,0,0,0,0,0,0,0,0,1
41561,0,0,0,0,0,0,0,0,5
41832,0,0,0,0,0,0,0,0,1
41914,0,0,0,0,0,0,0,0,2
41920,0,0,0,0,0,0,0,0,1
41944,0,0,0,0,0,0,0,0,1
42223,0,0,0,0,0,0,0,0,3
42514,0,0,0,0,0,0,0,0,2
42694,0,0,0,0,0,0,0,0,1
42935,0,0,0,0,0,0,0,0,3
43017,0,0,0,0,0,0,0,0,2
43184,0,0,0,0,0,0,0,0,2
43214,0,0,0,0,0,0,0,0,1
43388,0,0,0,0,0,0,0,0,1
43434,0,0,0,0,0,0,0,0,1
43445,0,0,0,0,0,0,0,0,2
43468,0,0,0,0,0,0,0,0,5
43469,0,0,0,0,0,0,0,0,8
43476,0,0,0,0,0,0,0,0,1
43509,0,0,0,0,0,0,0,0,2
43518,0,0,0,0,0,0,0,0,1
43557,0,0,0,0,0,0,0,0,2
43585,0,0,0,0,0,0,0,0,2
43674,0,0,0,0,0,0,0,0,5
43935,0,0,0,0,0,0,0,0,2
44256,0,0,0,0,0,0,0,0,1
44375,0,0,0,0,0,0,0,0,1
44551,0,0,0,0,0,0,0,0,1
44569,0,0,0,0,0,0,0,0,1
44591,0,0,0,0,0,0,0,0,2
44824,0,0,0,0,0,0,0,0,1
44963,0,0,0,0,0,0,0,0,3
46062,0,0,0,0,0,0,0,0,3
46569,0,0,0,0,0,0,0,0,2
46606,0,0,0,0,0,0,0,0,1
46607,0,0,0,0,0,0,0,0,3
46608,0,0,0,0,0,0,0,0,2
46723,0,0,0,0,0,0,0,0,11
46756,0,0,0,0,0,0,0,0,1
46758,0,0,0,0,0,0,0,0,2
47791,0,0,0,0,0,0,0,0,1
47858,0,0,0,0,0,0,0,0,2
47926,0,0,0,0,0,0,0,0,2
48086,0,0,0,0,0,0,0,0,1
48296,0,0,0,0,0,0,0,0,1
48379,0,0,0,0,0,0,0,0,1
48432,0,0,0,0,0,0,0,0,1
48576,0,0,0,0,0,0,0,0,1
48619,0,0,0,0,0,0,0,0,1
48648,0,0,0,0,0,0,0,0,1
48652,0,0,0,0,0,0,0,0,1
48659,0,0,0,0,0,0,0,0,1
48660,0,0,0,0,0,0,0,0,1
48687,0,0,0,0,0,0,0,0,1
48690,0,0,0,0,0,0,0,0,1
48703,0,0,0,0,0,0,0,0,1
48706,0,0,0,0,0,0,0,0,1
48723,0,0,0,0,0,0,0,0,1
48746,0,0,0,0,0,0,0,0,1
48764,0,0,0,0,0,0,0,0,1
48789,0,0,0,0,0,0,0,0,1
49018,0,0,0,0,0,0,0,0,1
49068,0,0,0,0,0,0,0,0,1
49070,0,0,0,0,0,0,0,0,1
49074,0,0,0,0,0,0,0,0,1
49158,0,0,0,0,0,0,0,0,1
49179,0,0,0,0,0,0,0,0,1
49210,0,0,0,0,0,0,0,0,1
49276,0,0,0,0,0,0,0,0,1
49318,0,0,0,0,0,0,0,0,1
49353,0,0,0,0,0,0,0,0,1
49373,0,0,0,0,0,0,0,0,1
49451,0,0,0,0,0,0,0,0,1
49474,0,0,0,0,0,0,0,0,1
49560,0,0,0,0,0,0,0,0,1
49628,0,0,0,0,0,0,0,0,1
49632,0,0,0,0,0,0,0,0,1
49656,0,0,0,0,0,0,0,0,1
49673,0,0,0,0,0,0,0,0,1
49677,0,0,0,0,0,0,0,0,1
49717,0,0,0,0,0,0,0,0,1
49728,0,0,0,0,0,0,0,0,1
49792,0,0,0,0,0,0,0,0,1
49945,0,0,0,0,0,0,0,0,1
49978,0,0,0,0,0,0,0,0,1
49980,0,0,0,0,0,0,0,0,1
50104,0,0,0,0,0,0,0,0,1
50111,0,0,0,0,0,0,0,0,1
50141,0,0,0,0,0,0,0,0,1
50248,0,0,0,0,0,0,0,0,1
50440,0,0,0,0,0,0,0,0,1
50524,0,0,0,0,0,0,0,0,1
50568,0,0,0,0,0,0,0,0,1
50579,0,0,0,0,0,0,0,0,1
50583,0,0,0,0,0,0,0,0,1
50591,0,0,0,0,0,0,0,0,1
50643,0,0,0,0,0,0,0,0,1
50653,0,0,0,0,0,0,0,0,1
50667,0,0,0,0,0,0,0,0,1
50684,0,0,0,0,0,0,0,0,1
50738,0,0,0,0,0,0,0,0,1
50894,0,0,0,0,0,0,0,0,1
50901,0,0,0,0,0,0,0,0,1