1004,0,0,0,0,0,0,0,0,0,0,1,0
4744,0,0,0,0,0,0,2,0,0,0,0,0
4912,0,0,0,0,0,0,0,0,2,0,0,0
5356,0,0,0,0,0,0,0,0,2,0,0,0
5676,0,0,0,0,0,0,0,0,0,3,15,5
6904,0,0,0,0,0,1,0,0,0,0,0,0
7155,0,0,0,0,0,1,0,0,0,0,0,0
7224,0,0,0,0,0,0,0,1,3,4,13,4
7249,0,0,0,0,0,0,0,0,2,3,5,2
7645,0,0,0,0,0,0,0,0,0,0,1,0
8098,0,0,0,0,0,0,0,2,0,0,2,2
8121,0,0,0,0,0,0,0,4,6,1,4,5
8922,0,0,0,0,0,0,0,0,0,5,0,1
9004,0,0,0,0,0,0,0,0,0,0,3,1
9261,0,0,0,0,0,0,1,4,4,3,6,3
9530,0,0,0,0,0,0,0,0,2,2,3,0
9578,0,0,0,0,0,0,0,9,6,3,1,3
10350,0,0,0,0,0,0,0,1,10,3,5,10
13157,0,0,0,0,0,0,0,0,0,0,2,3
13263,0,0,0,0,0,0,0,0,1,0,0,0
13506,0,0,0,0,0,0,0,0,0,0,2,0
13829,0,0,0,0,0,0,0,0,5,6,10,5
17009,0,0,0,0,0,0,0,0,2,0,0,0
21554,0,0,0,0,0,0,0,0,2,8,14,0
26494,0,0,0,0,0,0,0,0,0,0,3,0
27300,0,0,0,0,0,0,0,1,0,0,0,0
28386,0,0,0,0,0,0,0,2,2,0,11,4
29180,0,0,0,0,0,0,0,1,0,0,0,0
29809,0,0,0,0,0,0,0,0,0,3,2,2
30868,0,0,0,0,0,0,0,0,0,0,5,0
32912,0,0,0,0,0,0,0,1,3,0,0,0
33970,0,0,0,0,0,0,0,0,0,0,2,0
34318,0,0,0,0,0,0,0,0,5,0,0,0
34904,0,0,0,0,0,0,0,0,3,8,12,2
34963,0,0,0,0,0,0,0,0,0,2,5,0
35371,0,0,0,0,0,0,0,1,1,0,0,5
35868,0,0,0,0,0,0,0,1,1,0,0,0
37054,0,0,0,0,0,0,0,0,1,4,11,14
37261,0,0,0,0,0,0,0,0,0,0,0,1
37386,0,0,0,0,0,0,0,0,0,2,3,7
37963,0,0,0,0,0,0,0,0,8,11,9,1
38362,0,0,0,0,0,0,0,0,0,0,7,3
38764,0,0,0,0,0,0,0,0,1,5,6,3
39722,0,0,0,0,0,0,0,0,1,1,8,3
40299,0,0,0,0,0,0,0,0,0,4,1,4
40372,0,0,0,0,0,0,0,0,1,4,6,6
41188,0,0,0,0,0,0,0,0,2,0,2,0
41592,0,0,0,0,0,0,0,0,0,0,2,0
41799,0,0,0,0,0,0,0,0,0,1,3,4
42279,0,0,0,0,0,0,0,0,3,3,3,2
42672,0,0,0,0,0,0,0,0,1,0,0,0
44387,0,0,0,0,0,0,0,0,0,0,1,5
46640,0,0,0,0,0,0,0,0,1,2,2,0
47073,0,0,0,0,0,0,0,0,0,0,0,2
55859,0,0,0,0,0,0,0,0,0,1,0,0
56671,0,0,0,0,0,0,0,0,0,4,0,0
57901,0,0,0,0,0,0,0,0,0,11,25,16
59155,0,0,0,0,0,0,0,0,0,0,2,0
60168,0,0,0,0,0,0,0,0,0,0,2,0
60557,0,0,0,0,0,0,0,0,0,0,0,4
63293,0,0,0,0,0,0,0,0,0,0,6,8
64232,0,0,0,0,0,0,0,0,0,0,3,8
64550,0,0,0,0,0,0,0,0,0,0,0,1
64789,0,0,0,0,0,0,0,0,0,0,1,1
66322,0,0,0,0,0,0,0,0,0,0,3,1
66942,0,0,0,0,0,0,0,0,0,0,6,12
67085,0,0,0,0,0,0,0,0,0,0,0,2
67487,0,0,0,0,0,0,0,0,0,0,1,4
67541,0,0,0,0,0,0,0,0,0,0,6,5
67792,0,0,0,0,0,0,0,0,0,0,2,4
67884,0,0,0,0,0,0,0,0,0,0,0,1
68058,0,0,0,0,0,0,0,0,0,0,4,0
69001,0,0,0,0,0,0,0,0,0,0,1,3
69624,0,0,0,0,0,0,0,0,0,0,1,1
70809,0,0,0,0,0,0,0,0,0,0,1,0
71152,0,0,0,0,0,0,0,0,0,0,1,1
71354,0,0,0,0,0,0,0,0,0,0,1,2
71750,0,0,0,0,0,0,0,0,0,0,0,6
72050,0,0,0,0,0,0,0,0,0,0,2,2
72378,0,0,0,0,0,0,0,0,0,0,2,7
72737,0,0,0,0,0,0,0,0,0,0,1,4
73530,0,0,0,0,0,0,0,0,0,0,3,0
73757,0,0,0,0,0,0,0,0,0,0,1,6
74387,0,0,0,0,0,0,0,0,0,0,0,13
75221,0,0,0,0,0,0,0,0,0,0,1,1
75502,0,0,0,0,0,0,0,0,0,0,0,2
75620,0,0,0,0,0,0,0,0,0,0,1,0
75674,0,0,0,0,0,0,0,0,0,0,1,1
75687,0,0,0,0,0,0,0,0,0,0,1,0
76605,0,0,0,0,0,0,0,0,0,0,1,0
77726,0,0,0,0,0,0,0,0,0,0,1,0
77888,0,0,0,0,0,0,0,0,0,0,8,3
77915,0,0,0,0,0,0,0,0,0,0,5,4
78499,0,0,0,0,0,0,0,0,0,0,0,1
87702,0,0,0,0,0,0,0,0,0,0,0,5
88747,0,0,0,0,0,0,0,0,0,0,0,1
89891,0,0,0,0,0,0,0,0,0,0,0,3
94119,0,0,0,0,0,0,0,0,0,0,0,1
99369,0,0,0,0,0,0,0,0,0,0,0,1