17,0,0,0,1,0,0,0,0,0
20,0,2,0,0,0,0,0,0,0
21,0,1,0,5,0,4,4,4,10
22,0,3,0,7,0,0,0,0,0
26,0,1,0,0,0,0,0,0,0
28,0,0,0,1,0,0,0,0,0
34,0,0,0,1,0,0,0,0,0
39,0,1,0,0,0,0,0,0,0
44,0,1,0,0,0,0,0,0,0
54,0,1,0,0,0,0,0,0,0
57,0,1,0,0,0,0,0,0,0
59,0,0,0,4,4,11,13,13,12
83,0,0,0,0,2,1,1,0,0
158,0,0,0,0,0,0,1,0,0
165,0,0,0,1,0,0,0,0,0
237,0,0,0,4,0,19,12,29,31
239,0,1,0,1,0,2,0,0,4
247,0,1,0,0,0,0,0,0,0
248,0,0,0,0,0,1,0,3,8
256,0,0,0,0,0,0,2,1,2
257,0,1,0,0,0,0,2,4,0
258,0,0,0,0,0,0,0,4,5
260,0,0,0,0,0,0,0,0,1
266,0,1,0,0,0,0,0,0,0
267,0,0,0,0,0,0,0,1,0
271,0,0,0,1,0,0,0,1,0
273,0,0,1,0,1,1,0,0,0
275,0,0,0,3,0,1,1,3,6
276,0,0,0,0,0,0,0,1,0
278,0,0,0,0,0,0,0,0,1
279,0,0,0,1,0,1,1,1,5
280,0,0,0,2,0,0,0,0,0
281,0,0,0,2,0,0,1,0,0
282,0,0,0,1,0,2,4,7,5
283,0,0,0,0,0,0,0,0,2
284,0,0,0,0,0,3,3,4,5
287,0,0,0,0,0,0,0,0,1
289,0,0,0,2,0,0,0,1,0
290,0,1,0,3,0,5,6,11,14
294,0,0,0,0,0,0,0,0,1
300,0,0,0,0,0,1,0,1,1
301,0,0,0,0,0,0,0,1,1
302,0,1,0,0,0,0,0,0,0
306,0,1,0,1,0,0,1,0,1
308,0,1,0,0,0,0,0,0,0
309,0,0,0,2,0,3,2,1,3
310,0,0,0,0,0,0,1,0,0
311,0,2,0,1,0,1,0,1,0
312,0,0,0,0,0,1,0,4,7
313,0,0,0,0,0,2,0,0,1
315,0,2,0,0,0,3,2,3,3
316,0,1,0,1,0,2,1,2,1
317,0,0,0,0,0,2,0,1,3
323,0,0,0,0,0,0,0,3,4
324,0,0,0,0,0,0,0,0,1
326,0,0,0,1,0,0,0,0,0
328,0,0,0,1,0,1,0,2,0
337,0,1,0,1,0,0,0,1,0
338,0,0,0,0,0,1,1,4,1
341,0,0,0,0,0,0,0,0,3
342,0,0,0,2,0,1,0,3,2
343,0,0,0,1,0,0,0,0,0
344,0,0,0,0,0,0,1,0,0
347,0,0,0,1,0,0,0,0,0
353,0,0,0,1,0,0,1,0,1
355,0,1,0,2,0,1,3,5,3
356,0,0,0,1,0,3,1,13,11
358,0,0,0,1,0,1,1,1,2
364,0,0,0,0,0,2,3,0,0
366,0,1,0,0,0,0,0,0,0
367,0,0,0,0,0,0,0,0,1
368,0,0,0,2,0,1,2,0,0
378,0,0,0,0,0,0,2,2,1
379,0,0,0,0,0,0,0,0,4
388,0,0,0,1,0,0,0,0,0
392,0,0,0,2,0,1,2,4,1
394,0,0,0,0,0,0,0,0,1
395,0,0,0,0,0,0,0,1,2
404,0,0,0,1,0,0,0,0,0
407,0,0,0,0,0,0,0,0,1
424,0,0,0,0,0,0,1,0,0
427,0,0,0,1,0,0,0,0,2
429,0,1,0,0,0,0,0,0,0
430,0,0,0,2,0,0,2,3,2
431,0,0,0,0,0,0,0,1,0
432,0,0,0,0,0,0,0,2,2
434,0,0,0,0,1,1,1,3,2
435,0,0,0,0,0,1,0,0,0
438,0,0,0,1,0,1,1,0,8
441,0,0,0,1,0,0,1,0,5
445,0,0,0,1,0,0,0,0,0
446,0,0,0,0,0,0,0,0,1
447,0,0,0,0,0,0,0,1,0
448,0,0,0,1,0,0,1,1,0
462,0,0,0,0,0,0,0,0,1
493,0,0,0,0,0,1,0,0,0
841,0,0,0,1,26,146,66,91,79
910,0,0,0,0,1,6,3,3,21
1095,0,0,0,0,0,0,0,0,4
1472,0,0,0,11,11,13,4,5,5
1485,0,0,0,0,0,0,0,0,1
1486,0,0,0,2,1,7,5,14,6
1491,0,0,0,0,0,0,0,0,1
1497,0,1,0,0,0,0,0,0,0
1555,0,0,0,0,1,3,2,0,1
1568,0,0,0,0,6,27,20,17,26
1576,0,0,0,0,1,0,0,0,0
1577,0,0,0,0,1,2,0,0,0
1578,0,0,0,0,2,0,0,2,0
1579,0,0,0,1,0,0,1,2,1
1580,0,0,0,0,0,1,0,0,0
1610,0,0,0,0,3,2,1,0,1
1637,0,0,0,0,0,2,0,0,0
1688,0,0,0,0,0,0,1,0,0
1690,0,0,0,0,0,0,1,0,1
1742,0,0,0,1,0,0,0,1,0
1743,0,0,0,1,0,1,0,0,0
1753,0,0,0,1,3,3,0,1,0
1810,0,0,0,0,0,1,0,0,0
1827,0,0,0,0,0,1,1,0,0
1863,0,0,0,1,5,4,1,0,3
1915,0,0,0,0,2,5,4,14,6
1934,0,0,0,0,0,0,0,1,0
1945,0,0,0,0,1,0,1,2,0
1954,0,0,0,1,0,0,0,0,0
2067,0,0,0,0,0,0,0,1,3
2167,0,0,0,0,0,1,0,0,0
3128,0,0,0,0,0,1,0,0,0
3311,0,0,0,0,0,5,0,0,0
3337,0,0,0,0,0,0,0,0,1
3339,0,0,0,0,1,6,5,5,5
3391,0,0,0,1,0,0,0,0,0
3398,0,0,0,6,7,3,2,6,4
3402,0,0,1,0,1,0,0,1,7
3404,0,0,0,2,1,1,2,5,5
3406,0,0,0,1,2,1,1,4,3
3407,0,0,0,0,0,2,0,1,0
3408,0,0,0,1,2,0,0,4,7
3409,0,0,0,0,1,1,0,2,1
3410,0,0,1,0,0,1,0,0,0
3411,0,0,0,1,0,0,0,3,1
3413,0,0,0,1,1,1,0,0,2
3446,0,0,0,0,1,2,0,0,1
3447,0,0,1,1,1,0,0,2,1
3448,0,0,0,0,0,0,0,1,0
3451,0,0,0,0,0,0,0,1,0
3454,0,0,0,2,0,2,0,1,0
3455,0,0,0,1,0,0,0,0,0
3469,0,0,0,1,1,1,1,2,0
3474,0,0,0,3,1,0,1,1,3
3482,0,0,1,0,0,0,0,0,0
3495,0,0,0,1,4,3,3,1,1
3497,0,0,1,1,2,0,0,2,0
3498,0,0,0,4,1,0,0,0,0
3499,0,0,0,0,0,0,0,1,0
3500,0,0,0,1,0,0,0,0,0
3501,0,0,1,0,0,0,0,1,0
3502,0,0,1,0,1,1,0,6,0
3511,0,0,0,1,0,0,0,0,0
3512,0,0,0,0,0,0,0,0,1
3534,0,0,0,0,0,2,1,3,0
3550,0,0,0,0,1,0,0,0,5
3716,0,0,0,1,0,0,0,0,0
3733,0,0,0,1,0,0,0,0,0
3823,0,0,0,1,0,0,0,1,1
3909,0,0,0,3,1,1,0,0,0
3981,0,0,0,1,1,0,0,1,0
3987,0,0,0,3,1,2,0,1,2
3988,0,0,0,0,1,0,0,1,0
3989,0,0,0,6,0,1,1,0,1
3990,0,0,0,4,1,0,0,0,0
3996,0,0,0,1,0,0,0,0,0
3998,0,0,0,4,1,0,0,1,0
4003,0,0,0,1,2,0,0,7,4
4006,0,0,0,1,1,2,0,1,0
4014,0,0,0,1,0,0,0,0,0
4015,0,0,0,0,2,1,0,0,0
4016,0,0,0,1,1,0,0,0,0
4020,0,0,0,1,0,0,0,1,0
4022,0,0,0,2,0,0,0,0,0
4057,0,0,0,1,0,1,0,0,0
4109,0,0,0,0,0,0,1,1,0
4115,0,0,0,1,2,0,0,1,0
4128,0,0,0,0,1,1,0,0,0
4135,0,0,0,1,0,1,0,1,1
4158,0,0,0,0,2,5,8,0,0
4194,0,0,0,1,0,2,2,2,17
4196,0,0,0,1,0,2,0,1,0
4219,0,0,0,0,1,0,0,0,0
4234,0,0,0,1,0,0,0,0,0
4245,0,0,0,1,0,0,0,0,0
4246,0,0,0,1,0,0,0,2,0
4247,0,0,0,3,0,0,2,2,2
4250,0,0,0,2,0,1,2,3,10
4254,0,0,0,0,0,1,0,3,6
4255,0,0,0,2,0,0,2,4,2
4256,0,0,0,1,0,0,1,7,5
4257,0,0,0,1,0,0,0,1,0
4258,0,0,0,2,0,0,1,2,0
4259,0,0,0,1,0,0,0,0,0
4260,0,0,0,1,0,3,2,2,3
4261,0,0,0,1,0,2,1,3,0
4262,0,0,0,1,0,0,0,3,0
4263,0,0,0,1,0,0,1,0,3
4265,0,0,0,4,0,3,3,0,2
4266,0,0,0,1,0,1,2,1,1
4267,0,0,0,1,0,0,2,0,1
4268,0,0,0,2,0,0,0,0,1
4270,0,0,0,1,0,1,7,2,3
4271,0,0,0,1,0,1,0,0,0
4273,0,0,0,1,0,0,0,1,1
4275,0,0,0,1,0,0,0,4,3
4277,0,0,0,2,0,0,1,2,1
4278,0,0,0,2,0,1,2,0,0
4279,0,0,0,1,0,0,3,4,7
4280,0,0,0,0,0,0,0,1,3
4281,0,0,0,2,0,0,0,4,0
4284,0,0,0,1,0,0,0,0,0
4285,0,0,0,1,0,0,0,1,1
4286,0,0,0,1,0,0,0,1,6
4287,0,0,0,0,0,0,0,1,0
4288,0,0,0,1,0,2,1,0,3
4290,0,0,0,1,0,0,0,0,0
4292,0,0,0,1,0,0,0,0,0
4298,0,0,0,0,0,0,0,0,1
4299,0,0,0,1,0,0,0,3,0
4301,0,0,0,1,0,0,0,0,0
4304,0,0,0,0,0,0,2,3,4
4306,0,0,0,0,0,0,0,0,2
4307,0,0,0,1,0,1,0,3,0
4308,0,0,0,1,0,0,0,6,1
4309,0,0,0,1,0,0,0,1,0
4313,0,0,0,2,1,1,2,0,1
4314,0,0,0,1,0,0,1,1,0
4316,0,0,0,1,0,0,2,1,1
4317,0,0,0,1,0,2,2,1,4
4324,0,0,0,0,0,1,0,0,0
4326,0,0,0,0,0,0,1,2,1
4328,0,0,0,1,0,1,0,0,0
4329,0,0,0,2,0,0,0,3,11
4330,0,0,0,1,0,0,0,0,0
4331,0,0,0,3,0,0,0,3,5
4333,0,0,0,1,0,2,0,0,0
4334,0,0,0,2,0,0,0,1,0
4337,0,0,0,1,0,0,0,1,0
4342,0,0,0,2,1,0,1,2,0
4345,0,0,0,1,0,0,0,0,1
4350,0,0,0,1,0,1,2,2,2
4351,0,0,0,0,0,1,4,0,0
4356,0,0,0,0,0,0,6,17,12
4361,0,0,0,1,1,0,0,1,0
4387,0,0,0,1,1,3,3,18,4
4413,0,0,0,1,0,0,0,2,0
4433,0,0,0,0,0,1,0,0,0
4475,0,0,0,0,0,0,0,1,0
4636,0,0,0,0,0,1,0,0,0
4647,0,0,0,0,1,0,0,0,0
4719,0,0,0,0,0,0,0,1,1
4744,0,0,0,0,0,0,2,0,0
4856,0,0,0,1,0,0,0,0,0
4857,0,0,0,1,0,1,6,4,3
4858,0,0,0,1,0,2,0,1,0
4859,0,0,0,1,0,0,0,0,0
4860,0,0,0,0,0,0,0,0,2
4862,0,0,0,0,1,0,0,0,0
4863,0,0,0,1,0,1,1,0,0
4864,0,0,0,1,0,1,0,0,0
4867,0,0,0,0,0,0,0,0,1
4868,0,0,0,0,0,0,0,1,1
4870,0,0,0,1,0,0,4,1,0
4871,0,0,0,1,0,0,0,4,3
4874,0,0,0,1,0,0,0,0,1
4875,0,0,0,2,0,0,0,0,2
4876,0,0,0,1,0,0,1,0,1
4878,0,0,0,1,0,0,0,0,0
4879,0,0,0,3,0,4,0,8,10
4880,0,0,0,0,0,0,0,0,1
4884,0,0,0,2,0,1,2,0,1
4885,0,0,0,0,0,0,1,0,0
4886,0,0,0,2,1,0,0,0,0
4887,0,0,0,0,1,0,0,1,0
4888,0,0,0,1,1,1,1,0,1
4890,0,0,0,1,0,0,0,0,0
4891,0,0,0,2,0,0,1,0,0
4893,0,0,0,2,0,0,0,0,0
4894,0,0,0,2,0,0,0,0,0
4896,0,0,0,1,0,0,0,0,0
4898,0,0,0,0,0,0,0,0,1
4901,0,0,0,1,0,0,1,0,0
4903,0,0,0,1,0,0,0,0,0
4906,0,0,0,1,0,0,0,0,0
4909,0,0,0,1,0,0,0,0,0
4910,0,0,0,1,0,0,1,0,0
4911,0,0,0,1,0,0,2,0,0
4912,0,0,0,0,0,0,0,0,2
4914,0,0,0,1,0,0,0,0,0
4915,0,0,0,3,0,0,0,0,0
4918,0,0,0,1,0,0,0,0,0
4927,0,0,0,1,0,0,0,0,0
4938,0,0,0,1,0,1,0,1,1
4940,0,0,0,1,0,1,4,10,10
4941,0,0,0,1,0,0,1,2,0
4943,0,0,0,0,0,1,4,3,5
4945,0,0,0,2,0,3,3,8,11
4946,0,0,0,0,0,0,2,0,1
4947,0,0,0,1,0,0,0,1,4
4948,0,0,0,1,0,0,0,0,0
4949,0,0,0,1,0,0,0,1,0
4953,0,0,0,1,0,0,0,1,0
4954,0,0,0,1,0,0,0,2,3
4955,0,0,0,1,0,1,0,2,1
4957,0,0,0,0,0,0,0,0,1
4959,0,0,0,1,0,0,1,1,0
4960,0,0,0,1,0,0,0,0,0
4964,0,0,0,1,0,0,0,0,0
4965,0,0,0,1,1,0,0,0,2
4966,0,0,0,1,0,0,0,0,0
4967,0,0,0,2,0,2,1,0,6
4969,0,0,0,1,0,0,0,0,0
4970,0,0,0,1,0,0,0,0,0
4986,0,0,0,0,0,0,0,0,2
4987,0,0,0,1,0,0,0,0,0
5005,0,0,0,0,0,0,1,0,0
5015,0,0,0,1,0,0,0,0,0
5019,0,0,0,1,0,0,0,0,0
5021,0,0,0,2,0,0,0,0,0
5034,0,0,0,1,0,0,4,1,2
5087,0,0,0,0,0,0,2,3,2
5096,0,0,0,1,1,0,0,0,0
5099,0,0,0,1,0,0,0,0,0
5100,0,0,0,1,0,0,0,0,1
5141,0,0,0,1,1,0,0,0,0
5143,0,0,0,1,0,0,0,0,0
5144,0,0,0,1,1,0,0,0,0
5152,0,0,0,1,1,1,1,0,1
5154,0,0,0,0,0,1,0,0,0
5163,0,0,0,2,0,0,0,0,0
5169,0,0,0,1,0,0,0,0,0
5172,0,0,0,1,0,0,0,0,0
5179,0,0,0,1,0,0,0,0,0
5187,0,0,0,1,0,0,0,0,0
5188,0,0,0,1,0,0,0,0,0
5191,0,0,0,1,0,0,0,0,0
5194,0,0,0,1,0,0,0,0,0
5195,0,0,0,2,0,0,0,0,0
5196,0,0,0,1,0,0,0,0,0
5197,0,0,0,1,0,0,0,0,0
5356,0,0,0,0,0,0,0,0,2
5500,0,0,0,1,0,1,0,0,0
5751,0,0,0,1,0,0,0,0,0
5754,0,0,0,0,0,0,0,0,3
5759,0,0,0,0,0,0,0,0,1
5762,0,0,0,1,0,1,0,0,0
5763,0,0,0,0,0,0,0,0,1
5764,0,0,0,0,0,0,0,2,2
5769,0,0,0,2,0,0,0,0,4
5770,0,0,0,2,0,0,0,1,2
5774,0,0,0,1,0,0,1,0,0
5777,0,0,0,1,0,0,0,0,0
5780,0,0,0,0,0,0,0,2,1
5788,0,0,0,0,0,0,0,2,5
5793,0,0,0,1,0,0,0,0,0
5794,0,0,0,0,0,0,0,0,1
5795,0,0,0,0,0,0,1,1,0
5805,0,0,0,1,0,0,0,0,0
5806,0,0,0,0,0,0,0,0,1
5811,0,0,0,1,0,0,0,0,0
5813,0,0,0,0,1,0,1,0,6
5814,0,0,0,1,0,1,0,4,5
5817,0,0,0,1,0,0,0,0,0
5818,0,0,0,0,0,1,1,3,5
5819,0,0,0,3,1,0,1,3,4
5820,0,0,0,0,0,1,2,0,0
5821,0,0,0,0,0,0,2,2,3
5823,0,0,0,1,0,0,0,0,1
5830,0,0,0,0,0,0,0,0,2
5852,0,0,0,1,0,0,0,4,2
5871,0,0,0,1,0,0,0,0,1
5873,0,0,0,1,0,0,0,2,1
5926,0,0,0,2,0,0,0,0,0
5940,0,0,0,1,1,0,0,1,1
5998,0,0,0,1,0,0,0,0,0
6255,0,0,0,0,0,0,0,1,0
6257,0,0,0,1,0,0,0,0,0
6258,0,0,0,1,0,0,0,0,0
6260,0,0,0,0,0,1,2,3,0
6261,0,0,0,0,0,0,0,0,1
6262,0,0,0,1,0,0,0,1,1
6265,0,0,0,0,0,0,1,0,1
6269,0,0,0,0,0,0,2,3,4
6274,0,0,0,1,0,0,0,4,2
6277,0,0,0,0,0,0,0,0,1
6279,0,0,0,0,0,0,0,0,1
6283,0,0,0,1,0,0,1,0,0
6288,0,0,0,1,0,0,2,3,7
6291,0,0,0,1,0,0,0,1,1
6293,0,0,0,0,0,0,0,0,1
6297,0,0,0,2,0,0,0,0,0
6303,0,0,0,0,0,0,0,1,0
6317,0,0,0,0,0,1,1,2,0
6320,0,0,0,0,0,0,0,1,0
6322,0,0,0,1,0,0,0,0,0
6325,0,0,0,1,0,0,0,0,0
6327,0,0,0,1,0,0,0,0,0
6337,0,0,0,1,0,0,0,2,0
6358,0,0,0,0,0,0,1,1,0
6367,0,0,0,0,0,0,0,1,0
6389,0,0,0,0,0,0,0,1,0
6432,0,0,0,0,0,0,0,0,1
6540,0,0,0,1,0,0,0,0,0
6541,0,0,0,0,0,0,0,0,1
6550,0,0,0,1,0,0,0,0,0
6705,0,0,0,0,0,3,2,0,3
6722,0,0,0,1,1,0,1,0,0
6723,0,0,0,0,0,2,0,0,1
6724,0,0,0,3,1,4,4,1,2
6725,0,0,0,1,0,5,6,5,2
6726,0,0,0,1,1,0,0,0,0
6727,0,0,0,1,0,0,0,0,0
6732,0,0,0,0,0,0,0,0,1
6734,0,0,0,0,1,1,0,0,2
6736,0,0,0,1,1,1,1,1,0
6739,0,0,0,1,0,0,0,0,0
6742,0,0,0,2,2,4,0,2,1
6743,0,0,0,0,1,2,0,2,2
6744,0,0,0,0,0,0,1,0,0
6746,0,0,0,0,0,1,0,1,1
6756,0,0,0,2,0,0,0,0,0
6760,0,0,0,2,3,0,1,0,0
6761,0,0,0,0,0,0,0,0,4
6762,0,0,0,5,8,1,0,1,3
6764,0,0,0,0,1,3,0,0,6
6765,0,0,0,0,0,0,0,0,2
6766,0,0,0,1,0,0,0,0,1
6767,0,0,0,0,2,1,0,0,1
6770,0,0,0,1,1,3,6,1,3
6783,0,0,0,0,2,1,1,7,6
6785,0,0,0,3,0,3,0,1,0
6792,0,0,0,1,0,0,0,0,0
6793,0,0,0,0,1,2,0,0,0
6794,0,0,0,1,2,6,0,1,0
6796,0,0,0,1,0,0,0,0,2
6852,0,0,0,1,0,0,0,0,0
6854,0,0,0,1,1,1,0,0,0
6904,0,0,0,0,1,3,0,1,0
6907,0,0,0,0,0,1,1,4,5
6908,0,0,0,0,0,2,0,2,0
6913,0,0,0,0,2,7,10,11,9
6914,0,0,0,0,1,9,1,11,7
6924,0,0,0,0,0,1,1,0,0
6938,0,0,0,0,1,0,0,0,0
6963,0,0,0,0,0,1,0,0,0
6968,0,0,0,0,0,1,0,1,0
7001,0,0,0,1,0,0,0,0,0
7003,0,0,0,1,0,0,0,0,0
7015,0,0,0,1,0,0,0,0,0
7037,0,0,0,0,0,1,0,1,0
7053,0,0,0,0,0,1,0,0,0
7064,0,0,0,0,2,4,0,0,4
7066,0,0,0,0,1,0,0,0,3
7075,0,0,0,1,1,2,2,4,6
7155,0,0,0,0,25,45,3,0,0
7161,0,0,0,1,0,0,0,0,0
7223,0,0,0,0,0,0,0,2,0
7224,0,0,0,0,0,0,0,1,3
7246,0,0,0,0,0,1,0,3,3
7249,0,0,0,0,0,0,0,0,2
7262,0,0,0,0,0,2,0,1,1
7279,0,0,0,1,0,1,1,0,7
7283,0,0,0,0,1,2,3,4,1
7285,0,0,0,1,0,2,0,0,0
7292,0,0,0,1,0,0,0,0,0
7294,0,0,0,1,0,0,0,0,2
7296,0,0,0,1,2,3,2,2,7
7297,0,0,0,0,0,0,0,1,0
7299,0,0,0,1,0,0,0,0,0
7303,0,0,0,1,0,0,0,0,1
7340,0,0,0,0,0,1,0,6,2
7348,0,0,0,0,0,1,0,0,0
7394,0,0,0,1,0,0,0,0,0
7403,0,0,0,0,0,2,0,0,0
7464,0,0,0,1,0,0,0,0,0
7469,0,0,0,0,1,1,1,0,0
7477,0,0,0,1,0,0,0,0,0
7480,0,0,0,1,0,0,0,0,0
7504,0,0,0,0,0,0,0,0,5
7508,0,0,0,1,0,0,0,0,1
7509,0,0,0,0,0,0,1,0,0
7521,0,0,0,0,4,12,7,6,9
7526,0,0,0,0,0,1,0,3,5
7529,0,0,0,1,0,0,0,1,1
7530,0,0,0,0,1,0,0,0,0
7532,0,0,0,1,1,1,0,1,1
7534,0,0,0,1,3,10,6,12,12
7536,0,0,0,0,3,3,0,0,4
7538,0,0,0,0,2,0,1,0,0
7540,0,0,0,1,0,1,0,0,1
7545,0,0,0,0,1,2,1,0,0
7546,0,0,0,1,0,0,0,0,0
7550,0,0,0,0,2,0,3,0,0
7553,0,0,0,0,0,1,0,0,1
7555,0,0,0,1,0,3,5,4,0
7569,0,0,0,0,1,0,0,0,0
7580,0,0,0,1,1,4,2,4,5
7581,0,0,0,0,3,2,0,1,0
7586,0,0,0,0,3,4,2,7,1
7594,0,0,0,0,1,0,0,0,0
7598,0,0,0,0,3,4,1,2,9
7602,0,0,0,0,1,0,4,1,2
7603,0,0,0,0,0,0,0,0,1
7606,0,0,0,0,2,3,1,3,2
7609,0,0,0,0,0,0,0,0,7
7611,0,0,0,0,1,2,0,0,0
7612,0,0,0,0,2,26,45,50,53
7617,0,0,0,0,3,13,3,4,2
7621,0,0,0,0,1,0,0,0,0
7624,0,0,0,0,1,0,0,0,0
7626,0,0,0,0,1,0,0,0,0
7628,0,0,0,0,2,2,1,2,1
7629,0,0,0,0,2,2,0,4,2
7630,0,0,0,0,1,0,0,0,0
7631,0,0,0,0,3,2,0,0,0
7639,0,0,0,0,1,0,0,0,0
7649,0,0,0,0,2,0,0,0,0
7652,0,0,0,0,0,0,1,1,0
7655,0,0,0,0,1,1,0,0,0
7656,0,0,0,0,1,2,1,5,1
7657,0,0,0,0,1,0,0,0,0
7658,0,0,0,0,2,0,1,0,0
7661,0,0,0,0,2,0,1,0,1
7662,0,0,0,0,2,4,3,2,6
7666,0,0,0,0,4,7,3,11,11
7668,0,0,0,0,1,0,0,0,0
7670,0,0,0,0,1,1,0,0,0
7671,0,0,0,0,1,0,1,1,0
7691,0,0,0,0,1,0,0,0,0
7714,0,0,0,0,0,0,0,0,2
7716,0,0,0,0,1,0,0,0,0
7721,0,0,0,0,1,1,3,0,3
7722,0,0,0,0,1,3,0,0,0
7723,0,0,0,0,1,3,1,1,1
7728,0,0,0,0,1,4,0,0,0
7729,0,0,0,0,2,0,2,0,0
7734,0,0,0,0,2,3,3,1,0
7739,0,0,0,0,1,0,0,0,0
7745,0,0,0,0,1,0,1,1,2
7747,0,0,0,0,1,1,2,0,0
7749,0,0,0,0,0,0,0,0,1
7753,0,0,0,0,1,0,1,1,0
7754,0,0,0,0,1,1,2,1,0
7770,0,0,0,0,5,4,0,1,1
7782,0,0,0,0,2,0,1,0,1
7815,0,0,0,0,1,3,0,0,1
7816,0,0,0,0,2,5,4,8,5
7817,0,0,0,0,0,0,1,0,0
7821,0,0,0,0,0,0,0,0,2
7846,0,0,0,0,1,0,0,0,0
7847,0,0,0,0,1,0,0,0,0
7848,0,0,0,0,0,0,1,1,0
7849,0,0,0,0,2,1,1,0,0
7851,0,0,0,0,1,0,0,0,0
7852,0,0,0,0,1,0,0,0,0
7853,0,0,0,0,1,0,0,0,0
7856,0,0,0,0,1,0,0,0,0
7858,0,0,0,0,3,0,0,0,0
7860,0,0,0,0,4,4,5,7,1
7864,0,0,0,0,1,2,0,0,1
7867,0,0,0,0,0,0,2,0,0
7868,0,0,0,0,3,0,0,0,0
7870,0,0,0,0,1,0,0,0,0
7874,0,0,0,0,0,0,0,1,0
7882,0,0,0,0,1,0,0,0,0
7885,0,0,0,0,1,0,0,0,10
7890,0,0,0,0,1,0,0,1,2
7893,0,0,0,0,1,5,1,4,5
7894,0,0,0,0,0,1,0,0,1
7897,0,0,0,0,1,0,0,0,0
7899,0,0,0,0,2,1,2,0,0
7901,0,0,0,0,1,3,1,5,3
7904,0,0,0,0,1,1,0,0,0
7905,0,0,0,0,1,1,0,3,0
7906,0,0,0,0,3,3,0,2,1
7909,0,0,0,0,1,0,0,0,1
7910,0,0,0,0,0,0,1,0,0
7911,0,0,0,0,0,0,1,0,0
7915,0,0,0,0,1,0,0,0,0
7929,0,0,0,0,1,0,0,0,0
7935,0,0,0,0,1,2,3,2,0
7941,0,0,0,0,1,0,0,0,1
7943,0,0,0,0,1,1,0,1,0
7944,0,0,0,0,1,0,0,0,0
7947,0,0,0,0,2,0,0,3,1
7960,0,0,0,0,1,0,1,1,1
7963,0,0,0,0,0,0,0,1,7
7966,0,0,0,0,2,0,0,0,0
7974,0,0,0,0,2,1,0,0,0
7996,0,0,0,0,0,2,0,2,1
7998,0,0,0,0,2,0,2,10,2
8002,0,0,0,0,1,0,0,4,4
8006,0,0,0,0,2,2,3,3,9
8016,0,0,0,0,0,0,0,0,1
8019,0,0,0,0,2,0,0,0,1
8037,0,0,0,0,1,2,1,0,0
8050,0,0,0,0,2,3,5,16,9
8052,0,0,0,0,2,0,0,3,0
8088,0,0,0,0,0,1,1,0,0
8098,0,0,0,0,0,0,0,2,0
8108,0,0,0,0,0,0,2,3,0
8119,0,0,0,0,1,1,0,1,5
8121,0,0,0,0,0,0,0,4,6
8149,0,0,0,0,0,2,0,0,0
8215,0,0,0,0,1,0,0,0,0
8258,0,0,0,0,0,1,0,0,0
8359,0,0,0,0,0,0,0,6,1
8415,0,0,0,0,0,1,0,0,0
8538,0,0,0,0,1,0,0,1,0
8547,0,0,0,0,0,0,0,0,1
8572,0,0,0,0,1,1,6,10,2
8573,0,0,0,0,0,1,0,2,0
8574,0,0,0,0,1,0,0,0,0
8575,0,0,0,0,4,5,1,6,5
8602,0,0,0,0,1,0,1,0,0
8615,0,0,0,0,1,4,3,5,6
8619,0,0,0,0,1,1,0,0,0
8620,0,0,0,0,1,0,0,0,0
8621,0,0,0,0,1,0,0,0,0
8634,0,0,0,0,1,0,0,0,1
8635,0,0,0,0,3,2,3,1,5
8668,0,0,0,0,2,1,4,0,3
8670,0,0,0,0,0,3,0,0,1
8694,0,0,0,0,1,0,0,0,0
8906,0,0,0,0,1,5,2,3,3
8925,0,0,0,0,1,0,1,2,2
9000,0,0,0,0,1,4,4,2,18
9019,0,0,0,0,0,1,0,1,2
9022,0,0,0,0,1,0,0,0,1
9023,0,0,0,0,1,0,0,0,0
9024,0,0,0,0,1,0,0,0,0
9026,0,0,0,0,1,0,0,0,0
9029,0,0,0,0,1,0,0,0,0
9069,0,0,0,0,2,0,0,0,0
9075,0,0,0,0,2,1,1,1,4
9076,0,0,0,0,2,4,3,5,4
9077,0,0,0,0,1,1,7,2,5
9079,0,0,0,0,0,0,0,2,0
9080,0,0,0,0,2,4,7,1,5
9083,0,0,0,0,1,6,8,7,10
9086,0,0,0,0,1,0,0,0,0
9087,0,0,0,0,0,0,0,1,0
9099,0,0,0,0,2,1,0,0,0
9100,0,0,0,0,0,0,3,2,5
9111,0,0,0,0,1,1,0,1,5
9118,0,0,0,0,2,2,1,8,3
9119,0,0,0,0,1,0,5,5,2
9125,0,0,0,0,0,0,0,0,2
9129,0,0,0,0,1,0,0,0,0
9131,0,0,0,0,1,0,0,0,0
9132,0,0,0,0,1,0,0,0,0
9133,0,0,0,0,1,0,0,0,0
9135,0,0,0,0,2,6,10,21,14
9150,0,0,0,0,1,2,0,0,0
9154,0,0,0,0,0,0,3,5,11
9156,0,0,0,0,0,10,6,6,8
9160,0,0,0,0,2,5,0,0,3
9169,0,0,0,0,0,0,1,0,0
9174,0,0,0,0,0,1,0,0,0
9187,0,0,0,0,0,1,0,0,0
9194,0,0,0,0,0,2,0,0,0
9261,0,0,0,0,0,0,1,4,4
9343,0,0,0,0,4,6,2,1,0
9347,0,0,0,0,0,1,0,0,0
9349,0,0,0,0,3,1,2,1,0
9352,0,0,0,0,1,2,2,0,1
9358,0,0,0,0,1,0,0,0,0
9360,0,0,0,0,1,0,0,0,0
9374,0,0,0,0,0,0,0,0,1
9376,0,0,0,0,1,1,0,0,0
9379,0,0,0,0,1,0,0,0,0
9382,0,0,0,0,1,0,0,0,0
9383,0,0,0,0,0,4,6,1,0
9385,0,0,0,0,1,0,2,3,0
9386,0,0,0,0,0,5,2,0,0
9393,0,0,0,0,1,0,3,0,1
9399,0,0,0,0,0,7,4,4,0
9439,0,0,0,0,0,0,0,6,3
9452,0,0,0,0,0,0,0,0,1
9482,0,0,0,0,7,3,0,4,6
9484,0,0,0,0,0,0,0,0,1
9510,0,0,0,0,0,0,0,0,1
9512,0,0,0,0,1,7,5,8,4
9513,0,0,0,0,2,1,3,6,1
9516,0,0,0,0,0,0,0,1,4
9530,0,0,0,0,0,0,0,0,2
9547,0,0,0,0,1,4,2,2,12
9572,0,0,0,0,0,0,2,4,1
9578,0,0,0,0,0,0,0,9,6
9661,0,0,0,0,0,1,0,0,0
9667,0,0,0,0,0,6,6,9,12
9668,0,0,0,0,1,3,2,0,0
9670,0,0,0,0,1,1,0,0,0
9673,0,0,0,0,0,1,0,0,0
9674,0,0,0,0,1,5,0,2,5
9676,0,0,0,0,0,0,1,0,3
9677,0,0,0,0,0,1,0,0,0
9683,0,0,0,0,1,2,1,0,5
9692,0,0,0,0,0,1,2,0,0
9696,0,0,0,0,0,5,1,4,2
9697,0,0,0,0,1,0,4,8,5
9698,0,0,0,0,1,5,2,2,0
9703,0,0,0,0,1,0,0,4,3
9706,0,0,0,0,0,0,0,1,0
9711,0,0,0,0,0,8,10,16,14
9713,0,0,0,0,0,3,2,3,0
9714,0,0,0,0,1,2,7,0,0
9717,0,0,0,0,1,0,0,1,1
9718,0,0,0,0,0,1,3,1,3
9719,0,0,0,0,0,5,3,1,0
9722,0,0,0,0,0,0,0,0,1
9727,0,0,0,0,0,0,2,2,2
9731,0,0,0,0,0,1,0,0,0
9734,0,0,0,0,0,0,0,0,3
9741,0,0,0,0,0,0,0,0,1
9743,0,0,0,0,0,0,1,1,0
9745,0,0,0,0,0,1,1,0,2
9748,0,0,0,0,1,2,3,3,1
9759,0,0,0,0,1,1,2,2,0
9765,0,0,0,0,1,1,0,0,0
9771,0,0,0,0,0,0,0,0,3
9781,0,0,0,0,1,3,3,2,4
9783,0,0,0,0,1,3,4,3,7
9790,0,0,0,0,0,0,0,0,11
9795,0,0,0,0,0,0,0,1,1
9798,0,0,0,0,0,0,1,0,0
9800,0,0,0,0,0,1,0,0,0
9806,0,0,0,0,0,0,0,0,1
9809,0,0,0,0,1,0,3,0,0
9813,0,0,0,0,0,1,0,0,0
9817,0,0,0,0,0,0,1,0,0
9824,0,0,0,0,0,0,0,0,1
9857,0,0,0,0,1,0,0,0,0
9861,0,0,0,0,0,2,4,0,2
9872,0,0,0,0,1,0,0,0,0
9874,0,0,0,0,1,1,1,0,0
9883,0,0,0,0,1,0,0,0,0
9887,0,0,0,0,0,2,0,0,0
9891,0,0,0,0,1,0,0,0,0
9893,0,0,0,0,2,1,0,0,0
9906,0,0,0,0,2,0,1,0,1
9907,0,0,0,0,0,1,1,0,0
9917,0,0,0,0,1,5,3,0,4
9923,0,0,0,0,0,0,1,0,0
9924,0,0,0,0,1,0,0,0,4
9925,0,0,0,0,2,1,0,0,2
9929,0,0,0,0,1,2,0,2,1
9932,0,0,0,0,0,0,0,1,3
9937,0,0,0,0,0,1,0,0,0
9947,0,0,0,0,1,0,0,0,0
9985,0,0,0,0,0,2,3,6,5
10000,0,0,0,0,0,1,0,0,0
10008,0,0,0,0,0,1,0,0,0
10016,0,0,0,0,0,0,0,1,0
10036,0,0,0,0,0,3,0,0,1
10043,0,0,0,0,0,1,1,0,2
10051,0,0,0,0,0,0,0,0,1
10061,0,0,0,0,0,0,1,0,0
10081,0,0,0,0,0,0,0,1,5
10084,0,0,0,0,1,0,0,0,0
10097,0,0,0,0,0,0,0,0,2
10104,0,0,0,0,0,0,1,0,0
10108,0,0,0,0,0,0,1,1,1
10111,0,0,0,0,0,0,0,0,4
10114,0,0,0,0,1,0,0,2,0
10117,0,0,0,0,0,0,0,0,1
10121,0,0,0,0,0,0,0,0,1
10129,0,0,0,0,0,0,8,3,1
10130,0,0,0,0,0,5,2,0,0
10131,0,0,0,0,3,0,2,0,0
10132,0,0,0,0,2,0,0,0,0
10133,0,0,0,0,0,0,1,0,0
10135,0,0,0,0,0,1,2,0,0
10136,0,0,0,0,0,0,0,0,1
10138,0,0,0,0,1,2,4,0,0
10140,0,0,0,0,1,1,2,1,1
10143,0,0,0,0,1,0,0,0,0
10155,0,0,0,0,0,0,0,2,0
10160,0,0,0,0,1,0,0,0,0
10161,0,0,0,0,0,1,0,0,0
10163,0,0,0,0,0,1,2,1,0
10172,0,0,0,0,2,1,0,0,2
10173,0,0,0,0,1,1,0,0,4
10187,0,0,0,0,0,0,5,0,0
10191,0,0,0,0,0,0,2,1,2
10192,0,0,0,0,1,0,0,0,0
10194,0,0,0,0,1,0,0,0,0
10196,0,0,0,0,1,0,0,0,0
10198,0,0,0,0,1,1,0,2,4
10199,0,0,0,0,1,2,0,0,0
10200,0,0,0,0,0,0,1,0,0
10202,0,0,0,0,2,1,0,0,0
10204,0,0,0,0,0,0,0,0,2
10205,0,0,0,0,0,0,1,0,0
10208,0,0,0,0,0,0,0,0,1
10211,0,0,0,0,0,4,5,6,8
10212,0,0,0,0,1,1,1,1,2
10216,0,0,0,0,0,0,0,1,0
10231,0,0,0,0,1,0,0,0,3
10234,0,0,0,0,0,5,6,6,0
10235,0,0,0,0,1,0,0,0,0
10241,0,0,0,0,0,0,0,1,1
10244,0,0,0,0,1,1,2,1,0
10255,0,0,0,0,0,0,1,0,0
10259,0,0,0,0,0,0,0,0,8
10283,0,0,0,0,0,0,0,1,3
10294,0,0,0,0,0,0,0,0,5
10310,0,0,0,0,1,1,2,2,1
10315,0,0,0,0,0,1,0,2,1
10321,0,0,0,0,1,0,0,0,0
10322,0,0,0,0,1,1,3,5,5
10324,0,0,0,0,0,0,0,1,0
10330,0,0,0,0,0,0,0,8,1
10332,0,0,0,0,1,0,0,4,4
10339,0,0,0,0,0,0,0,0,1
10345,0,0,0,0,0,1,0,0,0
10350,0,0,0,0,0,0,0,1,10
10359,0,0,0,0,1,0,0,0,0
10363,0,0,0,0,1,0,0,3,1
10364,0,0,0,0,1,0,0,0,0
10369,0,0,0,0,0,3,1,2,1
10374,0,0,0,0,0,0,0,0,1
10377,0,0,0,0,0,0,0,0,1
10380,0,0,0,0,0,0,0,0,1
10388,0,0,0,0,0,0,3,0,0
10392,0,0,0,0,0,4,7,4,3
10399,0,0,0,0,0,3,0,1,3
10403,0,0,0,0,0,0,0,0,8
10409,0,0,0,0,0,0,0,0,2
10414,0,0,0,0,1,1,0,1,7
10415,0,0,0,0,0,0,0,0,1
10417,0,0,0,0,1,2,0,0,1
10429,0,0,0,0,1,0,0,0,0
10432,0,0,0,0,2,1,6,3,12
10433,0,0,0,0,0,0,1,2,0
10435,0,0,0,0,0,0,0,0,1
10438,0,0,0,0,0,0,2,2,2
10439,0,0,0,0,3,5,4,9,9
10440,0,0,0,0,0,1,0,0,0
10442,0,0,0,0,0,0,0,2,0
10449,0,0,0,0,0,3,6,3,6
10450,0,0,0,0,0,0,0,0,2
10453,0,0,0,0,0,0,4,0,1
10465,0,0,0,0,0,0,0,0,1
10491,0,0,0,0,0,0,0,1,0
10495,0,0,0,0,2,32,30,13,3
10501,0,0,0,0,1,0,0,0,0
10506,0,0,0,0,2,0,0,0,0
10529,0,0,0,0,1,1,0,0,1
10542,0,0,0,0,2,2,4,1,2
10545,0,0,0,0,1,0,2,0,1
10560,0,0,0,0,1,0,0,0,0
10566,0,0,0,0,0,1,1,0,1
10575,0,0,0,0,0,0,1,0,0
10581,0,0,0,0,2,1,0,1,0
10584,0,0,0,0,1,1,0,0,0
10592,0,0,0,0,0,0,1,0,0
10597,0,0,0,0,1,0,2,2,0
10621,0,0,0,0,0,0,1,0,0
10651,0,0,0,0,1,0,0,3,1
10673,0,0,0,0,0,3,1,5,6
10676,0,0,0,0,0,2,1,0,6
10679,0,0,0,0,0,0,2,0,0
10680,0,0,0,0,1,0,0,0,0
10684,0,0,0,0,0,2,5,4,9
10691,0,0,0,0,1,0,1,0,0
10693,0,0,0,0,1,0,0,0,0
10694,0,0,0,0,1,0,0,0,0
10698,0,0,0,0,1,0,0,0,0
10700,0,0,0,0,0,0,1,0,1
10703,0,0,0,0,1,0,0,0,0
10709,0,0,0,0,1,1,0,0,2
10710,0,0,0,0,1,0,0,0,0
10716,0,0,0,0,1,0,0,2,1
10717,0,0,0,0,1,0,0,1,2
10723,0,0,0,0,1,2,0,0,0
10728,0,0,0,0,1,0,0,0,1
10729,0,0,0,0,1,0,0,0,1
10733,0,0,0,0,0,0,0,1,6
10735,0,0,0,0,2,1,0,0,0
10740,0,0,0,0,0,2,0,0,0
10745,0,0,0,0,0,2,2,2,4
10755,0,0,0,0,1,0,0,0,0
10759,0,0,0,0,1,1,2,1,2
10770,0,0,0,0,1,1,0,0,0
10773,0,0,0,0,1,0,0,0,0
10777,0,0,0,0,0,0,0,0,4
10778,0,0,0,0,0,1,0,0,0
10783,0,0,0,0,0,0,0,0,1
10786,0,0,0,0,1,1,1,0,0
10788,0,0,0,0,0,0,0,0,1
10793,0,0,0,0,1,0,0,0,0
10794,0,0,0,0,0,0,0,0,1
10801,0,0,0,0,0,1,1,3,0
10804,0,0,0,0,1,0,0,0,0
10806,0,0,0,0,2,0,0,0,0
10812,0,0,0,0,0,1,0,0,0
10813,0,0,0,0,1,1,1,1,1
10816,0,0,0,0,0,0,0,0,1
10823,0,0,0,0,0,0,0,0,4
10825,0,0,0,0,0,0,0,0,1
10826,0,0,0,0,0,0,0,0,1
10835,0,0,0,0,0,0,0,3,1
10848,0,0,0,0,1,0,0,1,0
10853,0,0,0,0,3,0,1,0,4
10856,0,0,0,0,0,0,0,0,1
10857,0,0,0,0,1,0,0,11,5
10860,0,0,0,0,0,0,0,0,1
10861,0,0,0,0,1,0,0,0,0
10872,0,0,0,0,1,6,14,27,27
10880,0,0,0,0,1,0,0,0,0
10888,0,0,0,0,1,0,0,0,0
10897,0,0,0,0,0,1,3,3,3
10899,0,0,0,0,1,2,5,13,6
10913,0,0,0,0,0,2,0,0,0
10925,0,0,0,0,2,0,0,0,0
10936,0,0,0,0,0,0,0,0,2
10941,0,0,0,0,0,0,0,0,1
10950,0,0,0,0,1,1,0,0,0
10951,0,0,0,0,0,1,0,0,1
10957,0,0,0,0,1,0,0,0,0
10966,0,0,0,0,0,4,6,6,5
10969,0,0,0,0,0,0,1,2,0
10977,0,0,0,0,0,1,0,0,5
11002,0,0,0,0,0,0,0,0,2
11003,0,0,0,0,0,0,0,0,7
11004,0,0,0,0,1,0,0,0,0
11053,0,0,0,0,0,2,1,4,4
11055,0,0,0,0,1,1,1,2,5
11057,0,0,0,0,0,0,1,0,0
11061,0,0,0,0,0,1,0,0,0
11070,0,0,0,0,1,0,0,0,0
11076,0,0,0,0,0,1,0,0,0
11084,0,0,0,0,0,1,0,0,0
11088,0,0,0,0,0,0,0,2,0
11089,0,0,0,0,0,0,0,2,2
11097,0,0,0,0,0,0,0,6,1
11104,0,0,0,0,1,3,2,2,1
11108,0,0,0,0,0,0,0,0,4
11121,0,0,0,0,0,0,1,0,2
11130,0,0,0,0,1,0,0,0,0
11235,0,0,0,0,0,0,0,4,0
11236,0,0,0,0,1,0,0,0,1
11237,0,0,0,0,1,0,0,0,0
11241,0,0,0,0,1,0,0,0,0
11253,0,0,0,0,0,0,1,0,0
11259,0,0,0,0,0,0,0,1,0
11270,0,0,0,0,0,0,0,3,0
11318,0,0,0,0,1,0,0,0,0
11325,0,0,0,0,0,0,0,4,1
11330,0,0,0,0,0,1,1,0,0
11338,0,0,0,0,0,0,0,0,4
11346,0,0,0,0,1,0,0,4,4
11354,0,0,0,0,0,5,2,3,5
11358,0,0,0,0,1,0,0,1,1
11359,0,0,0,0,1,0,0,0,0
11364,0,0,0,0,1,0,0,0,0
11368,0,0,0,0,3,8,5,8,9
11370,0,0,0,0,1,2,0,1,11
11378,0,0,0,0,1,0,0,0,7
11383,0,0,0,0,1,2,1,1,2
11387,0,0,0,0,0,1,1,0,0
11390,0,0,0,0,1,0,0,0,1
11399,0,0,0,0,0,0,0,0,1
11401,0,0,0,0,1,0,0,0,0
11405,0,0,0,0,1,6,1,2,3
11406,0,0,0,0,1,0,0,0,0
11409,0,0,0,0,1,1,0,0,0
11413,0,0,0,0,0,1,0,1,0
11418,0,0,0,0,0,1,3,1,0
11420,0,0,0,0,1,0,1,0,0
11431,0,0,0,0,0,1,1,0,0
11434,0,0,0,0,0,0,0,0,2
11435,0,0,0,0,1,0,0,2,0
11436,0,0,0,0,1,0,0,0,0
11440,0,0,0,0,0,0,1,0,0
11452,0,0,0,0,0,0,0,0,1
11458,0,0,0,0,0,1,0,0,0
11497,0,0,0,0,0,0,1,0,0
11498,0,0,0,0,1,0,0,0,0
11499,0,0,0,0,1,0,0,1,0
11500,0,0,0,0,1,0,0,0,0
11501,0,0,0,0,1,0,0,0,0
11503,0,0,0,0,1,0,0,1,0
11507,0,0,0,0,0,0,1,0,0
11515,0,0,0,0,0,0,0,1,5
11519,0,0,0,0,0,0,0,0,1
11530,0,0,0,0,0,1,0,0,0
11534,0,0,0,0,0,0,0,0,1
11536,0,0,0,0,1,0,0,0,0
11547,0,0,0,0,1,0,0,0,0
11548,0,0,0,0,1,2,0,0,1
11556,0,0,0,0,1,0,0,0,1
11558,0,0,0,0,2,4,5,0,10
11559,0,0,0,0,0,1,0,0,0
11562,0,0,0,0,0,0,0,0,1
11571,0,0,0,0,1,1,0,0,1
11577,0,0,0,0,0,0,0,1,0
11579,0,0,0,0,2,0,0,0,0
11584,0,0,0,0,1,0,2,2,11
11585,0,0,0,0,0,1,0,0,0
11595,0,0,0,0,0,1,0,0,0
11597,0,0,0,0,0,0,9,7,2
11598,0,0,0,0,0,1,0,0,0
11605,0,0,0,0,0,0,0,0,1
11624,0,0,0,0,1,0,0,0,0
11630,0,0,0,0,1,0,0,0,0
11631,0,0,0,0,0,0,0,1,0
11659,0,0,0,0,0,1,0,0,2
11660,0,0,0,0,0,0,1,0,0
11662,0,0,0,0,1,0,0,0,0
11680,0,0,0,0,0,0,1,0,0
11681,0,0,0,0,0,1,0,0,2
11685,0,0,0,0,0,0,0,2,3
11688,0,0,0,0,1,0,0,0,0
11689,0,0,0,0,0,1,0,1,0
11699,0,0,0,0,1,1,0,0,3
11706,0,0,0,0,0,0,0,0,1
11707,0,0,0,0,1,1,0,0,1
11708,0,0,0,0,0,0,1,1,4
11709,0,0,0,0,1,0,0,0,0
11710,0,0,0,0,1,0,0,0,0
11713,0,0,0,0,1,0,0,0,0
11714,0,0,0,0,1,3,0,0,0
11715,0,0,0,0,1,0,0,0,0
11716,0,0,0,0,1,0,0,0,0
11722,0,0,0,0,1,0,0,0,0
11724,0,0,0,0,1,0,0,0,0
11729,0,0,0,0,0,2,1,0,3
11731,0,0,0,0,0,1,0,0,0
11737,0,0,0,0,2,2,1,8,11
11738,0,0,0,0,1,1,1,0,0
11741,0,0,0,0,1,0,0,0,0
11743,0,0,0,0,1,1,3,0,0
11744,0,0,0,0,0,0,0,0,2
11748,0,0,0,0,1,0,0,0,0
11749,0,0,0,0,2,6,0,0,0
11751,0,0,0,0,1,1,0,0,0
11755,0,0,0,0,1,0,0,0,1
11758,0,0,0,0,1,0,0,0,0
11760,0,0,0,0,1,0,0,0,0
11763,0,0,0,0,1,0,0,0,0
11767,0,0,0,0,1,0,0,0,0
11770,0,0,0,0,0,6,2,0,0
11772,0,0,0,0,1,0,0,0,0
11774,0,0,0,0,1,0,0,0,0
11778,0,0,0,0,2,0,0,0,0
11785,0,0,0,0,0,0,0,0,1
11788,0,0,0,0,1,0,0,0,1
11790,0,0,0,0,1,0,0,1,1
11793,0,0,0,0,1,0,0,0,0
11794,0,0,0,0,1,0,0,1,0
11797,0,0,0,0,1,0,0,0,0
11799,0,0,0,0,1,0,0,0,0
11801,0,0,0,0,1,2,0,3,0
11811,0,0,0,0,1,0,0,0,0
11815,0,0,0,0,0,0,0,0,1
11816,0,0,0,0,0,1,0,0,0
11818,0,0,0,0,0,1,0,0,0
11821,0,0,0,0,2,2,2,0,3
11823,0,0,0,0,0,0,1,0,5
11829,0,0,0,0,1,0,1,1,1
11831,0,0,0,0,1,0,3,2,0
11843,0,0,0,0,0,0,0,1,0
11850,0,0,0,0,1,13,0,1,0
11852,0,0,0,0,0,2,0,0,0
11856,0,0,0,0,1,1,0,0,2
11868,0,0,0,0,1,1,0,2,6
11870,0,0,0,0,1,0,0,0,0
11875,0,0,0,0,2,3,1,1,0
11880,0,0,0,0,0,0,0,0,1
11924,0,0,0,0,1,0,0,0,0
11943,0,0,0,0,0,2,0,0,0
11964,0,0,0,0,0,1,0,0,1
11968,0,0,0,0,0,0,0,1,0
11976,0,0,0,0,0,0,0,2,0
11977,0,0,0,0,1,0,0,0,0
11978,0,0,0,0,0,0,0,1,1
11979,0,0,0,0,0,0,3,4,3
12095,0,0,0,0,0,0,0,0,1
12097,0,0,0,0,0,1,0,1,0
12127,0,0,0,0,1,0,0,0,0
12254,0,0,0,0,0,1,0,0,2
12258,0,0,0,0,2,1,3,2,3
12267,0,0,0,0,0,3,0,0,0
12278,0,0,0,0,3,4,2,6,2
12281,0,0,0,0,0,0,4,12,0
12282,0,0,0,0,0,0,0,1,0
12289,0,0,0,0,1,2,1,0,0
12292,0,0,0,0,2,6,6,6,3
12293,0,0,0,0,0,0,0,0,1
12294,0,0,0,0,1,4,0,2,0
12295,0,0,0,0,1,0,0,0,0
12297,0,0,0,0,1,2,0,0,0
12299,0,0,0,0,1,0,0,0,0
12303,0,0,0,0,1,0,0,0,0
12304,0,0,0,0,0,8,1,5,3
12312,0,0,0,0,1,0,0,0,0
12318,0,0,0,0,1,6,0,0,0
12325,0,0,0,0,0,0,0,0,1
12327,0,0,0,0,1,0,0,1,0
12335,0,0,0,0,0,0,0,0,1
12348,0,0,0,0,0,2,2,0,3
12367,0,0,0,0,1,0,0,4,0
12369,0,0,0,0,0,13,11,15,10
12370,0,0,0,0,1,0,0,0,0
12371,0,0,0,0,1,0,0,0,0
12374,0,0,0,0,0,0,0,0,3
12378,0,0,0,0,1,0,0,0,0
12379,0,0,0,0,0,1,0,0,1
12380,0,0,0,0,0,0,0,0,1
12384,0,0,0,0,2,1,0,3,2
12390,0,0,0,0,0,0,0,0,1
12401,0,0,0,0,1,0,0,0,5
12402,0,0,0,0,2,0,3,1,0
12420,0,0,0,0,0,0,2,0,1
12424,0,0,0,0,0,1,1,3,0
12428,0,0,0,0,1,1,0,0,0
12429,0,0,0,0,1,0,0,0,0
12430,0,0,0,0,1,0,0,0,0
12431,0,0,0,0,1,3,0,2,6
12433,0,0,0,0,1,1,0,0,1
12435,0,0,0,0,0,1,0,0,0
12437,0,0,0,0,0,1,0,0,0
12440,0,0,0,0,1,0,0,1,0
12441,0,0,0,0,1,0,0,0,0
12452,0,0,0,0,0,0,1,7,9
12456,0,0,0,0,0,0,1,0,0
12458,0,0,0,0,0,1,0,0,0
12463,0,0,0,0,1,0,0,0,0
12465,0,0,0,0,0,1,22,25,12
12467,0,0,0,0,1,0,0,0,0
12469,0,0,0,0,0,1,0,2,1
12473,0,0,0,0,0,1,0,0,0
12478,0,0,0,0,1,0,0,0,0
12479,0,0,0,0,1,0,0,0,0
12480,0,0,0,0,1,3,0,0,0
12483,0,0,0,0,0,1,0,0,0
12484,0,0,0,0,1,0,0,0,0
12485,0,0,0,0,1,0,0,0,0
12489,0,0,0,0,1,2,1,1,0
12495,0,0,0,0,0,0,4,10,5
12497,0,0,0,0,0,7,0,4,0
12500,0,0,0,0,1,1,1,2,0
12501,0,0,0,0,1,0,1,0,1
12503,0,0,0,0,1,0,1,0,0
12504,0,0,0,0,2,0,0,0,0
12505,0,0,0,0,1,2,0,0,0
12506,0,0,0,0,1,0,0,0,0
12507,0,0,0,0,1,0,0,0,0
12508,0,0,0,0,2,2,0,0,0
12509,0,0,0,0,1,0,0,0,1
12519,0,0,0,0,1,1,5,0,4
12523,0,0,0,0,1,0,0,0,0
12528,0,0,0,0,1,0,0,0,0
12535,0,0,0,0,2,1,1,2,4
12540,0,0,0,0,2,0,0,0,0
12541,0,0,0,0,1,0,0,0,0
12544,0,0,0,0,0,2,0,0,2
12549,0,0,0,0,0,1,0,0,1
12559,0,0,0,0,0,2,0,0,0
12565,0,0,0,0,0,3,1,1,0
12585,0,0,0,0,0,1,0,1,0
12589,0,0,0,0,1,2,0,0,1
12590,0,0,0,0,0,0,1,4,0
12596,0,0,0,0,0,0,1,7,5
12605,0,0,0,0,1,5,2,1,2
12633,0,0,0,0,0,1,0,0,0
12639,0,0,0,0,0,0,0,0,1
12641,0,0,0,0,0,0,0,0,3
12644,0,0,0,0,1,0,0,0,0
12648,0,0,0,0,0,0,8,10,7
12654,0,0,0,0,1,0,0,0,0
12689,0,0,0,0,1,0,0,0,0
12702,0,0,0,0,1,0,0,0,0
12723,0,0,0,0,1,0,0,0,0
12727,0,0,0,0,1,0,0,0,0
12743,0,0,0,0,0,1,2,1,2
12744,0,0,0,0,0,11,6,5,11
12746,0,0,0,0,1,0,0,0,0
12750,0,0,0,0,0,0,0,2,1
12761,0,0,0,0,1,1,1,0,2
12773,0,0,0,0,1,0,0,0,0
12784,0,0,0,0,1,0,0,0,0
12785,0,0,0,0,1,0,0,0,2
12804,0,0,0,0,1,0,0,0,0
12835,0,0,0,0,0,0,0,1,0
12842,0,0,0,0,1,1,0,0,0
12846,0,0,0,0,0,0,0,0,1
12851,0,0,0,0,0,0,0,0,1
12863,0,0,0,0,0,0,0,1,0
12874,0,0,0,0,0,1,2,7,2
12919,0,0,0,0,0,0,0,0,1
12926,0,0,0,0,0,0,0,1,1
12944,0,0,0,0,0,1,1,0,0
12951,0,0,0,0,0,1,0,0,0
12955,0,0,0,0,1,1,2,1,1
12960,0,0,0,0,1,0,1,0,0
12961,0,0,0,0,1,1,0,0,0
13013,0,0,0,0,1,0,0,0,0
13020,0,0,0,0,1,4,4,1,4
13046,0,0,0,0,0,4,3,2,1
13049,0,0,0,0,0,0,0,2,2
13051,0,0,0,0,1,2,0,2,4
13073,0,0,0,0,0,0,0,0,4
13086,0,0,0,0,0,0,0,0,1
13088,0,0,0,0,0,2,0,7,0
13101,0,0,0,0,0,0,0,1,0
13120,0,0,0,0,0,1,2,1,6
13129,0,0,0,0,0,1,0,0,1
13135,0,0,0,0,0,0,0,2,1
13146,0,0,0,0,0,0,1,0,0
13154,0,0,0,0,0,1,0,0,0
13160,0,0,0,0,0,1,0,0,0
13195,0,0,0,0,0,0,0,0,1
13199,0,0,0,0,0,0,2,2,0
13201,0,0,0,0,0,5,2,1,2
13202,0,0,0,0,0,1,0,3,0
13203,0,0,0,0,0,2,1,0,2
13207,0,0,0,0,0,1,0,0,0
13210,0,0,0,0,0,1,2,0,6
13212,0,0,0,0,0,1,1,1,0
13220,0,0,0,0,1,1,0,1,0
13228,0,0,0,0,0,0,2,2,0
13230,0,0,0,0,0,4,5,1,2
13237,0,0,0,0,0,1,0,0,2
13242,0,0,0,0,0,1,2,2,2
13244,0,0,0,0,0,2,0,0,0
13248,0,0,0,0,0,2,0,0,1
13252,0,0,0,0,0,5,6,7,11
13257,0,0,0,0,0,10,0,11,5
13263,0,0,0,0,0,0,0,0,1
13272,0,0,0,0,0,1,0,0,0
13291,0,0,0,0,0,0,0,0,1
13293,0,0,0,0,0,1,0,0,0
13310,0,0,0,0,0,1,3,0,0
13320,0,0,0,0,0,9,11,8,8
13359,0,0,0,0,0,1,2,3,7
13362,0,0,0,0,0,2,1,0,0
13363,0,0,0,0,0,0,0,1,1
13401,0,0,0,0,0,3,3,2,5
13402,0,0,0,0,0,0,0,0,4
13472,0,0,0,0,0,0,0,0,1
13533,0,0,0,0,0,3,2,5,1
13538,0,0,0,0,0,0,0,0,1
13542,0,0,0,0,0,2,0,0,0
13543,0,0,0,0,0,0,0,0,1
13549,0,0,0,0,0,1,0,0,0
13552,0,0,0,0,0,1,0,0,4
13570,0,0,0,0,0,2,0,1,0
13632,0,0,0,0,0,2,0,0,0
13635,0,0,0,0,0,7,0,1,2
13637,0,0,0,0,0,1,0,0,0
13645,0,0,0,0,0,2,1,2,1
13647,0,0,0,0,0,1,0,0,0
13652,0,0,0,0,0,1,0,0,0
13655,0,0,0,0,0,4,3,6,5
13659,0,0,0,0,0,0,1,4,7
13665,0,0,0,0,0,1,0,0,0
13683,0,0,0,0,0,10,14,10,2
13694,0,0,0,0,0,1,3,3,2
13696,0,0,0,0,0,1,0,0,0
13697,0,0,0,0,0,1,0,0,3
13700,0,0,0,0,0,3,15,17,13
13701,0,0,0,0,0,6,7,4,2
13708,0,0,0,0,0,1,0,0,0
13714,0,0,0,0,0,1,0,0,0
13723,0,0,0,0,0,1,0,0,0
13724,0,0,0,0,0,0,0,0,1
13730,0,0,0,0,0,1,0,0,0
13736,0,0,0,0,0,1,1,0,0
13754,0,0,0,0,0,1,0,8,12
13756,0,0,0,0,0,1,0,0,0
13764,0,0,0,0,0,0,0,1,0
13765,0,0,0,0,0,0,0,0,2
13770,0,0,0,0,0,1,0,1,2
13772,0,0,0,0,0,0,0,0,1
13776,0,0,0,0,0,1,0,0,1
13785,0,0,0,0,0,1,0,0,0
13806,0,0,0,0,0,2,4,0,1
13824,0,0,0,0,0,1,1,0,1
13829,0,0,0,0,0,0,0,0,5
13860,0,0,0,0,0,3,0,2,3
13883,0,0,0,0,0,3,1,0,0
13901,0,0,0,0,0,0,0,2,0
13903,0,0,0,0,0,2,0,4,0
13907,0,0,0,0,0,1,0,0,0
13912,0,0,0,0,0,0,0,1,5
13932,0,0,0,0,0,1,0,0,0
13945,0,0,0,0,0,1,3,2,1
13946,0,0,0,0,0,0,1,4,2
13957,0,0,0,0,0,0,0,5,2
13985,0,0,0,0,0,1,0,0,0
13995,0,0,0,0,0,2,0,0,0
13998,0,0,0,0,0,4,0,1,0
13999,0,0,0,0,0,2,3,2,2
14005,0,0,0,0,0,2,0,1,0
14009,0,0,0,0,0,0,1,2,4
14017,0,0,0,0,0,0,0,0,2
14022,0,0,0,0,0,1,0,0,0
14028,0,0,0,0,0,1,0,6,6
14044,0,0,0,0,0,20,17,13,5
14045,0,0,0,0,0,2,3,2,7
14050,0,0,0,0,0,7,3,10,7
14057,0,0,0,0,0,3,3,1,0
14068,0,0,0,0,0,1,0,0,0
14077,0,0,0,0,0,0,1,0,0
14080,0,0,0,0,0,0,1,2,4
14089,0,0,0,0,0,0,1,0,0
14112,0,0,0,0,0,2,0,0,2
14131,0,0,0,0,0,7,10,7,5
14132,0,0,0,0,0,0,0,1,0
14137,0,0,0,0,0,1,4,1,0
14148,0,0,0,0,0,1,0,0,0
14152,0,0,0,0,0,1,0,0,0
14154,0,0,0,0,0,1,0,0,0
14156,0,0,0,0,0,1,0,0,1
14159,0,0,0,0,0,1,0,0,0
14172,0,0,0,0,0,0,0,1,0
14182,0,0,0,0,0,2,0,0,1
14194,0,0,0,0,0,3,1,0,0
14196,0,0,0,0,0,5,2,9,5
14197,0,0,0,0,0,0,1,1,1
14198,0,0,0,0,0,2,0,0,1
14200,0,0,0,0,0,0,0,1,0
14209,0,0,0,0,0,5,1,2,1
14211,0,0,0,0,0,1,0,0,0
14216,0,0,0,0,0,1,0,0,0
14217,0,0,0,0,0,0,0,0,1
14219,0,0,0,0,0,1,0,0,0
14225,0,0,0,0,0,0,0,0,1
14235,0,0,0,0,0,0,0,0,2
14245,0,0,0,0,0,1,0,0,0
14253,0,0,0,0,0,2,2,0,0
14261,0,0,0,0,0,0,0,1,2
14274,0,0,0,0,0,1,3,2,2
14284,0,0,0,0,0,17,0,10,0
14297,0,0,0,0,0,9,2,1,0
14299,0,0,0,0,0,1,0,0,0
14302,0,0,0,0,0,6,2,2,0
14314,0,0,0,0,0,2,2,2,1
14315,0,0,0,0,0,0,1,2,2
14317,0,0,0,0,0,1,1,0,0
14320,0,0,0,0,0,1,0,1,0
14321,0,0,0,0,0,0,0,0,1
14326,0,0,0,0,0,0,4,2,0
14327,0,0,0,0,0,0,2,0,0
14332,0,0,0,0,0,0,0,0,3
14333,0,0,0,0,0,2,0,0,0
14339,0,0,0,0,0,1,0,0,0
14342,0,0,0,0,0,0,1,0,0
14343,0,0,0,0,0,1,1,1,1
14345,0,0,0,0,0,1,6,5,9
14355,0,0,0,0,0,0,0,0,1
14360,0,0,0,0,0,0,2,2,1
14361,0,0,0,0,0,0,0,1,0
14366,0,0,0,0,0,0,2,0,0
14377,0,0,0,0,0,1,0,0,0
14384,0,0,0,0,0,0,0,0,1
14388,0,0,0,0,0,0,1,2,0
14405,0,0,0,0,0,3,1,0,0
14412,0,0,0,0,0,3,0,0,0
14437,0,0,0,0,0,3,1,3,1
14444,0,0,0,0,0,3,2,1,1
14448,0,0,0,0,0,1,0,0,0
14450,0,0,0,0,0,0,0,0,1
14456,0,0,0,0,0,3,1,0,0
14462,0,0,0,0,0,1,0,0,0
14472,0,0,0,0,0,3,1,2,0
14484,0,0,0,0,0,2,0,0,0
14499,0,0,0,0,0,0,0,1,1
14511,0,0,0,0,0,0,0,0,4
14516,0,0,0,0,0,1,0,0,0
14517,0,0,0,0,0,1,0,0,0
14536,0,0,0,0,0,1,0,0,0
14541,0,0,0,0,0,1,0,1,0
14556,0,0,0,0,0,0,0,3,3
14563,0,0,0,0,0,1,0,0,0
14613,0,0,0,0,0,2,0,0,0
14615,0,0,0,0,0,1,0,0,0
14616,0,0,0,0,0,0,3,0,8
14617,0,0,0,0,0,1,5,8,0
14628,0,0,0,0,0,1,0,0,0
14642,0,0,0,0,0,0,0,0,4
14649,0,0,0,0,0,1,0,0,0
14660,0,0,0,0,0,0,0,0,1
14661,0,0,0,0,0,1,0,0,1
14668,0,0,0,0,0,0,1,1,2
14672,0,0,0,0,0,0,0,1,4
14679,0,0,0,0,0,4,3,0,0
14683,0,0,0,0,0,2,0,1,0
14715,0,0,0,0,0,0,0,4,3
14717,0,0,0,0,0,1,1,0,0
14718,0,0,0,0,0,1,0,0,0
14751,0,0,0,0,0,0,0,1,0
14769,0,0,0,0,0,1,1,1,3
14771,0,0,0,0,0,0,3,3,2
14773,0,0,0,0,0,1,1,0,0
14774,0,0,0,0,0,2,2,4,4
14778,0,0,0,0,0,0,0,0,1
14789,0,0,0,0,0,1,0,0,0
14804,0,0,0,0,0,0,2,3,12
14805,0,0,0,0,0,2,0,0,0
14812,0,0,0,0,0,1,1,0,0
14815,0,0,0,0,0,2,0,0,0
14818,0,0,0,0,0,1,1,0,0
14819,0,0,0,0,0,1,1,0,0
14823,0,0,0,0,0,0,0,1,1
14839,0,0,0,0,0,2,2,1,0
14847,0,0,0,0,0,0,0,0,1
14862,0,0,0,0,0,1,0,1,2
14863,0,0,0,0,0,6,5,6,7
14867,0,0,0,0,0,1,4,0,1
14871,0,0,0,0,0,2,0,0,0
14880,0,0,0,0,0,1,0,0,0
14884,0,0,0,0,0,1,0,0,0
14885,0,0,0,0,0,1,1,0,0
14886,0,0,0,0,0,0,0,1,0
14887,0,0,0,0,0,1,0,0,0
14894,0,0,0,0,0,2,2,3,3
14897,0,0,0,0,0,1,0,0,0
14915,0,0,0,0,0,1,0,0,0
14929,0,0,0,0,0,2,1,1,0
14934,0,0,0,0,0,1,0,0,0
14941,0,0,0,0,0,0,1,2,6
14944,0,0,0,0,0,1,0,0,0
14956,0,0,0,0,0,1,0,0,0
14979,0,0,0,0,0,1,0,1,3
14993,0,0,0,0,0,1,0,0,0
14994,0,0,0,0,0,2,1,0,0
15016,0,0,0,0,0,2,1,1,1
15018,0,0,0,0,0,0,0,0,1
15031,0,0,0,0,0,0,0,1,0
15042,0,0,0,0,0,3,2,0,0
15047,0,0,0,0,0,0,4,1,6
15050,0,0,0,0,0,0,1,1,0
15051,0,0,0,0,0,0,0,0,1
15053,0,0,0,0,0,0,0,0,2
15074,0,0,0,0,0,3,4,4,3
15100,0,0,0,0,0,0,2,0,0
15106,0,0,0,0,0,0,0,2,1
15115,0,0,0,0,0,0,2,0,0
15120,0,0,0,0,0,0,1,0,0
15149,0,0,0,0,0,0,5,20,8
15214,0,0,0,0,0,0,1,1,1
15232,0,0,0,0,0,6,15,10,13
15245,0,0,0,0,0,1,0,0,0
15249,0,0,0,0,0,1,0,0,0
15277,0,0,0,0,0,2,0,1,0
15289,0,0,0,0,0,1,0,0,0
15325,0,0,0,0,0,1,0,0,0
15337,0,0,0,0,0,0,0,0,1
15338,0,0,0,0,0,2,0,0,0
15362,0,0,0,0,0,0,0,1,0
15397,0,0,0,0,0,1,1,0,0
15407,0,0,0,0,0,0,0,0,1
15434,0,0,0,0,0,5,6,0,0
15457,0,0,0,0,0,0,0,5,0
15482,0,0,0,0,0,1,0,0,0
15485,0,0,0,0,0,1,0,0,0
15486,0,0,0,0,0,1,4,7,5
15492,0,0,0,0,0,1,0,0,0
15496,0,0,0,0,0,3,1,1,4
15498,0,0,0,0,0,4,0,0,0
15500,0,0,0,0,0,1,0,0,0
15504,0,0,0,0,0,1,0,0,0
15507,0,0,0,0,0,1,0,0,0
15510,0,0,0,0,0,2,0,1,0
15511,0,0,0,0,0,0,1,0,0
15543,0,0,0,0,0,1,0,0,0
15544,0,0,0,0,0,1,0,0,0
15546,0,0,0,0,0,1,0,1,4
15558,0,0,0,0,0,1,3,5,4
15560,0,0,0,0,0,1,0,0,0
15573,0,0,0,0,0,1,0,0,0
15575,0,0,0,0,0,1,0,0,0
15587,0,0,0,0,0,0,1,0,0
15588,0,0,0,0,0,2,0,2,3
15611,0,0,0,0,0,2,2,5,4
15617,0,0,0,0,0,4,3,1,3
15626,0,0,0,0,0,0,0,1,0
15627,0,0,0,0,0,43,5,0,1
15638,0,0,0,0,0,1,0,0,0
15666,0,0,0,0,0,1,0,0,0
15668,0,0,0,0,0,1,0,0,0
15669,0,0,0,0,0,1,1,2,4
15675,0,0,0,0,0,1,1,0,1
15676,0,0,0,0,0,0,0,0,1
15682,0,0,0,0,0,0,0,0,3
15683,0,0,0,0,0,0,3,7,7
15684,0,0,0,0,0,0,0,5,2
15690,0,0,0,0,0,0,0,2,0
15691,0,0,0,0,0,1,0,0,0
15695,0,0,0,0,0,0,0,0,1
15702,0,0,0,0,0,1,1,0,0
15713,0,0,0,0,0,0,0,1,2
15716,0,0,0,0,0,1,0,3,2
15721,0,0,0,0,0,0,0,0,1
15733,0,0,0,0,0,1,0,0,2
15753,0,0,0,0,0,1,0,0,0
15754,0,0,0,0,0,0,0,1,1
15757,0,0,0,0,0,0,0,0,1
15786,0,0,0,0,0,1,0,0,1
15801,0,0,0,0,0,2,1,1,0
15819,0,0,0,0,0,1,0,0,0
15829,0,0,0,0,0,0,0,0,4
15849,0,0,0,0,0,1,1,0,1
15886,0,0,0,0,0,0,0,0,6
15893,0,0,0,0,0,1,0,1,1
15896,0,0,0,0,0,0,1,3,5
15901,0,0,0,0,0,1,0,0,0
15902,0,0,0,0,0,2,1,0,2
15913,0,0,0,0,0,1,0,0,1
15916,0,0,0,0,0,1,0,0,0
15919,0,0,0,0,0,0,1,1,0
15924,0,0,0,0,0,0,0,0,1
15925,0,0,0,0,0,2,0,0,0
15926,0,0,0,0,0,0,0,0,1
15938,0,0,0,0,0,6,2,4,3
15948,0,0,0,0,0,0,0,0,1
15954,0,0,0,0,0,0,0,0,1
15955,0,0,0,0,0,1,0,0,0
15995,0,0,0,0,0,1,0,0,0
15998,0,0,0,0,0,0,0,3,2
16003,0,0,0,0,0,1,0,1,1
16012,0,0,0,0,0,1,0,0,0
16013,0,0,0,0,0,2,0,0,0
16018,0,0,0,0,0,0,0,1,0
16021,0,0,0,0,0,0,0,0,1
16028,0,0,0,0,0,2,0,1,0
16030,0,0,0,0,0,1,2,0,0
16031,0,0,0,0,0,0,0,0,1
16032,0,0,0,0,0,0,0,0,1
16041,0,0,0,0,0,1,0,0,0
16052,0,0,0,0,0,2,2,1,0
16070,0,0,0,0,0,1,0,0,0
16080,0,0,0,0,0,1,2,3,2
16089,0,0,0,0,0,0,0,1,0
16129,0,0,0,0,0,1,0,0,0
16137,0,0,0,0,0,1,0,0,0
16139,0,0,0,0,0,2,0,1,0
16144,0,0,0,0,0,0,3,2,3
16147,0,0,0,0,0,1,1,2,3
16154,0,0,0,0,0,1,0,0,0
16158,0,0,0,0,0,1,1,11,2
16164,0,0,0,0,0,2,0,1,2
16168,0,0,0,0,0,0,1,0,0
16182,0,0,0,0,0,1,1,1,0
16187,0,0,0,0,0,2,3,0,0
16200,0,0,0,0,0,1,0,0,1
16208,0,0,0,0,0,2,1,0,1
16215,0,0,0,0,0,1,0,0,0
16253,0,0,0,0,0,0,1,3,2
16262,0,0,0,0,0,1,1,0,0
16265,0,0,0,0,0,2,0,0,3
16287,0,0,0,0,0,1,0,0,0
16371,0,0,0,0,0,0,1,0,0
16375,0,0,0,0,0,1,1,0,0
16399,0,0,0,0,0,1,0,0,1
16402,0,0,0,0,0,0,1,0,4
16403,0,0,0,0,0,1,2,0,4
16410,0,0,0,0,0,0,0,0,1
16417,0,0,0,0,0,2,0,0,2
16421,0,0,0,0,0,0,3,0,0
16442,0,0,0,0,0,1,0,0,0
16461,0,0,0,0,0,0,3,0,0
16464,0,0,0,0,0,0,1,0,0
16469,0,0,0,0,0,0,0,1,0
16477,0,0,0,0,0,0,0,0,3
16499,0,0,0,0,0,5,7,6,4
16503,0,0,0,0,0,0,0,1,0
16507,0,0,0,0,0,1,0,0,0
16514,0,0,0,0,0,1,0,0,0
16517,0,0,0,0,0,1,0,0,0
16534,0,0,0,0,0,0,0,1,2
16538,0,0,0,0,0,0,2,5,0
16541,0,0,0,0,0,1,0,0,0
16559,0,0,0,0,0,1,1,0,0
16569,0,0,0,0,0,0,1,0,0
16575,0,0,0,0,0,1,1,0,0
16596,0,0,0,0,0,1,0,0,0
16611,0,0,0,0,0,1,0,0,0
16688,0,0,0,0,0,1,0,0,0
16710,0,0,0,0,0,1,1,0,0
16722,0,0,0,0,0,1,0,0,0
16760,0,0,0,0,0,1,0,0,0
16764,0,0,0,0,0,1,1,0,0
16777,0,0,0,0,0,0,2,0,0
16786,0,0,0,0,0,2,0,0,0
16791,0,0,0,0,0,1,0,1,0
16792,0,0,0,0,0,1,0,0,0
16797,0,0,0,0,0,38,3,3,18
16801,0,0,0,0,0,0,0,0,4
16807,0,0,0,0,0,1,0,0,0
16810,0,0,0,0,0,3,1,0,0
16813,0,0,0,0,0,1,0,0,0
16826,0,0,0,0,0,2,1,0,5
16827,0,0,0,0,0,1,0,1,0
16853,0,0,0,0,0,0,0,3,2
16858,0,0,0,0,0,0,1,3,4
16859,0,0,0,0,0,0,1,0,0
16875,0,0,0,0,0,0,0,0,1
16905,0,0,0,0,0,0,4,5,1
16910,0,0,0,0,0,0,2,2,2
16917,0,0,0,0,0,2,3,2,2
16942,0,0,0,0,0,0,0,0,1
16968,0,0,0,0,0,2,1,0,0
17009,0,0,0,0,0,0,0,0,2
17059,0,0,0,0,0,4,7,1,0
17081,0,0,0,0,0,2,1,1,4
17095,0,0,0,0,0,8,7,15,12
17113,0,0,0,0,0,0,3,0,0
17121,0,0,0,0,0,1,0,0,0
17125,0,0,0,0,0,1,0,0,0
17131,0,0,0,0,0,1,1,0,0
17144,0,0,0,0,0,3,1,0,0
17150,0,0,0,0,0,2,0,0,1
17159,0,0,0,0,0,0,0,0,1
17162,0,0,0,0,0,1,0,0,0
17169,0,0,0,0,0,1,0,0,0
17180,0,0,0,0,0,1,0,0,0
17200,0,0,0,0,0,2,1,2,3
17212,0,0,0,0,0,0,4,1,0
17216,0,0,0,0,0,1,1,0,0
17220,0,0,0,0,0,2,3,2,2
17222,0,0,0,0,0,1,1,0,2
17224,0,0,0,0,0,1,0,0,0
17226,0,0,0,0,0,3,0,0,0
17230,0,0,0,0,0,1,0,0,0
17231,0,0,0,0,0,2,0,1,0
17232,0,0,0,0,0,1,0,0,0
17239,0,0,0,0,0,1,0,0,0
17255,0,0,0,0,0,7,7,2,10
17256,0,0,0,0,0,1,0,0,0
17258,0,0,0,0,0,4,1,3,4
17268,0,0,0,0,0,1,0,0,0
17271,0,0,0,0,0,0,0,0,2
17284,0,0,0,0,0,3,3,0,0
17287,0,0,0,0,0,2,0,0,1
17288,0,0,0,0,0,2,0,1,0
17300,0,0,0,0,0,0,0,1,3
17301,0,0,0,0,0,1,0,0,0
17307,0,0,0,0,0,2,4,4,9
17308,0,0,0,0,0,1,0,0,0
17310,0,0,0,0,0,1,0,0,0
17319,0,0,0,0,0,2,1,0,1
17320,0,0,0,0,0,1,0,0,0
17321,0,0,0,0,0,3,4,1,2
17323,0,0,0,0,0,1,0,0,0
17324,0,0,0,0,0,1,0,0,0
17327,0,0,0,0,0,1,1,0,0
17334,0,0,0,0,0,1,0,0,0
17357,0,0,0,0,0,3,0,0,0
17359,0,0,0,0,0,1,0,0,0
17360,0,0,0,0,0,1,0,0,0
17365,0,0,0,0,0,2,1,0,13
17367,0,0,0,0,0,0,1,1,1
17368,0,0,0,0,0,0,1,1,0
17369,0,0,0,0,0,2,0,1,0
17380,0,0,0,0,0,0,0,1,0
17383,0,0,0,0,0,0,0,1,0
17391,0,0,0,0,0,1,1,1,2
17402,0,0,0,0,0,3,2,0,0
17406,0,0,0,0,0,0,4,3,4
17416,0,0,0,0,0,0,0,1,0
17423,0,0,0,0,0,1,0,0,0
17443,0,0,0,0,0,0,0,1,0
17444,0,0,0,0,0,2,2,0,0
17446,0,0,0,0,0,1,0,0,0
17449,0,0,0,0,0,3,0,0,0
17450,0,0,0,0,0,6,3,2,6
17456,0,0,0,0,0,1,1,0,0
17457,0,0,0,0,0,2,2,0,0
17461,0,0,0,0,0,3,3,3,4
17464,0,0,0,0,0,3,3,7,16
17465,0,0,0,0,0,3,0,2,0
17468,0,0,0,0,0,2,3,3,5
17473,0,0,0,0,0,2,0,0,0
17479,0,0,0,0,0,1,0,0,0
17486,0,0,0,0,0,3,3,0,0
17491,0,0,0,0,0,0,0,1,0
17494,0,0,0,0,0,1,0,0,0
17505,0,0,0,0,0,4,0,0,0
17506,0,0,0,0,0,0,1,0,0
17514,0,0,0,0,0,0,0,1,0
17519,0,0,0,0,0,0,0,0,3
17528,0,0,0,0,0,2,0,0,0
17529,0,0,0,0,0,1,0,0,0
17541,0,0,0,0,0,1,0,0,0
17544,0,0,0,0,0,1,0,0,0
17558,0,0,0,0,0,1,0,0,0
17573,0,0,0,0,0,0,2,1,1
17579,0,0,0,0,0,0,1,1,0
17580,0,0,0,0,0,2,6,3,3
17582,0,0,0,0,0,1,0,0,0
17586,0,0,0,0,0,0,0,1,1
17612,0,0,0,0,0,1,0,0,0
17619,0,0,0,0,0,1,0,0,0
17647,0,0,0,0,0,1,0,0,0
17648,0,0,0,0,0,1,1,2,3
17653,0,0,0,0,0,2,0,0,0
17660,0,0,0,0,0,1,0,0,0
17661,0,0,0,0,0,0,0,1,0
17708,0,0,0,0,0,1,0,0,0
17739,0,0,0,0,0,2,0,0,0
17746,0,0,0,0,0,2,0,2,0
17758,0,0,0,0,0,2,1,1,1
17770,0,0,0,0,0,1,0,0,0
17776,0,0,0,0,0,1,0,0,0
17802,0,0,0,0,0,0,2,0,1
17816,0,0,0,0,0,1,0,0,0
17862,0,0,0,0,0,0,1,0,0
17863,0,0,0,0,0,0,3,4,0
17870,0,0,0,0,0,0,0,2,0
17871,0,0,0,0,0,0,2,2,1
17900,0,0,0,0,0,1,0,0,0
17913,0,0,0,0,0,1,0,0,0
17925,0,0,0,0,0,1,0,0,0
17945,0,0,0,0,0,0,0,0,1
17948,0,0,0,0,0,1,0,0,0
17954,0,0,0,0,0,0,1,0,0
17960,0,0,0,0,0,2,1,0,0
17974,0,0,0,0,0,1,1,0,1
17984,0,0,0,0,0,1,0,0,0
17987,0,0,0,0,0,3,1,3,4
17993,0,0,0,0,0,0,0,1,0
18003,0,0,0,0,0,0,1,0,1
18017,0,0,0,0,0,3,2,0,0
18023,0,0,0,0,0,0,0,0,1
18031,0,0,0,0,0,0,0,2,0
18055,0,0,0,0,0,1,0,0,0
18058,0,0,0,0,0,0,1,0,0
18070,0,0,0,0,0,0,0,0,1
18077,0,0,0,0,0,0,1,0,0
18098,0,0,0,0,0,1,1,0,1
18119,0,0,0,0,0,2,0,0,0
18143,0,0,0,0,0,2,1,5,5
18144,0,0,0,0,0,1,0,1,0
18147,0,0,0,0,0,1,0,0,0
18160,0,0,0,0,0,2,3,3,5
18161,0,0,0,0,0,1,0,0,0
18165,0,0,0,0,0,3,0,0,0
18167,0,0,0,0,0,1,0,0,0
18171,0,0,0,0,0,3,1,0,0
18176,0,0,0,0,0,4,7,4,2
18190,0,0,0,0,0,1,1,0,3
18199,0,0,0,0,0,1,0,5,0
18201,0,0,0,0,0,0,0,1,0
18227,0,0,0,0,0,1,4,5,7
18234,0,0,0,0,0,1,9,3,1
18237,0,0,0,0,0,2,0,0,0
18239,0,0,0,0,0,1,0,0,0
18241,0,0,0,0,0,0,0,2,0
18242,0,0,0,0,0,1,1,1,0
18251,0,0,0,0,0,1,0,0,0
18255,0,0,0,0,0,2,5,2,1
18259,0,0,0,0,0,1,0,0,0
18261,0,0,0,0,0,1,0,0,0
18267,0,0,0,0,0,2,2,0,0
18300,0,0,0,0,0,1,1,1,6
18331,0,0,0,0,0,1,0,0,0
18356,0,0,0,0,0,0,1,1,2
18359,0,0,0,0,0,1,4,0,4
18366,0,0,0,0,0,1,0,0,0
18367,0,0,0,0,0,1,0,0,0
18373,0,0,0,0,0,5,5,11,3
18375,0,0,0,0,0,1,0,0,1
18376,0,0,0,0,0,2,2,1,9
18377,0,0,0,0,0,3,5,7,9
18397,0,0,0,0,0,0,0,0,1
18410,0,0,0,0,0,0,2,0,0
18415,0,0,0,0,0,0,0,0,1
18422,0,0,0,0,0,2,3,0,0
18423,0,0,0,0,0,0,0,2,1
18439,0,0,0,0,0,2,0,0,0
18440,0,0,0,0,0,0,2,1,3
18443,0,0,0,0,0,0,0,1,0
18444,0,0,0,0,0,1,2,0,0
18452,0,0,0,0,0,2,3,0,0
18453,0,0,0,0,0,0,1,0,0
18460,0,0,0,0,0,1,1,0,1
18470,0,0,0,0,0,0,0,0,1
18471,0,0,0,0,0,1,0,0,0
18473,0,0,0,0,0,0,1,0,0
18489,0,0,0,0,0,1,0,0,0
18502,0,0,0,0,0,1,0,0,1
18513,0,0,0,0,0,1,0,0,0
18514,0,0,0,0,0,0,0,0,2
18517,0,0,0,0,0,1,0,0,0
18519,0,0,0,0,0,1,0,0,0
18527,0,0,0,0,0,1,0,0,0
18533,0,0,0,0,0,1,6,0,0
18551,0,0,0,0,0,1,0,0,0
18552,0,0,0,0,0,1,0,0,0
18572,0,0,0,0,0,1,0,0,0
18573,0,0,0,0,0,1,0,1,0
18578,0,0,0,0,0,1,0,0,0
18582,0,0,0,0,0,1,0,0,0
18588,0,0,0,0,0,1,2,1,0
18592,0,0,0,0,0,2,1,2,1
18594,0,0,0,0,0,1,0,0,0
18597,0,0,0,0,0,1,0,0,0
18603,0,0,0,0,0,1,0,2,1
18606,0,0,0,0,0,1,0,0,0
18608,0,0,0,0,0,1,2,5,0
18609,0,0,0,0,0,1,2,0,0
18613,0,0,0,0,0,1,0,0,0
18616,0,0,0,0,0,1,0,0,0
18622,0,0,0,0,0,1,0,0,0
18623,0,0,0,0,0,1,3,0,1
18625,0,0,0,0,0,2,1,2,0
18626,0,0,0,0,0,1,1,1,0
18628,0,0,0,0,0,0,3,2,0
18634,0,0,0,0,0,1,0,0,0
18640,0,0,0,0,0,3,1,1,0
18643,0,0,0,0,0,6,3,6,10
18649,0,0,0,0,0,1,0,0,0
18656,0,0,0,0,0,2,2,0,1
18658,0,0,0,0,0,0,1,3,0
18664,0,0,0,0,0,2,1,0,0
18667,0,0,0,0,0,3,1,3,0
18678,0,0,0,0,0,1,0,0,0
18679,0,0,0,0,0,0,1,0,1
18680,0,0,0,0,0,1,2,2,1
18681,0,0,0,0,0,2,5,0,3
18688,0,0,0,0,0,1,0,0,0
18695,0,0,0,0,0,1,4,6,1
18703,0,0,0,0,0,0,0,1,0
18720,0,0,0,0,0,0,0,0,12
18723,0,0,0,0,0,1,0,0,0
18735,0,0,0,0,0,1,0,0,0
18736,0,0,0,0,0,1,0,0,2
18763,0,0,0,0,0,1,0,0,0
18770,0,0,0,0,0,1,1,0,0
18774,0,0,0,0,0,1,2,1,2
18789,0,0,0,0,0,1,0,0,0
18797,0,0,0,0,0,1,0,2,0
18798,0,0,0,0,0,1,0,0,0
18822,0,0,0,0,0,2,5,4,0
18829,0,0,0,0,0,1,0,0,0
18830,0,0,0,0,0,5,5,4,0
18834,0,0,0,0,0,1,0,0,0
18838,0,0,0,0,0,1,0,0,0
18843,0,0,0,0,0,1,0,0,0
18850,0,0,0,0,0,1,0,1,0
18858,0,0,0,0,0,1,0,0,0
18859,0,0,0,0,0,1,2,0,0
18861,0,0,0,0,0,2,1,2,1
18871,0,0,0,0,0,1,1,0,0
18878,0,0,0,0,0,0,2,1,0
18880,0,0,0,0,0,3,4,2,0
18891,0,0,0,0,0,0,3,1,0
18909,0,0,0,0,0,0,2,1,4
18915,0,0,0,0,0,1,0,0,0
18925,0,0,0,0,0,1,1,0,0
18928,0,0,0,0,0,1,0,0,0
18934,0,0,0,0,0,0,1,9,3
18970,0,0,0,0,0,2,6,1,1
18975,0,0,0,0,0,0,0,0,1
18995,0,0,0,0,0,1,0,0,0
19047,0,0,0,0,0,4,2,0,0
19048,0,0,0,0,0,1,3,1,0
19051,0,0,0,0,0,1,0,0,1
19053,0,0,0,0,0,1,0,1,1
19054,0,0,0,0,0,1,2,0,0
19056,0,0,0,0,0,1,0,0,0
19062,0,0,0,0,0,1,1,0,0
19071,0,0,0,0,0,1,0,0,0
19075,0,0,0,0,0,2,1,0,2
19076,0,0,0,0,0,1,0,0,0
19088,0,0,0,0,0,1,1,4,0
19096,0,0,0,0,0,0,0,1,0
19110,0,0,0,0,0,0,0,0,1
19113,0,0,0,0,0,0,0,2,2
19125,0,0,0,0,0,1,0,0,0
19149,0,0,0,0,0,0,3,3,0
19162,0,0,0,0,0,0,0,0,2
19169,0,0,0,0,0,0,1,0,0
19186,0,0,0,0,0,1,2,0,0
19187,0,0,0,0,0,0,0,4,0
19286,0,0,0,0,0,1,4,3,0
19288,0,0,0,0,0,1,0,0,0
19312,0,0,0,0,0,1,0,0,0
19314,0,0,0,0,0,1,0,0,0
19340,0,0,0,0,0,1,0,0,0
19347,0,0,0,0,0,0,3,0,0
19371,0,0,0,0,0,2,3,0,0
19375,0,0,0,0,0,4,3,1,0
19376,0,0,0,0,0,1,1,0,0
19377,0,0,0,0,0,1,1,0,0
19380,0,0,0,0,0,0,1,0,0
19382,0,0,0,0,0,1,0,0,0
19395,0,0,0,0,0,0,1,0,0
19396,0,0,0,0,0,1,0,0,0
19403,0,0,0,0,0,1,0,0,0
19414,0,0,0,0,0,1,0,0,0
19417,0,0,0,0,0,0,0,0,7
19427,0,0,0,0,0,0,1,0,1
19433,0,0,0,0,0,1,0,1,6
19437,0,0,0,0,0,1,0,1,0
19438,0,0,0,0,0,1,1,0,2
19443,0,0,0,0,0,0,0,7,10
19448,0,0,0,0,0,1,0,0,0
19452,0,0,0,0,0,1,0,3,0
19455,0,0,0,0,0,0,0,1,0
19464,0,0,0,0,0,0,1,0,0
19466,0,0,0,0,0,3,5,2,4
19471,0,0,0,0,0,2,1,1,1
19473,0,0,0,0,0,1,2,1,8
19475,0,0,0,0,0,1,0,0,0
19479,0,0,0,0,0,1,3,0,2
19481,0,0,0,0,0,0,6,2,1
19482,0,0,0,0,0,3,0,4,2
19486,0,0,0,0,0,1,0,0,0
19489,0,0,0,0,0,0,0,1,0
19492,0,0,0,0,0,1,2,4,7
19498,0,0,0,0,0,0,0,1,0
19499,0,0,0,0,0,0,0,0,2
19501,0,0,0,0,0,1,0,1,2
19505,0,0,0,0,0,1,2,1,1
19506,0,0,0,0,0,0,1,0,0
19521,0,0,0,0,0,1,0,0,0
19528,0,0,0,0,0,1,0,0,0
19529,0,0,0,0,0,0,1,1,1
19530,0,0,0,0,0,3,3,3,5
19531,0,0,0,0,0,0,0,0,2
19548,0,0,0,0,0,1,0,1,1
19565,0,0,0,0,0,0,0,0,1
19582,0,0,0,0,0,0,6,1,0
19589,0,0,0,0,0,0,1,1,0
19596,0,0,0,0,0,0,0,3,2
19597,0,0,0,0,0,1,1,0,0
19604,0,0,0,0,0,1,0,5,4
19609,0,0,0,0,0,1,0,0,0
19625,0,0,0,0,0,1,2,4,1
19629,0,0,0,0,0,0,1,0,0
19633,0,0,0,0,0,1,0,0,0
19645,0,0,0,0,0,0,0,1,0
19650,0,0,0,0,0,0,1,0,0
19658,0,0,0,0,0,2,2,2,2
19675,0,0,0,0,0,2,1,0,0
19725,0,0,0,0,0,2,2,5,7
19732,0,0,0,0,0,1,4,0,9
19739,0,0,0,0,0,0,0,1,0
19744,0,0,0,0,0,1,0,0,1
19763,0,0,0,0,0,0,1,1,0
19770,0,0,0,0,0,0,1,0,0
19783,0,0,0,0,0,0,5,5,0
19793,0,0,0,0,0,0,0,0,1
19803,0,0,0,0,0,0,1,0,0
19832,0,0,0,0,0,0,0,1,0
19849,0,0,0,0,0,0,2,4,1
19850,0,0,0,0,0,2,0,2,1
19851,0,0,0,0,0,0,0,2,0
19853,0,0,0,0,0,0,0,1,2
19861,0,0,0,0,0,0,2,3,0
19868,0,0,0,0,0,0,3,1,3
19870,0,0,0,0,0,0,2,5,2
19874,0,0,0,0,0,1,3,2,0
19878,0,0,0,0,0,1,1,0,0
19890,0,0,0,0,0,1,0,1,1
19891,0,0,0,0,0,1,0,0,0
19892,0,0,0,0,0,0,0,1,4
19894,0,0,0,0,0,0,0,0,1
19895,0,0,0,0,0,1,0,4,1
19896,0,0,0,0,0,1,0,0,0
19897,0,0,0,0,0,1,4,6,5
19902,0,0,0,0,0,2,0,0,2
19907,0,0,0,0,0,0,1,0,0
19915,0,0,0,0,0,0,1,0,0
19920,0,0,0,0,0,0,1,1,1
19931,0,0,0,0,0,0,1,0,4
19932,0,0,0,0,0,0,0,0,1
19935,0,0,0,0,0,0,3,2,5
19943,0,0,0,0,0,2,0,0,1
19953,0,0,0,0,0,1,0,0,0
19955,0,0,0,0,0,1,1,0,1
19957,0,0,0,0,0,0,0,2,0
19963,0,0,0,0,0,1,0,1,0
19964,0,0,0,0,0,1,1,2,2
19967,0,0,0,0,0,1,1,0,0
19969,0,0,0,0,0,1,0,0,2
19970,0,0,0,0,0,1,0,0,0
19971,0,0,0,0,0,0,3,0,0
19973,0,0,0,0,0,1,0,0,0
19981,0,0,0,0,0,0,0,0,1
20039,0,0,0,0,0,1,0,0,0
20041,0,0,0,0,0,1,0,0,0
20067,0,0,0,0,0,1,0,0,5
20075,0,0,0,0,0,1,0,0,0
20091,0,0,0,0,0,0,1,0,0
20116,0,0,0,0,0,1,1,0,0
20118,0,0,0,0,0,1,0,0,1
20119,0,0,0,0,0,0,2,0,1
20120,0,0,0,0,0,0,11,6,6
20137,0,0,0,0,0,0,1,0,0
20148,0,0,0,0,0,0,7,1,0
20151,0,0,0,0,0,0,2,0,0
20161,0,0,0,0,0,0,2,0,0
20164,0,0,0,0,0,0,2,4,2
20173,0,0,0,0,0,0,1,0,0
20174,0,0,0,0,0,0,6,8,2
20178,0,0,0,0,0,0,2,0,0
20185,0,0,0,0,0,0,3,1,2
20189,0,0,0,0,0,0,1,0,0
20194,0,0,0,0,0,0,1,0,0
20249,0,0,0,0,0,0,4,0,0
20258,0,0,0,0,0,0,0,0,1
20263,0,0,0,0,0,0,0,7,8
20273,0,0,0,0,0,0,1,0,0
20275,0,0,0,0,0,0,1,0,0
20279,0,0,0,0,0,0,1,0,0
20283,0,0,0,0,0,0,1,0,0
20285,0,0,0,0,0,0,1,0,0
20286,0,0,0,0,0,0,1,0,0
20289,0,0,0,0,0,0,2,1,2
20294,0,0,0,0,0,0,2,0,0
20296,0,0,0,0,0,0,1,0,0
20300,0,0,0,0,0,0,2,2,0
20306,0,0,0,0,0,0,1,1,0
20310,0,0,0,0,0,0,0,0,1
20313,0,0,0,0,0,0,5,1,9
20316,0,0,0,0,0,0,0,0,2
20322,0,0,0,0,0,0,1,3,3
20326,0,0,0,0,0,0,1,0,0
20329,0,0,0,0,0,0,1,4,8
20336,0,0,0,0,0,0,1,0,0
20339,0,0,0,0,0,0,1,0,0
20360,0,0,0,0,0,0,1,0,10
20364,0,0,0,0,0,0,0,3,3
20365,0,0,0,0,0,0,0,1,4
20368,0,0,0,0,0,0,1,0,0
20369,0,0,0,0,0,0,4,2,0
20376,0,0,0,0,0,0,1,0,0
20385,0,0,0,0,0,0,8,10,1
20395,0,0,0,0,0,0,1,0,0
20397,0,0,0,0,0,0,1,0,0
20398,0,0,0,0,0,0,1,0,0
20406,0,0,0,0,0,0,0,0,1
20407,0,0,0,0,0,0,1,0,0
20412,0,0,0,0,0,0,1,0,0
20414,0,0,0,0,0,0,0,2,1
20415,0,0,0,0,0,0,1,0,0
20420,0,0,0,0,0,0,2,3,3
20427,0,0,0,0,0,0,6,2,0
20455,0,0,0,0,0,0,2,0,0
20457,0,0,0,0,0,0,2,1,2
20462,0,0,0,0,0,0,1,0,0
20464,0,0,0,0,0,0,2,0,0
20470,0,0,0,0,0,0,4,1,1
20483,0,0,0,0,0,0,4,0,0
20485,0,0,0,0,0,0,2,2,1
20489,0,0,0,0,0,0,1,0,0
20490,0,0,0,0,0,0,1,0,0
20525,0,0,0,0,0,0,0,1,1
20527,0,0,0,0,0,0,1,0,0
20543,0,0,0,0,0,0,0,3,5
20556,0,0,0,0,0,0,1,0,0
20557,0,0,0,0,0,0,0,0,3
20559,0,0,0,0,0,0,0,1,0
20563,0,0,0,0,0,0,1,0,0
20568,0,0,0,0,0,0,1,2,5
20571,0,0,0,0,0,0,0,0,1
20582,0,0,0,0,0,0,4,3,0
20591,0,0,0,0,0,0,0,0,4
20593,0,0,0,0,0,0,1,0,0
20595,0,0,0,0,0,0,1,0,0
20597,0,0,0,0,0,0,9,10,2
20598,0,0,0,0,0,0,1,2,0
20600,0,0,0,0,0,0,16,6,6
20601,0,0,0,0,0,0,1,0,0
20669,0,0,0,0,0,0,1,0,0
20676,0,0,0,0,0,0,2,0,0
20708,0,0,0,0,0,0,1,0,0
20712,0,0,0,0,0,0,0,0,2
20734,0,0,0,0,0,0,1,0,0
20740,0,0,0,0,0,0,0,0,1
20751,0,0,0,0,0,0,0,0,1
20792,0,0,0,0,0,0,1,0,0
20796,0,0,0,0,0,0,3,0,0
20797,0,0,0,0,0,0,1,0,0
20800,0,0,0,0,0,0,1,0,0
20806,0,0,0,0,0,0,1,0,0
20826,0,0,0,0,0,0,3,0,1
20843,0,0,0,0,0,0,1,8,5
20847,0,0,0,0,0,0,1,0,0
20850,0,0,0,0,0,0,1,0,0
20856,0,0,0,0,0,0,1,0,0
20940,0,0,0,0,0,0,1,0,2
20941,0,0,0,0,0,0,3,1,3
20950,0,0,0,0,0,0,2,0,0
20960,0,0,0,0,0,0,1,0,0
20964,0,0,0,0,0,0,0,3,10
20968,0,0,0,0,0,0,1,0,1
20994,0,0,0,0,0,0,2,0,1
20996,0,0,0,0,0,0,2,0,0
21001,0,0,0,0,0,0,1,0,0
21019,0,0,0,0,0,0,2,0,0
21021,0,0,0,0,0,0,1,0,3
21034,0,0,0,0,0,0,0,0,1
21040,0,0,0,0,0,0,0,1,0
21041,0,0,0,0,0,0,1,2,1
21055,0,0,0,0,0,0,1,0,0
21056,0,0,0,0,0,0,1,0,0
21089,0,0,0,0,0,0,1,1,0
21100,0,0,0,0,0,0,1,0,0
21108,0,0,0,0,0,0,1,0,1
21109,0,0,0,0,0,0,0,1,5
21114,0,0,0,0,0,0,1,3,1
21116,0,0,0,0,0,0,1,0,0
21117,0,0,0,0,0,0,1,0,0
21120,0,0,0,0,0,0,1,0,0
21125,0,0,0,0,0,0,0,1,0
21131,0,0,0,0,0,0,0,0,1
21137,0,0,0,0,0,0,1,0,0
21170,0,0,0,0,0,0,3,4,3
21178,0,0,0,0,0,0,0,1,0
21180,0,0,0,0,0,0,0,0,1
21220,0,0,0,0,0,0,4,0,1
21225,0,0,0,0,0,0,1,0,0
21236,0,0,0,0,0,0,1,0,1
21243,0,0,0,0,0,0,0,0,2
21249,0,0,0,0,0,0,0,0,1
21253,0,0,0,0,0,0,1,0,0
21258,0,0,0,0,0,0,0,0,4
21260,0,0,0,0,0,0,1,0,0
21291,0,0,0,0,0,0,1,0,0
21301,0,0,0,0,0,0,2,0,0
21313,0,0,0,0,0,0,0,0,1
21314,0,0,0,0,0,0,1,0,1
21315,0,0,0,0,0,0,0,0,1
21351,0,0,0,0,0,0,5,0,0
21363,0,0,0,0,0,0,1,0,0
21368,0,0,0,0,0,0,1,0,0
21386,0,0,0,0,0,0,1,0,0
21391,0,0,0,0,0,0,0,0,1
21395,0,0,0,0,0,0,0,0,1
21400,0,0,0,0,0,0,1,0,0
21431,0,0,0,0,0,0,1,2,2
21445,0,0,0,0,0,0,1,0,0
21447,0,0,0,0,0,0,1,0,0
21457,0,0,0,0,0,0,1,0,3
21466,0,0,0,0,0,0,1,0,0
21481,0,0,0,0,0,0,3,0,0
21497,0,0,0,0,0,0,1,0,0
21516,0,0,0,0,0,0,0,1,2
21548,0,0,0,0,0,0,1,0,0
21554,0,0,0,0,0,0,0,0,2
21559,0,0,0,0,0,0,1,0,0
21569,0,0,0,0,0,0,1,0,0
21609,0,0,0,0,0,0,1,12,5
21694,0,0,0,0,0,0,1,0,0
21714,0,0,0,0,0,0,0,2,0
21725,0,0,0,0,0,0,1,0,0
21797,0,0,0,0,0,0,3,0,2
21804,0,0,0,0,0,0,1,0,0
21810,0,0,0,0,0,0,1,0,1
21813,0,0,0,0,0,0,5,13,5
21846,0,0,0,0,0,0,1,0,0
21855,0,0,0,0,0,0,6,0,1
21860,0,0,0,0,0,0,1,0,1
21869,0,0,0,0,0,0,2,2,2
21870,0,0,0,0,0,0,1,8,3
21901,0,0,0,0,0,0,1,1,0
21903,0,0,0,0,0,0,3,0,0
21913,0,0,0,0,0,0,1,0,0
21930,0,0,0,0,0,0,4,1,0
21931,0,0,0,0,0,0,8,6,0
21932,0,0,0,0,0,0,1,4,2
21933,0,0,0,0,0,0,2,13,12
21934,0,0,0,0,0,0,0,0,1
21937,0,0,0,0,0,0,4,7,6
21976,0,0,0,0,0,0,1,0,0
21989,0,0,0,0,0,0,3,4,4
22003,0,0,0,0,0,0,0,0,2
22006,0,0,0,0,0,0,1,1,0
22022,0,0,0,0,0,0,1,0,0
22032,0,0,0,0,0,0,1,1,0
22033,0,0,0,0,0,0,0,0,1
22034,0,0,0,0,0,0,5,6,1
22040,0,0,0,0,0,0,1,0,0
22068,0,0,0,0,0,0,1,0,0
22077,0,0,0,0,0,0,1,0,0
22085,0,0,0,0,0,0,0,0,1
22088,0,0,0,0,0,0,1,0,0
22089,0,0,0,0,0,0,3,9,2
22108,0,0,0,0,0,0,1,0,0
22124,0,0,0,0,0,0,1,0,0
22138,0,0,0,0,0,0,2,1,0
22152,0,0,0,0,0,0,0,1,0
22170,0,0,0,0,0,0,3,1,2
22171,0,0,0,0,0,0,0,0,2
22175,0,0,0,0,0,0,5,2,0
22195,0,0,0,0,0,0,1,0,2
22196,0,0,0,0,0,0,0,1,0
22203,0,0,0,0,0,0,1,2,3
22205,0,0,0,0,0,0,1,1,6
22208,0,0,0,0,0,0,1,0,0
22210,0,0,0,0,0,0,3,0,0
22212,0,0,0,0,0,0,24,15,22
22213,0,0,0,0,0,0,1,0,0
22216,0,0,0,0,0,0,1,0,0
22224,0,0,0,0,0,0,1,2,0
22240,0,0,0,0,0,0,5,7,3
22246,0,0,0,0,0,0,1,0,0
22249,0,0,0,0,0,0,2,6,2
22251,0,0,0,0,0,0,2,1,3
22262,0,0,0,0,0,0,1,2,2
22265,0,0,0,0,0,0,3,3,4
22267,0,0,0,0,0,0,0,0,1
22283,0,0,0,0,0,0,2,0,0
22288,0,0,0,0,0,0,0,2,1
22296,0,0,0,0,0,0,1,0,0
22311,0,0,0,0,0,0,1,1,2
22317,0,0,0,0,0,0,0,1,1
22328,0,0,0,0,0,0,3,4,2
22356,0,0,0,0,0,0,0,3,5
22357,0,0,0,0,0,0,3,0,0
22366,0,0,0,0,0,0,7,6,10
22439,0,0,0,0,0,0,0,0,1
22454,0,0,0,0,0,0,1,0,1
22461,0,0,0,0,0,0,1,0,1
22468,0,0,0,0,0,0,2,0,0
22498,0,0,0,0,0,0,0,5,0
22510,0,0,0,0,0,0,1,0,0
22511,0,0,0,0,0,0,2,0,0
22532,0,0,0,0,0,0,1,0,0
22535,0,0,0,0,0,0,1,0,0
22560,0,0,0,0,0,0,1,2,0
22610,0,0,0,0,0,0,1,0,0
22614,0,0,0,0,0,0,0,0,7
22624,0,0,0,0,0,0,2,0,0
22645,0,0,0,0,0,0,1,2,0
22655,0,0,0,0,0,0,1,0,0
22672,0,0,0,0,0,0,1,0,0
22682,0,0,0,0,0,0,1,3,0
22697,0,0,0,0,0,0,5,0,0
22724,0,0,0,0,0,0,1,1,0
22725,0,0,0,0,0,0,1,0,0
22731,0,0,0,0,0,0,1,1,0
22744,0,0,0,0,0,0,1,0,0
22752,0,0,0,0,0,0,0,1,0
22806,0,0,0,0,0,0,0,0,2
22814,0,0,0,0,0,0,0,0,3
22854,0,0,0,0,0,0,1,1,0
22869,0,0,0,0,0,0,0,3,2
22871,0,0,0,0,0,0,1,2,0
22875,0,0,0,0,0,0,0,0,4
22897,0,0,0,0,0,0,1,1,1
22902,0,0,0,0,0,0,0,2,1
22903,0,0,0,0,0,0,2,1,4
22930,0,0,0,0,0,0,1,3,4
22932,0,0,0,0,0,0,12,1,3
22970,0,0,0,0,0,0,0,1,0
23022,0,0,0,0,0,0,3,0,1
23058,0,0,0,0,0,0,1,0,0
23074,0,0,0,0,0,0,1,0,0
23081,0,0,0,0,0,0,0,5,4
23086,0,0,0,0,0,0,1,0,0
23118,0,0,0,0,0,0,1,1,1
23137,0,0,0,0,0,0,2,2,2
23156,0,0,0,0,0,0,3,1,0
23179,0,0,0,0,0,0,0,4,4
23198,0,0,0,0,0,0,1,0,0
23375,0,0,0,0,0,0,0,0,3
23437,0,0,0,0,0,0,1,0,0
23464,0,0,0,0,0,0,1,0,0
23475,0,0,0,0,0,0,3,0,0
23497,0,0,0,0,0,0,4,0,0
23534,0,0,0,0,0,0,0,1,0
23698,0,0,0,0,0,0,0,0,13
23704,0,0,0,0,0,0,1,7,4
23707,0,0,0,0,0,0,2,0,0
23709,0,0,0,0,0,0,1,0,0
23711,0,0,0,0,0,0,1,0,0
23748,0,0,0,0,0,0,1,2,2
23806,0,0,0,0,0,0,1,1,0
23808,0,0,0,0,0,0,0,2,0
23826,0,0,0,0,0,0,1,0,0
23893,0,0,0,0,0,0,0,1,0
23960,0,0,0,0,0,0,1,0,0
23972,0,0,0,0,0,0,1,0,0
23973,0,0,0,0,0,0,0,2,0
23974,0,0,0,0,0,0,0,0,1
24005,0,0,0,0,0,0,0,2,0
24006,0,0,0,0,0,0,1,0,0
24053,0,0,0,0,0,0,0,0,1
24061,0,0,0,0,0,0,0,0,1
24064,0,0,0,0,0,0,1,0,0
24077,0,0,0,0,0,0,1,0,7
24082,0,0,0,0,0,0,0,1,1
24083,0,0,0,0,0,0,2,3,1
24084,0,0,0,0,0,0,2,3,1
24087,0,0,0,0,0,0,0,2,1
24089,0,0,0,0,0,0,2,0,0
24096,0,0,0,0,0,0,1,0,0
24101,0,0,0,0,0,0,1,0,0
24102,0,0,0,0,0,0,1,0,1
24104,0,0,0,0,0,0,1,1,2
24110,0,0,0,0,0,0,1,0,0
24121,0,0,0,0,0,0,1,0,0
24165,0,0,0,0,0,0,0,0,1
24166,0,0,0,0,0,0,2,0,0
24170,0,0,0,0,0,0,0,3,2
24178,0,0,0,0,0,0,2,0,0
24181,0,0,0,0,0,0,2,0,5
24231,0,0,0,0,0,0,0,2,0
24239,0,0,0,0,0,0,1,0,0
24240,0,0,0,0,0,0,3,0,0
24319,0,0,0,0,0,0,1,0,0
24339,0,0,0,0,0,0,0,1,0
24374,0,0,0,0,0,0,1,0,0
24391,0,0,0,0,0,0,0,0,1
24408,0,0,0,0,0,0,1,1,0
24444,0,0,0,0,0,0,0,1,1
24526,0,0,0,0,0,0,1,2,1
24576,0,0,0,0,0,0,1,0,0
24581,0,0,0,0,0,0,0,1,2
24624,0,0,0,0,0,0,2,1,0
24635,0,0,0,0,0,0,2,0,0
24642,0,0,0,0,0,0,1,0,0
24665,0,0,0,0,0,0,3,5,3
24685,0,0,0,0,0,0,0,0,1
24697,0,0,0,0,0,0,1,0,0
24705,0,0,0,0,0,0,1,10,7
24731,0,0,0,0,0,0,2,1,4
24740,0,0,0,0,0,0,1,1,4
24772,0,0,0,0,0,0,0,0,1
24789,0,0,0,0,0,0,0,0,1
24797,0,0,0,0,0,0,2,0,0
24824,0,0,0,0,0,0,1,0,0
24825,0,0,0,0,0,0,1,1,3
24846,0,0,0,0,0,0,1,4,0
24853,0,0,0,0,0,0,0,0,2
24864,0,0,0,0,0,0,2,0,0
24870,0,0,0,0,0,0,1,0,0
24908,0,0,0,0,0,0,2,0,0
24911,0,0,0,0,0,0,1,3,0
24952,0,0,0,0,0,0,1,0,0
24959,0,0,0,0,0,0,1,1,0
24966,0,0,0,0,0,0,6,4,10
24985,0,0,0,0,0,0,1,0,0
24987,0,0,0,0,0,0,1,3,2
25028,0,0,0,0,0,0,0,0,1
25055,0,0,0,0,0,0,1,0,1
25056,0,0,0,0,0,0,1,3,3
25120,0,0,0,0,0,0,2,0,1
25134,0,0,0,0,0,0,0,4,3
25141,0,0,0,0,0,0,1,0,0
25145,0,0,0,0,0,0,1,0,0
25188,0,0,0,0,0,0,2,1,0
25394,0,0,0,0,0,0,1,0,1
25578,0,0,0,0,0,0,1,0,1
25593,0,0,0,0,0,0,5,12,13
25610,0,0,0,0,0,0,0,1,0
25621,0,0,0,0,0,0,1,0,1
25622,0,0,0,0,0,0,0,2,2
25662,0,0,0,0,0,0,0,0,8
25663,0,0,0,0,0,0,0,0,1
25668,0,0,0,0,0,0,0,2,1
25683,0,0,0,0,0,0,1,0,0
25685,0,0,0,0,0,0,1,0,0
25696,0,0,0,0,0,0,3,3,18
25704,0,0,0,0,0,0,1,1,2
25708,0,0,0,0,0,0,1,0,1
25712,0,0,0,0,0,0,1,1,0
25713,0,0,0,0,0,0,1,0,0
25768,0,0,0,0,0,0,1,0,0
25800,0,0,0,0,0,0,1,0,0
25809,0,0,0,0,0,0,0,1,0
25816,0,0,0,0,0,0,0,0,2
25910,0,0,0,0,0,0,0,0,1
25922,0,0,0,0,0,0,0,0,1
25923,0,0,0,0,0,0,1,2,0
25933,0,0,0,0,0,0,2,2,2
25934,0,0,0,0,0,0,2,1,1
25935,0,0,0,0,0,0,1,1,0
25970,0,0,0,0,0,0,2,8,8
26012,0,0,0,0,0,0,1,0,0
26013,0,0,0,0,0,0,1,0,0
26113,0,0,0,0,0,0,1,0,0
26161,0,0,0,0,0,0,7,2,0
26197,0,0,0,0,0,0,1,4,5
26256,0,0,0,0,0,0,1,0,0
26262,0,0,0,0,0,0,1,1,0
26272,0,0,0,0,0,0,2,0,0
26273,0,0,0,0,0,0,1,1,0
26325,0,0,0,0,0,0,2,20,0
26343,0,0,0,0,0,0,1,5,0
26360,0,0,0,0,0,0,0,1,2
26364,0,0,0,0,0,0,0,0,1
26381,0,0,0,0,0,0,1,2,0
26385,0,0,0,0,0,0,2,2,2
26387,0,0,0,0,0,0,0,1,0
26421,0,0,0,0,0,0,1,0,0
26423,0,0,0,0,0,0,1,3,1
26460,0,0,0,0,0,0,0,0,1
26464,0,0,0,0,0,0,1,0,0
26477,0,0,0,0,0,0,1,1,0
26533,0,0,0,0,0,0,1,1,0
26535,0,0,0,0,0,0,0,8,0
26582,0,0,0,0,0,0,1,3,8
26583,0,0,0,0,0,0,1,0,1
26597,0,0,0,0,0,0,4,0,0
26662,0,0,0,0,0,0,0,1,1
26666,0,0,0,0,0,0,1,0,0
26775,0,0,0,0,0,0,0,2,4
26776,0,0,0,0,0,0,1,4,4
26779,0,0,0,0,0,0,0,1,1
26784,0,0,0,0,0,0,0,3,3
26797,0,0,0,0,0,0,1,0,0
26810,0,0,0,0,0,0,1,1,1
26817,0,0,0,0,0,0,0,1,0
26824,0,0,0,0,0,0,1,0,0
26832,0,0,0,0,0,0,0,0,1
26844,0,0,0,0,0,0,0,0,1
26847,0,0,0,0,0,0,0,2,0
26848,0,0,0,0,0,0,1,0,0
26859,0,0,0,0,0,0,1,0,0
26873,0,0,0,0,0,0,0,0,1
26877,0,0,0,0,0,0,0,3,0
26892,0,0,0,0,0,0,0,3,7
26907,0,0,0,0,0,0,0,1,0
26920,0,0,0,0,0,0,0,1,0
26934,0,0,0,0,0,0,1,2,2
26958,0,0,0,0,0,0,0,0,1
26964,0,0,0,0,0,0,1,0,0
27022,0,0,0,0,0,0,0,4,1
27076,0,0,0,0,0,0,1,0,0
27210,0,0,0,0,0,0,0,0,1
27279,0,0,0,0,0,0,0,2,2
27284,0,0,0,0,0,0,1,0,0
27300,0,0,0,0,0,0,0,1,0
27303,0,0,0,0,0,0,1,0,2
27310,0,0,0,0,0,0,3,4,0
27338,0,0,0,0,0,0,2,0,0
27341,0,0,0,0,0,0,0,1,0
27398,0,0,0,0,0,0,0,1,1
27479,0,0,0,0,0,0,1,0,0
27542,0,0,0,0,0,0,0,6,5
27547,0,0,0,0,0,0,0,1,0
27618,0,0,0,0,0,0,0,3,1
27621,0,0,0,0,0,0,1,0,0
27623,0,0,0,0,0,0,0,2,5
27676,0,0,0,0,0,0,1,0,0
27684,0,0,0,0,0,0,0,0,1
27711,0,0,0,0,0,0,0,1,1
27725,0,0,0,0,0,0,3,15,29
27732,0,0,0,0,0,0,0,1,6
27747,0,0,0,0,0,0,1,1,0
27781,0,0,0,0,0,0,2,14,7
27830,0,0,0,0,0,0,0,0,1
27833,0,0,0,0,0,0,0,1,3
27865,0,0,0,0,0,0,0,1,0
28021,0,0,0,0,0,0,0,5,0
28040,0,0,0,0,0,0,0,0,1
28042,0,0,0,0,0,0,0,0,1
28045,0,0,0,0,0,0,1,1,0
28078,0,0,0,0,0,0,1,12,6
28092,0,0,0,0,0,0,0,0,3
28110,0,0,0,0,0,0,0,1,0
28116,0,0,0,0,0,0,0,2,0
28123,0,0,0,0,0,0,0,1,0
28156,0,0,0,0,0,0,0,1,0
28180,0,0,0,0,0,0,0,2,0
28194,0,0,0,0,0,0,0,2,0
28195,0,0,0,0,0,0,0,1,0
28212,0,0,0,0,0,0,0,0,2
28227,0,0,0,0,0,0,0,1,0
28228,0,0,0,0,0,0,0,1,0
28239,0,0,0,0,0,0,0,0,1
28262,0,0,0,0,0,0,0,1,0
28294,0,0,0,0,0,0,0,1,0
28369,0,0,0,0,0,0,0,1,0
28386,0,0,0,0,0,0,0,2,2
28393,0,0,0,0,0,0,0,2,7
28431,0,0,0,0,0,0,0,2,1
28444,0,0,0,0,0,0,0,1,1
28492,0,0,0,0,0,0,0,2,0
28499,0,0,0,0,0,0,0,1,1
28502,0,0,0,0,0,0,0,5,5
28573,0,0,0,0,0,0,0,1,0
28578,0,0,0,0,0,0,0,1,0
28585,0,0,0,0,0,0,0,0,1
28589,0,0,0,0,0,0,0,1,1
28609,0,0,0,0,0,0,0,1,1
28618,0,0,0,0,0,0,0,0,1
28652,0,0,0,0,0,0,0,1,0
28659,0,0,0,0,0,0,0,1,0
28799,0,0,0,0,0,0,0,0,1
28904,0,0,0,0,0,0,0,3,2
28905,0,0,0,0,0,0,0,2,0
28954,0,0,0,0,0,0,0,2,3
28977,0,0,0,0,0,0,0,1,1
28997,0,0,0,0,0,0,0,5,0
28998,0,0,0,0,0,0,0,12,18
29002,0,0,0,0,0,0,0,2,3
29016,0,0,0,0,0,0,0,0,1
29018,0,0,0,0,0,0,0,0,1
29048,0,0,0,0,0,0,0,0,6
29071,0,0,0,0,0,0,0,1,0
29120,0,0,0,0,0,0,0,11,13
29122,0,0,0,0,0,0,0,0,1
29149,0,0,0,0,0,0,0,0,1
29180,0,0,0,0,0,0,0,1,0
29207,0,0,0,0,0,0,0,4,5
29236,0,0,0,0,0,0,0,1,1
29245,0,0,0,0,0,0,0,0,1
29302,0,0,0,0,0,0,0,1,0
29303,0,0,0,0,0,0,0,0,1
29337,0,0,0,0,0,0,0,0,1
29378,0,0,0,0,0,0,0,1,0
29409,0,0,0,0,0,0,0,0,1
29477,0,0,0,0,0,0,0,5,0
29586,0,0,0,0,0,0,0,1,0
29589,0,0,0,0,0,0,0,0,1
29645,0,0,0,0,0,0,0,1,1
29657,0,0,0,0,0,0,0,1,2
29696,0,0,0,0,0,0,0,1,0
29705,0,0,0,0,0,0,0,1,0
29733,0,0,0,0,0,0,0,2,0
29768,0,0,0,0,0,0,0,2,0
29775,0,0,0,0,0,0,0,2,0
29797,0,0,0,0,0,0,0,1,0
29892,0,0,0,0,0,0,0,1,1
29908,0,0,0,0,0,0,0,4,0
29918,0,0,0,0,0,0,0,3,1
29942,0,0,0,0,0,0,0,3,0
29949,0,0,0,0,0,0,0,0,6
29959,0,0,0,0,0,0,0,1,0
29962,0,0,0,0,0,0,0,1,0
30002,0,0,0,0,0,0,0,1,0
30006,0,0,0,0,0,0,0,1,0
30010,0,0,0,0,0,0,0,1,0
30014,0,0,0,0,0,0,0,1,0
30018,0,0,0,0,0,0,0,1,0
30047,0,0,0,0,0,0,0,1,0
30048,0,0,0,0,0,0,0,0,1
30051,0,0,0,0,0,0,0,6,13
30052,0,0,0,0,0,0,0,0,2
30078,0,0,0,0,0,0,0,1,1
30080,0,0,0,0,0,0,0,0,2
30089,0,0,0,0,0,0,0,2,0
30095,0,0,0,0,0,0,0,1,0
30165,0,0,0,0,0,0,0,0,1
30172,0,0,0,0,0,0,0,1,0
30192,0,0,0,0,0,0,0,12,6
30205,0,0,0,0,0,0,0,2,2
30215,0,0,0,0,0,0,0,1,0
30216,0,0,0,0,0,0,0,1,1
30221,0,0,0,0,0,0,0,2,0
30229,0,0,0,0,0,0,0,1,1
30252,0,0,0,0,0,0,0,1,0
30274,0,0,0,0,0,0,0,2,1
30275,0,0,0,0,0,0,0,1,1
30277,0,0,0,0,0,0,0,1,1
30291,0,0,0,0,0,0,0,1,0
30292,0,0,0,0,0,0,0,1,0
30293,0,0,0,0,0,0,0,0,1
30314,0,0,0,0,0,0,0,1,0
30332,0,0,0,0,0,0,0,0,1
30338,0,0,0,0,0,0,0,1,0
30389,0,0,0,0,0,0,0,1,4
30397,0,0,0,0,0,0,0,0,4
30407,0,0,0,0,0,0,0,0,1
30440,0,0,0,0,0,0,0,1,0
30490,0,0,0,0,0,0,0,0,1
30500,0,0,0,0,0,0,0,3,0
30501,0,0,0,0,0,0,0,1,2
30502,0,0,0,0,0,0,0,1,0
30518,0,0,0,0,0,0,0,0,1
30527,0,0,0,0,0,0,0,1,0
30538,0,0,0,0,0,0,0,2,0
30542,0,0,0,0,0,0,0,1,0
30543,0,0,0,0,0,0,0,2,2
30575,0,0,0,0,0,0,0,2,4
30578,0,0,0,0,0,0,0,1,0
30581,0,0,0,0,0,0,0,2,0
30585,0,0,0,0,0,0,0,2,0
30773,0,0,0,0,0,0,0,2,0
30786,0,0,0,0,0,0,0,1,0
30787,0,0,0,0,0,0,0,6,1
30809,0,0,0,0,0,0,0,5,3
30815,0,0,0,0,0,0,0,3,10
30823,0,0,0,0,0,0,0,1,0
30846,0,0,0,0,0,0,0,4,0
30885,0,0,0,0,0,0,0,0,1
30919,0,0,0,0,0,0,0,13,9
30930,0,0,0,0,0,0,0,2,0
30981,0,0,0,0,0,0,0,2,0
31025,0,0,0,0,0,0,0,2,0
31071,0,0,0,0,0,0,0,2,0
31075,0,0,0,0,0,0,0,0,4
31105,0,0,0,0,0,0,0,2,0
31161,0,0,0,0,0,0,0,0,1
31177,0,0,0,0,0,0,0,6,7
31179,0,0,0,0,0,0,0,1,0
31180,0,0,0,0,0,0,0,0,1
31181,0,0,0,0,0,0,0,2,0
31186,0,0,0,0,0,0,0,1,1
31187,0,0,0,0,0,0,0,1,0
31192,0,0,0,0,0,0,0,1,0
31265,0,0,0,0,0,0,0,8,4
31266,0,0,0,0,0,0,0,0,2
31285,0,0,0,0,0,0,0,2,0
31331,0,0,0,0,0,0,0,4,0
31346,0,0,0,0,0,0,0,5,6
31356,0,0,0,0,0,0,0,0,4
31358,0,0,0,0,0,0,0,3,0
31361,0,0,0,0,0,0,0,2,0
31364,0,0,0,0,0,0,0,3,0
31378,0,0,0,0,0,0,0,1,1
31389,0,0,0,0,0,0,0,3,3
31391,0,0,0,0,0,0,0,1,0
31403,0,0,0,0,0,0,0,2,2
31437,0,0,0,0,0,0,0,0,4
31442,0,0,0,0,0,0,0,0,3
31444,0,0,0,0,0,0,0,1,3
31482,0,0,0,0,0,0,0,2,0
31520,0,0,0,0,0,0,0,0,1
31576,0,0,0,0,0,0,0,1,0
31604,0,0,0,0,0,0,0,0,3
31624,0,0,0,0,0,0,0,1,1
31631,0,0,0,0,0,0,0,0,1
31659,0,0,0,0,0,0,0,0,2
31666,0,0,0,0,0,0,0,1,0
31685,0,0,0,0,0,0,0,1,0
31704,0,0,0,0,0,0,0,4,3
31735,0,0,0,0,0,0,0,0,1
31781,0,0,0,0,0,0,0,2,0
31788,0,0,0,0,0,0,0,0,1
31843,0,0,0,0,0,0,0,3,7
31847,0,0,0,0,0,0,0,1,0
31903,0,0,0,0,0,0,0,1,0
31911,0,0,0,0,0,0,0,5,1
31932,0,0,0,0,0,0,0,1,0
31949,0,0,0,0,0,0,0,2,0
31951,0,0,0,0,0,0,0,2,6
31966,0,0,0,0,0,0,0,1,0
32050,0,0,0,0,0,0,0,1,0
32076,0,0,0,0,0,0,0,1,0
32097,0,0,0,0,0,0,0,1,0
32104,0,0,0,0,0,0,0,1,0
32117,0,0,0,0,0,0,0,1,0
32128,0,0,0,0,0,0,0,1,0
32133,0,0,0,0,0,0,0,4,1
32153,0,0,0,0,0,0,0,1,0
32154,0,0,0,0,0,0,0,1,1
32161,0,0,0,0,0,0,0,1,0
32167,0,0,0,0,0,0,0,1,0
32179,0,0,0,0,0,0,0,1,0
32194,0,0,0,0,0,0,0,0,1
32196,0,0,0,0,0,0,0,7,4
32236,0,0,0,0,0,0,0,1,3
32254,0,0,0,0,0,0,0,1,0
32264,0,0,0,0,0,0,0,1,0
32280,0,0,0,0,0,0,0,1,0
32298,0,0,0,0,0,0,0,1,0
32301,0,0,0,0,0,0,0,1,0
32303,0,0,0,0,0,0,0,1,0
32304,0,0,0,0,0,0,0,1,2
32312,0,0,0,0,0,0,0,1,0
32314,0,0,0,0,0,0,0,1,0
32324,0,0,0,0,0,0,0,1,0
32334,0,0,0,0,0,0,0,2,0
32355,0,0,0,0,0,0,0,1,0
32356,0,0,0,0,0,0,0,1,0
32357,0,0,0,0,0,0,0,3,0
32362,0,0,0,0,0,0,0,2,0
32378,0,0,0,0,0,0,0,1,1
32386,0,0,0,0,0,0,0,1,0
32423,0,0,0,0,0,0,0,1,0
32442,0,0,0,0,0,0,0,1,0
32444,0,0,0,0,0,0,0,1,1
32469,0,0,0,0,0,0,0,1,0
32473,0,0,0,0,0,0,0,1,0
32481,0,0,0,0,0,0,0,0,3
32483,0,0,0,0,0,0,0,1,0
32488,0,0,0,0,0,0,0,5,0
32509,0,0,0,0,0,0,0,0,2
32540,0,0,0,0,0,0,0,0,1
32561,0,0,0,0,0,0,0,1,0
32597,0,0,0,0,0,0,0,1,0
32607,0,0,0,0,0,0,0,1,0
32665,0,0,0,0,0,0,0,1,0
32671,0,0,0,0,0,0,0,1,0
32683,0,0,0,0,0,0,0,0,2
32729,0,0,0,0,0,0,0,0,7
32739,0,0,0,0,0,0,0,1,0
32750,0,0,0,0,0,0,0,1,0
32769,0,0,0,0,0,0,0,1,3
32838,0,0,0,0,0,0,0,1,0
32884,0,0,0,0,0,0,0,0,2
32912,0,0,0,0,0,0,0,1,3
33188,0,0,0,0,0,0,0,0,3
33266,0,0,0,0,0,0,0,5,3
33281,0,0,0,0,0,0,0,0,2
33363,0,0,0,0,0,0,0,4,3
33422,0,0,0,0,0,0,0,2,4
33432,0,0,0,0,0,0,0,0,1
33447,0,0,0,0,0,0,0,1,3
33488,0,0,0,0,0,0,0,1,0
33557,0,0,0,0,0,0,0,0,2
33558,0,0,0,0,0,0,0,0,1
33602,0,0,0,0,0,0,0,1,3
33621,0,0,0,0,0,0,0,2,0
33672,0,0,0,0,0,0,0,1,1
33679,0,0,0,0,0,0,0,7,4
33696,0,0,0,0,0,0,0,1,0
33705,0,0,0,0,0,0,0,2,1
33718,0,0,0,0,0,0,0,1,2
33729,0,0,0,0,0,0,0,1,0
33792,0,0,0,0,0,0,0,1,0
33795,0,0,0,0,0,0,0,2,0
33800,0,0,0,0,0,0,0,1,0
33832,0,0,0,0,0,0,0,1,0
33849,0,0,0,0,0,0,0,1,0
33851,0,0,0,0,0,0,0,1,1
33866,0,0,0,0,0,0,0,0,1
33905,0,0,0,0,0,0,0,1,0
33947,0,0,0,0,0,0,0,1,0
33965,0,0,0,0,0,0,0,1,0
33995,0,0,0,0,0,0,0,0,1
33997,0,0,0,0,0,0,0,1,0
34034,0,0,0,0,0,0,0,0,3
34037,0,0,0,0,0,0,0,2,0
34038,0,0,0,0,0,0,0,1,0
34165,0,0,0,0,0,0,0,1,0
34173,0,0,0,0,0,0,0,1,1
34186,0,0,0,0,0,0,0,1,0
34188,0,0,0,0,0,0,0,4,2
34210,0,0,0,0,0,0,0,1,0
34214,0,0,0,0,0,0,0,3,0
34219,0,0,0,0,0,0,0,1,0
34239,0,0,0,0,0,0,0,1,0
34245,0,0,0,0,0,0,0,1,0
34258,0,0,0,0,0,0,0,1,0
34276,0,0,0,0,0,0,0,1,1
34277,0,0,0,0,0,0,0,0,1
34318,0,0,0,0,0,0,0,0,5
34327,0,0,0,0,0,0,0,2,2
34343,0,0,0,0,0,0,0,1,3
34394,0,0,0,0,0,0,0,1,0
34417,0,0,0,0,0,0,0,1,0
34418,0,0,0,0,0,0,0,0,1
34425,0,0,0,0,0,0,0,2,2
34455,0,0,0,0,0,0,0,14,4
34457,0,0,0,0,0,0,0,4,16
34462,0,0,0,0,0,0,0,0,1
34478,0,0,0,0,0,0,0,0,2
34498,0,0,0,0,0,0,0,1,0
34533,0,0,0,0,0,0,0,1,0
34542,0,0,0,0,0,0,0,1,2
34555,0,0,0,0,0,0,0,0,1
34556,0,0,0,0,0,0,0,5,3
34605,0,0,0,0,0,0,0,1,3
34637,0,0,0,0,0,0,0,1,0
34664,0,0,0,0,0,0,0,0,2
34667,0,0,0,0,0,0,0,0,1
34668,0,0,0,0,0,0,0,1,0
34716,0,0,0,0,0,0,0,1,0
34726,0,0,0,0,0,0,0,2,3
34737,0,0,0,0,0,0,0,2,3
34794,0,0,0,0,0,0,0,1,0
34799,0,0,0,0,0,0,0,2,1
34814,0,0,0,0,0,0,0,0,1
34843,0,0,0,0,0,0,0,1,0
34895,0,0,0,0,0,0,0,4,0
34904,0,0,0,0,0,0,0,0,3
34917,0,0,0,0,0,0,0,1,0
34932,0,0,0,0,0,0,0,3,4
34979,0,0,0,0,0,0,0,3,1
34988,0,0,0,0,0,0,0,1,0
34997,0,0,0,0,0,0,0,2,0
35008,0,0,0,0,0,0,0,1,1
35015,0,0,0,0,0,0,0,1,1
35033,0,0,0,0,0,0,0,1,0
35035,0,0,0,0,0,0,0,2,2
35044,0,0,0,0,0,0,0,1,1
35053,0,0,0,0,0,0,0,4,1
35060,0,0,0,0,0,0,0,1,2
35067,0,0,0,0,0,0,0,1,0
35084,0,0,0,0,0,0,0,1,0
35093,0,0,0,0,0,0,0,1,0
35095,0,0,0,0,0,0,0,2,0
35100,0,0,0,0,0,0,0,0,3
35113,0,0,0,0,0,0,0,0,1
35199,0,0,0,0,0,0,0,2,0
35225,0,0,0,0,0,0,0,1,0
35236,0,0,0,0,0,0,0,1,0
35238,0,0,0,0,0,0,0,2,0
35252,0,0,0,0,0,0,0,0,1
35264,0,0,0,0,0,0,0,2,1
35283,0,0,0,0,0,0,0,1,1
35284,0,0,0,0,0,0,0,1,0
35339,0,0,0,0,0,0,0,1,0
35341,0,0,0,0,0,0,0,2,0
35345,0,0,0,0,0,0,0,1,0
35347,0,0,0,0,0,0,0,2,0
35348,0,0,0,0,0,0,0,1,2
35354,0,0,0,0,0,0,0,1,0
35357,0,0,0,0,0,0,0,1,0
35359,0,0,0,0,0,0,0,1,0
35360,0,0,0,0,0,0,0,0,2
35371,0,0,0,0,0,0,0,1,1
35384,0,0,0,0,0,0,0,1,0
35387,0,0,0,0,0,0,0,1,0
35403,0,0,0,0,0,0,0,1,4
35417,0,0,0,0,0,0,0,0,1
35430,0,0,0,0,0,0,0,1,2
35433,0,0,0,0,0,0,0,1,0
35436,0,0,0,0,0,0,0,1,0
35437,0,0,0,0,0,0,0,1,0
35447,0,0,0,0,0,0,0,2,1
35466,0,0,0,0,0,0,0,0,1
35495,0,0,0,0,0,0,0,2,0
35498,0,0,0,0,0,0,0,0,3
35519,0,0,0,0,0,0,0,1,5
35574,0,0,0,0,0,0,0,0,1
35580,0,0,0,0,0,0,0,3,0
35593,0,0,0,0,0,0,0,0,1
35599,0,0,0,0,0,0,0,2,8
35601,0,0,0,0,0,0,0,3,2
35603,0,0,0,0,0,0,0,2,0
35615,0,0,0,0,0,0,0,3,0
35632,0,0,0,0,0,0,0,1,0
35674,0,0,0,0,0,0,0,1,2
35681,0,0,0,0,0,0,0,1,0
35709,0,0,0,0,0,0,0,0,3
35714,0,0,0,0,0,0,0,0,2
35718,0,0,0,0,0,0,0,1,1
35724,0,0,0,0,0,0,0,0,5
35725,0,0,0,0,0,0,0,1,0
35780,0,0,0,0,0,0,0,1,1
35787,0,0,0,0,0,0,0,2,0
35799,0,0,0,0,0,0,0,1,0
35831,0,0,0,0,0,0,0,1,1
35860,0,0,0,0,0,0,0,0,2
35862,0,0,0,0,0,0,0,0,6
35868,0,0,0,0,0,0,0,1,1
35877,0,0,0,0,0,0,0,1,0
35912,0,0,0,0,0,0,0,3,5
35960,0,0,0,0,0,0,0,1,0
35974,0,0,0,0,0,0,0,3,0
35988,0,0,0,0,0,0,0,1,0
35989,0,0,0,0,0,0,0,1,0
35994,0,0,0,0,0,0,0,1,0
35998,0,0,0,0,0,0,0,0,3
36002,0,0,0,0,0,0,0,1,0
36004,0,0,0,0,0,0,0,0,1
36009,0,0,0,0,0,0,0,1,4
36023,0,0,0,0,0,0,0,1,0
36038,0,0,0,0,0,0,0,2,0
36098,0,0,0,0,0,0,0,0,1
36140,0,0,0,0,0,0,0,0,7
36211,0,0,0,0,0,0,0,1,0
36219,0,0,0,0,0,0,0,1,0
36236,0,0,0,0,0,0,0,0,6
36259,0,0,0,0,0,0,0,2,7
36264,0,0,0,0,0,0,0,1,6
36268,0,0,0,0,0,0,0,1,2
36278,0,0,0,0,0,0,0,1,0
36280,0,0,0,0,0,0,0,0,1
36281,0,0,0,0,0,0,0,6,11
36298,0,0,0,0,0,0,0,0,1
36301,0,0,0,0,0,0,0,1,0
36320,0,0,0,0,0,0,0,3,1
36329,0,0,0,0,0,0,0,1,0
36389,0,0,0,0,0,0,0,1,1
36390,0,0,0,0,0,0,0,0,1
36487,0,0,0,0,0,0,0,0,1
36490,0,0,0,0,0,0,0,2,0
36521,0,0,0,0,0,0,0,0,2
36523,0,0,0,0,0,0,0,0,1
36536,0,0,0,0,0,0,0,0,1
36539,0,0,0,0,0,0,0,1,0
36543,0,0,0,0,0,0,0,1,0
36545,0,0,0,0,0,0,0,1,4
36569,0,0,0,0,0,0,0,1,0
36582,0,0,0,0,0,0,0,1,0
36584,0,0,0,0,0,0,0,0,1
36599,0,0,0,0,0,0,0,0,2
36600,0,0,0,0,0,0,0,0,1
36625,0,0,0,0,0,0,0,1,0
36626,0,0,0,0,0,0,0,0,2
36647,0,0,0,0,0,0,0,1,1
36711,0,0,0,0,0,0,0,1,1
36754,0,0,0,0,0,0,0,1,0
36794,0,0,0,0,0,0,0,0,6
36892,0,0,0,0,0,0,0,1,1
36964,0,0,0,0,0,0,0,1,0
36967,0,0,0,0,0,0,0,1,0
37024,0,0,0,0,0,0,0,1,0
37054,0,0,0,0,0,0,0,0,1
37078,0,0,0,0,0,0,0,0,2
37135,0,0,0,0,0,0,0,0,3
37152,0,0,0,0,0,0,0,3,4
37229,0,0,0,0,0,0,0,0,1
37239,0,0,0,0,0,0,0,1,4
37256,0,0,0,0,0,0,0,1,0
37260,0,0,0,0,0,0,0,0,2
37296,0,0,0,0,0,0,0,2,5
37308,0,0,0,0,0,0,0,1,0
37312,0,0,0,0,0,0,0,0,1
37313,0,0,0,0,0,0,0,1,0
37340,0,0,0,0,0,0,0,2,0
37377,0,0,0,0,0,0,0,1,0
37382,0,0,0,0,0,0,0,0,1
37393,0,0,0,0,0,0,0,2,6
37396,0,0,0,0,0,0,0,1,0
37407,0,0,0,0,0,0,0,0,1
37414,0,0,0,0,0,0,0,1,0
37435,0,0,0,0,0,0,0,0,1
37502,0,0,0,0,0,0,0,1,0
37504,0,0,0,0,0,0,0,1,0
37505,0,0,0,0,0,0,0,1,9
37534,0,0,0,0,0,0,0,2,0
37537,0,0,0,0,0,0,0,1,0
37574,0,0,0,0,0,0,0,1,4
37610,0,0,0,0,0,0,0,0,1
37656,0,0,0,0,0,0,0,1,0
37678,0,0,0,0,0,0,0,0,3
37679,0,0,0,0,0,0,0,1,3
37687,0,0,0,0,0,0,0,0,2
37692,0,0,0,0,0,0,0,1,0
37781,0,0,0,0,0,0,0,2,1
37830,0,0,0,0,0,0,0,2,0
37861,0,0,0,0,0,0,0,0,4
37883,0,0,0,0,0,0,0,0,1
37890,0,0,0,0,0,0,0,0,1
37934,0,0,0,0,0,0,0,1,4
37947,0,0,0,0,0,0,0,0,1
37953,0,0,0,0,0,0,0,0,1
37958,0,0,0,0,0,0,0,1,1
37963,0,0,0,0,0,0,0,0,8
37999,0,0,0,0,0,0,0,0,1
38124,0,0,0,0,0,0,0,2,2
38159,0,0,0,0,0,0,0,1,4
38161,0,0,0,0,0,0,0,0,1
38175,0,0,0,0,0,0,0,0,1
38184,0,0,0,0,0,0,0,0,2
38191,0,0,0,0,0,0,0,1,9
38344,0,0,0,0,0,0,0,1,1
38352,0,0,0,0,0,0,0,0,1
38355,0,0,0,0,0,0,0,1,1
38358,0,0,0,0,0,0,0,0,1
38363,0,0,0,0,0,0,0,1,1
38365,0,0,0,0,0,0,0,1,5
38513,0,0,0,0,0,0,0,0,2
38515,0,0,0,0,0,0,0,1,6
38516,0,0,0,0,0,0,0,0,1
38531,0,0,0,0,0,0,0,1,0
38544,0,0,0,0,0,0,0,1,2
38597,0,0,0,0,0,0,0,0,4
38617,0,0,0,0,0,0,0,0,6
38618,0,0,0,0,0,0,0,0,1
38619,0,0,0,0,0,0,0,0,4
38626,0,0,0,0,0,0,0,0,1
38659,0,0,0,0,0,0,0,0,1
38660,0,0,0,0,0,0,0,0,21
38700,0,0,0,0,0,0,0,0,6
38716,0,0,0,0,0,0,0,0,4
38726,0,0,0,0,0,0,0,0,1
38737,0,0,0,0,0,0,0,0,1
38742,0,0,0,0,0,0,0,0,1
38746,0,0,0,0,0,0,0,0,4
38747,0,0,0,0,0,0,0,0,10
38764,0,0,0,0,0,0,0,0,1
38780,0,0,0,0,0,0,0,0,1
38790,0,0,0,0,0,0,0,0,1
38792,0,0,0,0,0,0,0,0,2
38798,0,0,0,0,0,0,0,0,1
38816,0,0,0,0,0,0,0,0,1
38817,0,0,0,0,0,0,0,0,2
38831,0,0,0,0,0,0,0,0,1
38840,0,0,0,0,0,0,0,0,1
38843,0,0,0,0,0,0,0,0,4
38890,0,0,0,0,0,0,0,0,1
38952,0,0,0,0,0,0,0,0,4
38996,0,0,0,0,0,0,0,0,1
39053,0,0,0,0,0,0,0,0,3
39066,0,0,0,0,0,0,0,0,2
39068,0,0,0,0,0,0,0,0,1
39161,0,0,0,0,0,0,0,0,9
39187,0,0,0,0,0,0,0,0,1
39191,0,0,0,0,0,0,0,0,4
39224,0,0,0,0,0,0,0,0,3
39237,0,0,0,0,0,0,0,0,2
39244,0,0,0,0,0,0,0,0,1
39246,0,0,0,0,0,0,0,0,1
39248,0,0,0,0,0,0,0,0,1
39249,0,0,0,0,0,0,0,0,1
39257,0,0,0,0,0,0,0,0,2
39272,0,0,0,0,0,0,0,0,2
39304,0,0,0,0,0,0,0,0,2
39323,0,0,0,0,0,0,0,0,2
39341,0,0,0,0,0,0,0,0,1
39398,0,0,0,0,0,0,0,0,1
39411,0,0,0,0,0,0,0,0,1
39446,0,0,0,0,0,0,0,0,3
39447,0,0,0,0,0,0,0,0,12
39479,0,0,0,0,0,0,0,0,2
39542,0,0,0,0,0,0,0,0,12
39546,0,0,0,0,0,0,0,0,1
39553,0,0,0,0,0,0,0,0,4
39583,0,0,0,0,0,0,0,0,3
39594,0,0,0,0,0,0,0,0,4
39602,0,0,0,0,0,0,0,0,3
39615,0,0,0,0,0,0,0,0,1
39625,0,0,0,0,0,0,0,0,6
39633,0,0,0,0,0,0,0,0,1
39722,0,0,0,0,0,0,0,0,1
39724,0,0,0,0,0,0,0,0,1
39725,0,0,0,0,0,0,0,0,1
39741,0,0,0,0,0,0,0,0,3
39758,0,0,0,0,0,0,0,0,4
39774,0,0,0,0,0,0,0,0,1
39780,0,0,0,0,0,0,0,0,3
39795,0,0,0,0,0,0,0,0,6
39796,0,0,0,0,0,0,0,0,1
39817,0,0,0,0,0,0,0,0,4
39840,0,0,0,0,0,0,0,0,8
39880,0,0,0,0,0,0,0,0,1
39902,0,0,0,0,0,0,0,0,4
39905,0,0,0,0,0,0,0,0,3
39910,0,0,0,0,0,0,0,0,1
39924,0,0,0,0,0,0,0,0,1
39988,0,0,0,0,0,0,0,0,3
39999,0,0,0,0,0,0,0,0,2
40008,0,0,0,0,0,0,0,0,3
40045,0,0,0,0,0,0,0,0,1
40073,0,0,0,0,0,0,0,0,1
40099,0,0,0,0,0,0,0,0,1
40101,0,0,0,0,0,0,0,0,2
40104,0,0,0,0,0,0,0,0,1
40109,0,0,0,0,0,0,0,0,1
40136,0,0,0,0,0,0,0,0,9
40191,0,0,0,0,0,0,0,0,1
40262,0,0,0,0,0,0,0,0,3
40292,0,0,0,0,0,0,0,0,1
40303,0,0,0,0,0,0,0,0,1
40315,0,0,0,0,0,0,0,0,1
40371,0,0,0,0,0,0,0,0,2
40372,0,0,0,0,0,0,0,0,1
40399,0,0,0,0,0,0,0,0,1
40403,0,0,0,0,0,0,0,0,2
40407,0,0,0,0,0,0,0,0,1
40422,0,0,0,0,0,0,0,0,1
40443,0,0,0,0,0,0,0,0,1
40483,0,0,0,0,0,0,0,0,1
40526,0,0,0,0,0,0,0,0,2
40534,0,0,0,0,0,0,0,0,2
40540,0,0,0,0,0,0,0,0,1
40547,0,0,0,0,0,0,0,0,1
40567,0,0,0,0,0,0,0,0,1
40568,0,0,0,0,0,0,0,0,8
40576,0,0,0,0,0,0,0,0,1
40586,0,0,0,0,0,0,0,0,2
40589,0,0,0,0,0,0,0,0,1
40596,0,0,0,0,0,0,0,0,1
40623,0,0,0,0,0,0,0,0,1
40624,0,0,0,0,0,0,0,0,5
40628,0,0,0,0,0,0,0,0,4
40629,0,0,0,0,0,0,0,0,1
40632,0,0,0,0,0,0,0,0,1
40633,0,0,0,0,0,0,0,0,2
40635,0,0,0,0,0,0,0,0,4
40638,0,0,0,0,0,0,0,0,1
40639,0,0,0,0,0,0,0,0,1
40640,0,0,0,0,0,0,0,0,2
40647,0,0,0,0,0,0,0,0,1
40654,0,0,0,0,0,0,0,0,1
40655,0,0,0,0,0,0,0,0,2
40661,0,0,0,0,0,0,0,0,2
40663,0,0,0,0,0,0,0,0,2
40667,0,0,0,0,0,0,0,0,3
40669,0,0,0,0,0,0,0,0,1
40685,0,0,0,0,0,0,0,0,1
40689,0,0,0,0,0,0,0,0,2
40693,0,0,0,0,0,0,0,0,1
40709,0,0,0,0,0,0,0,0,1
40711,0,0,0,0,0,0,0,0,5
40722,0,0,0,0,0,0,0,0,1
40732,0,0,0,0,0,0,0,0,1
40760,0,0,0,0,0,0,0,0,1
40762,0,0,0,0,0,0,0,0,1
40799,0,0,0,0,0,0,0,0,1
40819,0,0,0,0,0,0,0,0,1
40840,0,0,0,0,0,0,0,0,2
40862,0,0,0,0,0,0,0,0,1
40881,0,0,0,0,0,0,0,0,1
40915,0,0,0,0,0,0,0,0,1
40943,0,0,0,0,0,0,0,0,3
40945,0,0,0,0,0,0,0,0,1
40946,0,0,0,0,0,0,0,0,3
40947,0,0,0,0,0,0,0,0,1
40969,0,0,0,0,0,0,0,0,1
40970,0,0,0,0,0,0,0,0,3
40984,0,0,0,0,0,0,0,0,1
40987,0,0,0,0,0,0,0,0,1
40990,0,0,0,0,0,0,0,0,1
40993,0,0,0,0,0,0,0,0,1
40997,0,0,0,0,0,0,0,0,6
41001,0,0,0,0,0,0,0,0,1
41006,0,0,0,0,0,0,0,0,2
41012,0,0,0,0,0,0,0,0,1
41019,0,0,0,0,0,0,0,0,3
41021,0,0,0,0,0,0,0,0,1
41027,0,0,0,0,0,0,0,0,1
41066,0,0,0,0,0,0,0,0,1
41084,0,0,0,0,0,0,0,0,1
41089,0,0,0,0,0,0,0,0,1
41095,0,0,0,0,0,0,0,0,1
41104,0,0,0,0,0,0,0,0,1
41105,0,0,0,0,0,0,0,0,1
41112,0,0,0,0,0,0,0,0,1
41117,0,0,0,0,0,0,0,0,4
41129,0,0,0,0,0,0,0,0,4
41172,0,0,0,0,0,0,0,0,2
41181,0,0,0,0,0,0,0,0,1
41188,0,0,0,0,0,0,0,0,2
41213,0,0,0,0,0,0,0,0,1
41238,0,0,0,0,0,0,0,0,1
41252,0,0,0,0,0,0,0,0,1
41267,0,0,0,0,0,0,0,0,8
41275,0,0,0,0,0,0,0,0,2
41289,0,0,0,0,0,0,0,0,1
41301,0,0,0,0,0,0,0,0,1
41321,0,0,0,0,0,0,0,0,1
41328,0,0,0,0,0,0,0,0,3
41331,0,0,0,0,0,0,0,0,1
41332,0,0,0,0,0,0,0,0,1
41334,0,0,0,0,0,0,0,0,1
41344,0,0,0,0,0,0,0,0,1
41348,0,0,0,0,0,0,0,0,2
41349,0,0,0,0,0,0,0,0,2
41352,0,0,0,0,0,0,0,0,1
41354,0,0,0,0,0,0,0,0,1
41355,0,0,0,0,0,0,0,0,1
41361,0,0,0,0,0,0,0,0,1
41363,0,0,0,0,0,0,0,0,5
41364,0,0,0,0,0,0,0,0,2
41369,0,0,0,0,0,0,0,0,4
41373,0,0,0,0,0,0,0,0,2
41374,0,0,0,0,0,0,0,0,1
41388,0,0,0,0,0,0,0,0,1
41399,0,0,0,0,0,0,0,0,1
41405,0,0,0,0,0,0,0,0,1
41407,0,0,0,0,0,0,0,0,2
41411,0,0,0,0,0,0,0,0,2
41412,0,0,0,0,0,0,0,0,1
41418,0,0,0,0,0,0,0,0,1
41420,0,0,0,0,0,0,0,0,1
41427,0,0,0,0,0,0,0,0,2
41447,0,0,0,0,0,0,0,0,1
41458,0,0,0,0,0,0,0,0,1
41465,0,0,0,0,0,0,0,0,2
41470,0,0,0,0,0,0,0,0,1
41480,0,0,0,0,0,0,0,0,1
41486,0,0,0,0,0,0,0,0,1
41489,0,0,0,0,0,0,0,0,5
41504,0,0,0,0,0,0,0,0,2
41507,0,0,0,0,0,0,0,0,1
41543,0,0,0,0,0,0,0,0,1
41552,0,0,0,0,0,0,0,0,1
41553,0,0,0,0,0,0,0,0,1
41561,0,0,0,0,0,0,0,0,5
41565,0,0,0,0,0,0,0,0,1
41575,0,0,0,0,0,0,0,0,1
41578,0,0,0,0,0,0,0,0,1
41584,0,0,0,0,0,0,0,0,2
41604,0,0,0,0,0,0,0,0,1
41621,0,0,0,0,0,0,0,0,5
41627,0,0,0,0,0,0,0,0,1
41640,0,0,0,0,0,0,0,0,1
41654,0,0,0,0,0,0,0,0,9
41656,0,0,0,0,0,0,0,0,4
41671,0,0,0,0,0,0,0,0,3
41674,0,0,0,0,0,0,0,0,1
41675,0,0,0,0,0,0,0,0,4
41687,0,0,0,0,0,0,0,0,2
41697,0,0,0,0,0,0,0,0,3
41699,0,0,0,0,0,0,0,0,1
41702,0,0,0,0,0,0,0,0,1
41718,0,0,0,0,0,0,0,0,1
41758,0,0,0,0,0,0,0,0,4
41771,0,0,0,0,0,0,0,0,7
41779,0,0,0,0,0,0,0,0,1
41811,0,0,0,0,0,0,0,0,5
41822,0,0,0,0,0,0,0,0,2
41832,0,0,0,0,0,0,0,0,1
41834,0,0,0,0,0,0,0,0,1
41849,0,0,0,0,0,0,0,0,2
41851,0,0,0,0,0,0,0,0,2
41911,0,0,0,0,0,0,0,0,1
41914,0,0,0,0,0,0,0,0,2
41920,0,0,0,0,0,0,0,0,1
41940,0,0,0,0,0,0,0,0,1
41944,0,0,0,0,0,0,0,0,1
41953,0,0,0,0,0,0,0,0,1
41978,0,0,0,0,0,0,0,0,4
42104,0,0,0,0,0,0,0,0,2
42150,0,0,0,0,0,0,0,0,2
42197,0,0,0,0,0,0,0,0,2
42199,0,0,0,0,0,0,0,0,2
42223,0,0,0,0,0,0,0,0,3
42224,0,0,0,0,0,0,0,0,5
42267,0,0,0,0,0,0,0,0,1
42279,0,0,0,0,0,0,0,0,3
42281,0,0,0,0,0,0,0,0,1
42284,0,0,0,0,0,0,0,0,1
42321,0,0,0,0,0,0,0,0,1
42323,0,0,0,0,0,0,0,0,1
42328,0,0,0,0,0,0,0,0,1
42346,0,0,0,0,0,0,0,0,2
42347,0,0,0,0,0,0,0,0,3
42348,0,0,0,0,0,0,0,0,2
42351,0,0,0,0,0,0,0,0,1
42370,0,0,0,0,0,0,0,0,2
42385,0,0,0,0,0,0,0,0,1
42410,0,0,0,0,0,0,0,0,1
42495,0,0,0,0,0,0,0,0,1
42507,0,0,0,0,0,0,0,0,1
42514,0,0,0,0,0,0,0,0,2
42519,0,0,0,0,0,0,0,0,1
42544,0,0,0,0,0,0,0,0,2
42555,0,0,0,0,0,0,0,0,1
42613,0,0,0,0,0,0,0,0,1
42618,0,0,0,0,0,0,0,0,1
42621,0,0,0,0,0,0,0,0,1
42628,0,0,0,0,0,0,0,0,1
42672,0,0,0,0,0,0,0,0,1
42694,0,0,0,0,0,0,0,0,1
42725,0,0,0,0,0,0,0,0,1
42743,0,0,0,0,0,0,0,0,2
42744,0,0,0,0,0,0,0,0,3
42745,0,0,0,0,0,0,0,0,2
42908,0,0,0,0,0,0,0,0,1
42928,0,0,0,0,0,0,0,0,1
42934,0,0,0,0,0,0,0,0,1
42935,0,0,0,0,0,0,0,0,3
42939,0,0,0,0,0,0,0,0,3
42968,0,0,0,0,0,0,0,0,1
42970,0,0,0,0,0,0,0,0,1
43011,0,0,0,0,0,0,0,0,1
43017,0,0,0,0,0,0,0,0,2
43085,0,0,0,0,0,0,0,0,1
43135,0,0,0,0,0,0,0,0,1
43181,0,0,0,0,0,0,0,0,1
43184,0,0,0,0,0,0,0,0,2
43214,0,0,0,0,0,0,0,0,1
43224,0,0,0,0,0,0,0,0,2
43240,0,0,0,0,0,0,0,0,4
43306,0,0,0,0,0,0,0,0,2
43388,0,0,0,0,0,0,0,0,1
43393,0,0,0,0,0,0,0,0,1
43429,0,0,0,0,0,0,0,0,4
43434,0,0,0,0,0,0,0,0,1
43437,0,0,0,0,0,0,0,0,1
43445,0,0,0,0,0,0,0,0,2
43468,0,0,0,0,0,0,0,0,5
43469,0,0,0,0,0,0,0,0,8
43470,0,0,0,0,0,0,0,0,1
43476,0,0,0,0,0,0,0,0,1
43509,0,0,0,0,0,0,0,0,2
43518,0,0,0,0,0,0,0,0,1
43526,0,0,0,0,0,0,0,0,2
43557,0,0,0,0,0,0,0,0,2
43585,0,0,0,0,0,0,0,0,2
43604,0,0,0,0,0,0,0,0,1
43633,0,0,0,0,0,0,0,0,1
43640,0,0,0,0,0,0,0,0,1
43674,0,0,0,0,0,0,0,0,5
43823,0,0,0,0,0,0,0,0,1
43893,0,0,0,0,0,0,0,0,1
43935,0,0,0,0,0,0,0,0,2
44035,0,0,0,0,0,0,0,0,1
44062,0,0,0,0,0,0,0,0,2
44101,0,0,0,0,0,0,0,0,5
44233,0,0,0,0,0,0,0,0,3
44255,0,0,0,0,0,0,0,0,1
44256,0,0,0,0,0,0,0,0,1
44258,0,0,0,0,0,0,0,0,3
44260,0,0,0,0,0,0,0,0,1
44264,0,0,0,0,0,0,0,0,4
44265,0,0,0,0,0,0,0,0,1
44302,0,0,0,0,0,0,0,0,3
44375,0,0,0,0,0,0,0,0,1
44535,0,0,0,0,0,0,0,0,1
44540,0,0,0,0,0,0,0,0,1
44551,0,0,0,0,0,0,0,0,1
44563,0,0,0,0,0,0,0,0,1
44565,0,0,0,0,0,0,0,0,1
44569,0,0,0,0,0,0,0,0,1
44571,0,0,0,0,0,0,0,0,1
44591,0,0,0,0,0,0,0,0,2
44603,0,0,0,0,0,0,0,0,3
44609,0,0,0,0,0,0,0,0,1
44692,0,0,0,0,0,0,0,0,2
44699,0,0,0,0,0,0,0,0,1
44701,0,0,0,0,0,0,0,0,1
44702,0,0,0,0,0,0,0,0,1
44703,0,0,0,0,0,0,0,0,1
44709,0,0,0,0,0,0,0,0,1
44711,0,0,0,0,0,0,0,0,1
44712,0,0,0,0,0,0,0,0,1
44717,0,0,0,0,0,0,0,0,1
44720,0,0,0,0,0,0,0,0,1
44727,0,0,0,0,0,0,0,0,1
44744,0,0,0,0,0,0,0,0,2
44770,0,0,0,0,0,0,0,0,1
44824,0,0,0,0,0,0,0,0,1
44871,0,0,0,0,0,0,0,0,1
44881,0,0,0,0,0,0,0,0,1
44884,0,0,0,0,0,0,0,0,1
44899,0,0,0,0,0,0,0,0,1
44903,0,0,0,0,0,0,0,0,1
44922,0,0,0,0,0,0,0,0,1
44923,0,0,0,0,0,0,0,0,1
44952,0,0,0,0,0,0,0,0,1
44963,0,0,0,0,0,0,0,0,3
44981,0,0,0,0,0,0,0,0,4
44992,0,0,0,0,0,0,0,0,1
45065,0,0,0,0,0,0,0,0,1
45074,0,0,0,0,0,0,0,0,1
45105,0,0,0,0,0,0,0,0,1
45120,0,0,0,0,0,0,0,0,3
45134,0,0,0,0,0,0,0,0,1
45153,0,0,0,0,0,0,0,0,1
45165,0,0,0,0,0,0,0,0,1
45223,0,0,0,0,0,0,0,0,4
45228,0,0,0,0,0,0,0,0,1
45304,0,0,0,0,0,0,0,0,1
45305,0,0,0,0,0,0,0,0,1
45335,0,0,0,0,0,0,0,0,3
45367,0,0,0,0,0,0,0,0,3
45410,0,0,0,0,0,0,0,0,1
45479,0,0,0,0,0,0,0,0,2
45492,0,0,0,0,0,0,0,0,1
45530,0,0,0,0,0,0,0,0,1
45633,0,0,0,0,0,0,0,0,1
45672,0,0,0,0,0,0,0,0,1
45674,0,0,0,0,0,0,0,0,1
45675,0,0,0,0,0,0,0,0,1
45678,0,0,0,0,0,0,0,0,1
45683,0,0,0,0,0,0,0,0,1
45723,0,0,0,0,0,0,0,0,1
45735,0,0,0,0,0,0,0,0,8
45739,0,0,0,0,0,0,0,0,1
45743,0,0,0,0,0,0,0,0,1
45753,0,0,0,0,0,0,0,0,1
45758,0,0,0,0,0,0,0,0,1
45879,0,0,0,0,0,0,0,0,3
45903,0,0,0,0,0,0,0,0,2
45932,0,0,0,0,0,0,0,0,13
45961,0,0,0,0,0,0,0,0,2
45983,0,0,0,0,0,0,0,0,1
46012,0,0,0,0,0,0,0,0,1
46023,0,0,0,0,0,0,0,0,2
46053,0,0,0,0,0,0,0,0,1
46062,0,0,0,0,0,0,0,0,3
46155,0,0,0,0,0,0,0,0,1
46330,0,0,0,0,0,0,0,0,1
46336,0,0,0,0,0,0,0,0,1
46395,0,0,0,0,0,0,0,0,1
46512,0,0,0,0,0,0,0,0,1
46569,0,0,0,0,0,0,0,0,2
46606,0,0,0,0,0,0,0,0,1
46607,0,0,0,0,0,0,0,0,3
46608,0,0,0,0,0,0,0,0,2
46640,0,0,0,0,0,0,0,0,1
46666,0,0,0,0,0,0,0,0,4
46723,0,0,0,0,0,0,0,0,11
46756,0,0,0,0,0,0,0,0,1
46758,0,0,0,0,0,0,0,0,2
46854,0,0,0,0,0,0,0,0,4
47040,0,0,0,0,0,0,0,0,1
47042,0,0,0,0,0,0,0,0,1
47071,0,0,0,0,0,0,0,0,2
47094,0,0,0,0,0,0,0,0,3
47198,0,0,0,0,0,0,0,0,3
47546,0,0,0,0,0,0,0,0,1
47569,0,0,0,0,0,0,0,0,1
47791,0,0,0,0,0,0,0,0,1
47858,0,0,0,0,0,0,0,0,2
47926,0,0,0,0,0,0,0,0,2
47953,0,0,0,0,0,0,0,0,2
48086,0,0,0,0,0,0,0,0,1
48249,0,0,0,0,0,0,0,0,1
48296,0,0,0,0,0,0,0,0,1
48326,0,0,0,0,0,0,0,0,2
48379,0,0,0,0,0,0,0,0,1
48432,0,0,0,0,0,0,0,0,1
48443,0,0,0,0,0,0,0,0,1
48498,0,0,0,0,0,0,0,0,1
48527,0,0,0,0,0,0,0,0,1
48533,0,0,0,0,0,0,0,0,1
48552,0,0,0,0,0,0,0,0,1
48560,0,0,0,0,0,0,0,0,1
48576,0,0,0,0,0,0,0,0,1
48592,0,0,0,0,0,0,0,0,1
48619,0,0,0,0,0,0,0,0,1
48648,0,0,0,0,0,0,0,0,1
48652,0,0,0,0,0,0,0,0,1
48654,0,0,0,0,0,0,0,0,1
48659,0,0,0,0,0,0,0,0,1
48660,0,0,0,0,0,0,0,0,1
48663,0,0,0,0,0,0,0,0,1
48665,0,0,0,0,0,0,0,0,1
48668,0,0,0,0,0,0,0,0,1
48678,0,0,0,0,0,0,0,0,1
48687,0,0,0,0,0,0,0,0,1
48690,0,0,0,0,0,0,0,0,1
48693,0,0,0,0,0,0,0,0,1
48703,0,0,0,0,0,0,0,0,1
48706,0,0,0,0,0,0,0,0,1
48723,0,0,0,0,0,0,0,0,1
48744,0,0,0,0,0,0,0,0,1
48746,0,0,0,0,0,0,0,0,1
48764,0,0,0,0,0,0,0,0,1
48785,0,0,0,0,0,0,0,0,1
48789,0,0,0,0,0,0,0,0,1
48822,0,0,0,0,0,0,0,0,1
48860,0,0,0,0,0,0,0,0,1
48874,0,0,0,0,0,0,0,0,1
48893,0,0,0,0,0,0,0,0,1
48919,0,0,0,0,0,0,0,0,1
48928,0,0,0,0,0,0,0,0,1
48978,0,0,0,0,0,0,0,0,1
48987,0,0,0,0,0,0,0,0,1
48994,0,0,0,0,0,0,0,0,1
49011,0,0,0,0,0,0,0,0,1
49018,0,0,0,0,0,0,0,0,1
49020,0,0,0,0,0,0,0,0,1
49021,0,0,0,0,0,0,0,0,1
49027,0,0,0,0,0,0,0,0,1
49048,0,0,0,0,0,0,0,0,1
49055,0,0,0,0,0,0,0,0,1
49065,0,0,0,0,0,0,0,0,1
49067,0,0,0,0,0,0,0,0,1
49068,0,0,0,0,0,0,0,0,1
49070,0,0,0,0,0,0,0,0,1
49072,0,0,0,0,0,0,0,0,1
49074,0,0,0,0,0,0,0,0,1
49078,0,0,0,0,0,0,0,0,1
49086,0,0,0,0,0,0,0,0,1
49087,0,0,0,0,0,0,0,0,1
49108,0,0,0,0,0,0,0,0,2
49124,0,0,0,0,0,0,0,0,1
49136,0,0,0,0,0,0,0,0,1
49139,0,0,0,0,0,0,0,0,1
49158,0,0,0,0,0,0,0,0,1
49166,0,0,0,0,0,0,0,0,1
49179,0,0,0,0,0,0,0,0,1
49210,0,0,0,0,0,0,0,0,1
49220,0,0,0,0,0,0,0,0,1
49232,0,0,0,0,0,0,0,0,1
49261,0,0,0,0,0,0,0,0,1
49276,0,0,0,0,0,0,0,0,1
49284,0,0,0,0,0,0,0,0,1
49286,0,0,0,0,0,0,0,0,1
49288,0,0,0,0,0,0,0,0,1
49318,0,0,0,0,0,0,0,0,1
49352,0,0,0,0,0,0,0,0,1
49353,0,0,0,0,0,0,0,0,1
49369,0,0,0,0,0,0,0,0,1
49373,0,0,0,0,0,0,0,0,1
49390,0,0,0,0,0,0,0,0,1
49391,0,0,0,0,0,0,0,0,1
49410,0,0,0,0,0,0,0,0,1
49449,0,0,0,0,0,0,0,0,1
49451,0,0,0,0,0,0,0,0,1
49474,0,0,0,0,0,0,0,0,1
49503,0,0,0,0,0,0,0,0,1
49513,0,0,0,0,0,0,0,0,1
49560,0,0,0,0,0,0,0,0,1
49597,0,0,0,0,0,0,0,0,1
49603,0,0,0,0,0,0,0,0,3
49628,0,0,0,0,0,0,0,0,1
49632,0,0,0,0,0,0,0,0,1
49656,0,0,0,0,0,0,0,0,1
49657,0,0,0,0,0,0,0,0,2
49662,0,0,0,0,0,0,0,0,1
49669,0,0,0,0,0,0,0,0,1
49673,0,0,0,0,0,0,0,0,1
49677,0,0,0,0,0,0,0,0,1
49680,0,0,0,0,0,0,0,0,1
49713,0,0,0,0,0,0,0,0,1
49717,0,0,0,0,0,0,0,0,1
49728,0,0,0,0,0,0,0,0,1
49735,0,0,0,0,0,0,0,0,1
49754,0,0,0,0,0,0,0,0,1
49756,0,0,0,0,0,0,0,0,1
49760,0,0,0,0,0,0,0,0,1
49767,0,0,0,0,0,0,0,0,1
49790,0,0,0,0,0,0,0,0,1
49792,0,0,0,0,0,0,0,0,1
49806,0,0,0,0,0,0,0,0,1
49807,0,0,0,0,0,0,0,0,1
49815,0,0,0,0,0,0,0,0,1
49906,0,0,0,0,0,0,0,0,1
49930,0,0,0,0,0,0,0,0,1
49945,0,0,0,0,0,0,0,0,1
49957,0,0,0,0,0,0,0,0,1
49961,0,0,0,0,0,0,0,0,1
49968,0,0,0,0,0,0,0,0,1
49969,0,0,0,0,0,0,0,0,1
49976,0,0,0,0,0,0,0,0,1
49977,0,0,0,0,0,0,0,0,1
49978,0,0,0,0,0,0,0,0,1
49980,0,0,0,0,0,0,0,0,1
49981,0,0,0,0,0,0,0,0,1
49989,0,0,0,0,0,0,0,0,1
49998,0,0,0,0,0,0,0,0,1
50001,0,0,0,0,0,0,0,0,1
50002,0,0,0,0,0,0,0,0,1
50011,0,0,0,0,0,0,0,0,1
50024,0,0,0,0,0,0,0,0,1
50053,0,0,0,0,0,0,0,0,1
50054,0,0,0,0,0,0,0,0,1
50059,0,0,0,0,0,0,0,0,1
50060,0,0,0,0,0,0,0,0,1
50062,0,0,0,0,0,0,0,0,1
50065,0,0,0,0,0,0,0,0,1
50072,0,0,0,0,0,0,0,0,1
50082,0,0,0,0,0,0,0,0,1
50084,0,0,0,0,0,0,0,0,1
50094,0,0,0,0,0,0,0,0,1
50104,0,0,0,0,0,0,0,0,1
50111,0,0,0,0,0,0,0,0,1
50119,0,0,0,0,0,0,0,0,1
50120,0,0,0,0,0,0,0,0,1
50141,0,0,0,0,0,0,0,0,1
50151,0,0,0,0,0,0,0,0,2
50164,0,0,0,0,0,0,0,0,1
50180,0,0,0,0,0,0,0,0,1
50188,0,0,0,0,0,0,0,0,1
50206,0,0,0,0,0,0,0,0,1
50208,0,0,0,0,0,0,0,0,1
50211,0,0,0,0,0,0,0,0,1
50215,0,0,0,0,0,0,0,0,1
50235,0,0,0,0,0,0,0,0,1
50237,0,0,0,0,0,0,0,0,1
50244,0,0,0,0,0,0,0,0,1
50248,0,0,0,0,0,0,0,0,1
50254,0,0,0,0,0,0,0,0,1
50279,0,0,0,0,0,0,0,0,1
50283,0,0,0,0,0,0,0,0,1
50285,0,0,0,0,0,0,0,0,1
50309,0,0,0,0,0,0,0,0,1
50311,0,0,0,0,0,0,0,0,1
50315,0,0,0,0,0,0,0,0,1
50319,0,0,0,0,0,0,0,0,1
50325,0,0,0,0,0,0,0,0,1
50326,0,0,0,0,0,0,0,0,1
50328,0,0,0,0,0,0,0,0,1
50332,0,0,0,0,0,0,0,0,1
50344,0,0,0,0,0,0,0,0,1
50358,0,0,0,0,0,0,0,0,1
50383,0,0,0,0,0,0,0,0,1
50394,0,0,0,0,0,0,0,0,1
50400,0,0,0,0,0,0,0,0,1
50408,0,0,0,0,0,0,0,0,1
50440,0,0,0,0,0,0,0,0,1
50441,0,0,0,0,0,0,0,0,1
50455,0,0,0,0,0,0,0,0,1
50466,0,0,0,0,0,0,0,0,1
50469,0,0,0,0,0,0,0,0,1
50474,0,0,0,0,0,0,0,0,1
50475,0,0,0,0,0,0,0,0,1
50476,0,0,0,0,0,0,0,0,1
50482,0,0,0,0,0,0,0,0,1
50524,0,0,0,0,0,0,0,0,1
50537,0,0,0,0,0,0,0,0,1
50560,0,0,0,0,0,0,0,0,1
50566,0,0,0,0,0,0,0,0,1
50568,0,0,0,0,0,0,0,0,1
50579,0,0,0,0,0,0,0,0,1
50583,0,0,0,0,0,0,0,0,1
50586,0,0,0,0,0,0,0,0,1
50591,0,0,0,0,0,0,0,0,1
50598,0,0,0,0,0,0,0,0,1
50602,0,0,0,0,0,0,0,0,1
50609,0,0,0,0,0,0,0,0,1
50613,0,0,0,0,0,0,0,0,1
50616,0,0,0,0,0,0,0,0,1
50634,0,0,0,0,0,0,0,0,1
50638,0,0,0,0,0,0,0,0,1
50643,0,0,0,0,0,0,0,0,1
50650,0,0,0,0,0,0,0,0,1
50653,0,0,0,0,0,0,0,0,1
50667,0,0,0,0,0,0,0,0,1
50684,0,0,0,0,0,0,0,0,1
50697,0,0,0,0,0,0,0,0,1
50700,0,0,0,0,0,0,0,0,1
50717,0,0,0,0,0,0,0,0,1
50731,0,0,0,0,0,0,0,0,1
50738,0,0,0,0,0,0,0,0,1
50770,0,0,0,0,0,0,0,0,1
50772,0,0,0,0,0,0,0,0,1
50797,0,0,0,0,0,0,0,0,1
50854,0,0,0,0,0,0,0,0,1
50870,0,0,0,0,0,0,0,0,1
50879,0,0,0,0,0,0,0,0,1
50888,0,0,0,0,0,0,0,0,1
50894,0,0,0,0,0,0,0,0,1
50901,0,0,0,0,0,0,0,0,1
50902,0,0,0,0,0,0,0,0,1
50906,0,0,0,0,0,0,0,0,1
50912,0,0,0,0,0,0,0,0,1
50931,0,0,0,0,0,0,0,0,1
50936,0,0,0,0,0,0,0,0,1
50937,0,0,0,0,0,0,0,0,1
50941,0,0,0,0,0,0,0,0,1
50967,0,0,0,0,0,0,0,0,1
50980,0,0,0,0,0,0,0,0,1
51007,0,0,0,0,0,0,0,0,1
51018,0,0,0,0,0,0,0,0,1