21,0,7,1,22,10,45,31,60
22,1,3,16,10,6,4,0,1
28,0,0,0,0,0,4,2,0
34,0,0,0,0,8,11,8,2
51,1,0,0,0,0,0,0,1
59,0,0,0,7,18,90,75,129
62,0,0,0,0,3,25,6,10
70,0,0,0,1,0,0,0,1
76,0,2,7,15,3,5,7,18
83,0,1,0,13,1,9,15,10
113,0,0,0,34,7,0,2,3
158,0,0,0,0,0,0,11,5
165,0,0,0,0,0,12,76,123
237,0,20,0,224,17,170,322,634
247,0,0,0,0,0,0,0,1
261,0,0,0,0,0,0,9,44
273,0,0,0,0,0,1,3,12
281,0,0,0,0,0,0,0,8
286,0,0,0,0,0,0,0,45
320,0,0,0,0,0,0,0,85
349,0,0,0,0,0,0,0,10
364,0,0,0,0,0,0,7,7
400,0,0,0,6,0,0,0,0
421,0,0,0,53,22,1,0,2
462,0,0,0,0,0,0,0,2
554,0,0,0,20,0,0,0,0
841,0,0,0,9,329,841,751,1221
910,0,0,0,0,0,0,0,1
914,0,0,0,0,0,0,0,15
1472,0,2,0,56,106,116,93,87
1568,0,0,0,0,60,279,202,227
1754,0,0,0,47,16,0,0,0
1982,0,0,0,23,0,0,0,2
2167,0,0,0,28,1,0,0,0
2169,0,0,0,172,42,40,3,0
3055,0,0,0,20,0,0,2,27
3128,0,0,0,0,0,36,6,0
3309,0,0,0,14,5,5,0,3
3311,0,0,2,11,0,3,8,7
3398,0,0,7,93,65,41,16,86
3407,0,0,0,0,0,0,0,11
3448,0,0,0,0,0,0,0,2
3724,0,0,0,0,0,5,0,0
3748,0,0,0,30,9,0,0,0
4213,0,0,0,59,25,2,0,11
4219,0,0,0,8,1,0,0,0
4234,0,0,0,0,0,0,1,11
4258,0,0,0,0,0,0,0,2
4259,0,0,0,0,0,0,8,17
4261,0,0,0,0,0,0,0,22
4324,0,0,0,0,0,0,6,4
4332,0,0,0,0,0,0,0,1
4334,0,0,0,0,0,0,0,6
4393,0,0,0,1,0,0,0,0
4521,0,0,0,0,0,0,2,36
4528,0,0,0,0,0,7,6,1
4640,0,0,0,0,0,0,0,13
5130,0,0,0,0,30,15,12,23
5615,0,0,0,0,0,3,1,3
5820,0,0,0,0,0,0,0,1
6160,0,0,0,2,0,0,0,0
6231,0,0,0,0,1,0,0,4
6266,0,0,0,0,0,0,0,2
6612,0,0,0,0,0,2,0,0
6820,0,0,0,5,25,2,0,2
6963,0,0,0,0,0,3,0,0
7155,0,0,0,0,1,3,3,10
7858,0,0,0,0,0,3,0,0
7882,0,0,0,0,0,3,0,0
7927,0,0,0,0,2,6,0,0
8050,0,0,0,0,28,8,13,43
8053,0,0,0,0,1,0,0,0
8258,0,0,0,0,29,20,5,5
8574,0,0,0,0,0,0,4,0
8605,0,0,0,0,3,10,7,16
8634,0,0,0,0,0,16,40,95
8661,0,0,0,0,17,0,0,0
8671,0,0,0,0,0,0,0,1
8689,0,0,0,0,5,0,0,0
9006,0,0,0,0,12,5,0,0
9042,0,0,0,0,0,0,3,0
9293,0,0,0,0,2,0,0,0
9376,0,0,0,0,13,1,0,2
9407,0,0,0,0,0,15,18,1
9468,0,0,0,0,1,0,0,0
9547,0,0,0,0,69,53,32,71
9661,0,0,0,0,0,0,0,1
9698,0,0,0,0,0,0,0,2
9711,0,0,0,0,37,168,297,281
9714,0,0,0,0,0,0,6,16
9731,0,0,0,0,0,0,0,1
9809,0,0,0,0,0,0,0,5
9872,0,0,0,0,0,7,3,5
10041,0,0,0,0,1,0,0,0
10099,0,0,0,0,0,0,0,15
10138,0,0,0,0,0,0,0,8
10200,0,0,0,0,0,0,0,15
10693,0,0,0,0,0,0,6,5
10804,0,0,0,0,0,0,16,18
10872,0,0,0,0,0,3,22,98
11057,0,0,0,0,0,0,0,2
11066,0,0,0,0,0,1,0,1
11084,0,0,0,0,0,0,20,16
11458,0,0,0,0,0,1,0,0
11770,0,0,0,0,0,0,45,81
11814,0,0,0,0,0,0,1,6
12310,0,0,0,0,0,4,0,0
12344,0,0,0,0,0,0,2,0
12465,0,0,0,0,0,31,46,79
12480,0,0,0,0,0,0,0,9
12566,0,0,0,0,0,7,6,12
12723,0,0,0,0,0,0,0,2
12863,0,0,0,0,0,0,0,2
13257,0,0,0,0,0,72,8,53
13261,0,0,0,0,0,0,1,4
13401,0,0,0,0,0,60,32,19
14118,0,0,0,0,0,1,0,0
14175,0,0,0,0,0,14,7,2
14796,0,0,0,0,0,0,1,0
14897,0,0,0,0,0,15,1,49
14929,0,0,0,0,0,0,0,2
15149,0,0,0,0,0,0,27,96
15229,0,0,0,0,0,1,0,0
15232,0,0,0,0,0,22,67,14
15249,0,0,0,0,0,1,0,0
15434,0,0,0,0,0,0,5,11
15627,0,0,0,0,0,0,1,6
15976,0,0,0,0,0,3,0,0
16162,0,0,0,0,0,3,0,0
16238,0,0,0,0,0,46,17,17
16427,0,0,0,0,0,6,8,0
16603,0,0,0,0,0,0,3,0
16611,0,0,0,0,0,0,0,5
16777,0,0,0,0,0,0,6,11
16797,0,0,0,0,0,82,142,204
16930,0,0,0,0,0,12,0,0
16995,0,0,0,0,0,0,0,6
17008,0,0,0,0,0,0,0,3
17046,0,0,0,0,0,0,0,2
17059,0,0,0,0,0,0,0,9
17095,0,0,0,0,0,181,211,166
17113,0,0,0,0,0,0,2,6
17383,0,0,0,0,0,0,0,4
17394,0,0,0,0,0,0,7,1
17682,0,0,0,0,0,0,0,3
17716,0,0,0,0,0,3,1,0
17925,0,0,0,0,0,0,0,0
18027,0,0,0,0,0,1,22,2
18147,0,0,0,0,0,9,10,2
18373,0,0,0,0,0,54,118,75
18422,0,0,0,0,0,0,59,52
18433,0,0,0,0,0,0,6,83
18474,0,0,0,0,0,0,1,3
18497,0,0,0,0,0,0,3,0
18586,0,0,0,0,0,0,1,0
18817,0,0,0,0,0,0,4,0
18822,0,0,0,0,0,0,0,13
19050,0,0,0,0,0,2,4,2
19090,0,0,0,0,0,0,0,4
19092,0,0,0,0,0,5,2,0
19464,0,0,0,0,0,0,0,372
19575,0,0,0,0,0,0,69,221
19636,0,0,0,0,0,0,0,25
19681,0,0,0,0,0,0,0,2
19742,0,0,0,0,0,0,6,6
19758,0,0,0,0,0,0,0,1
19770,0,0,0,0,0,0,20,0
20402,0,0,0,0,0,0,0,1
20442,0,0,0,0,0,0,88,447
20490,0,0,0,0,0,0,0,2
20514,0,0,0,0,0,0,7,3
20593,0,0,0,0,0,0,181,243
20697,0,0,0,0,0,0,5,24
21019,0,0,0,0,0,0,12,48
21098,0,0,0,0,0,0,0,2
21152,0,0,0,0,0,0,0,2
21694,0,0,0,0,0,0,9,49
21849,0,0,0,0,0,0,29,63
21965,0,0,0,0,0,0,2,6
21968,0,0,0,0,0,0,39,140
21983,0,0,0,0,0,0,0,8
22011,0,0,0,0,0,0,0,1
22324,0,0,0,0,0,0,0,10
22566,0,0,0,0,0,0,1,4
22624,0,0,0,0,0,0,1,5
22735,0,0,0,0,0,0,1,6
22756,0,0,0,0,0,0,4,2
22807,0,0,0,0,0,0,1,0
23358,0,0,0,0,0,0,4,1
23443,0,0,0,0,0,0,0,27
23447,0,0,0,0,0,0,0,15
23502,0,0,0,0,0,0,65,154
23574,0,0,0,0,0,0,0,4
23600,0,0,0,0,0,0,7,67
23776,0,0,0,0,0,0,0,55
23810,0,0,0,0,0,0,1,0
23859,0,0,0,0,0,0,2,0
23938,0,0,0,0,0,0,31,43
24234,0,0,0,0,0,0,0,8
24358,0,0,0,0,0,0,0,2
24375,0,0,0,0,0,0,3,5
24456,0,0,0,0,0,0,7,0
24573,0,0,0,0,0,0,0,1
24968,0,0,0,0,0,0,0,1
25141,0,0,0,0,0,0,3,29
25430,0,0,0,0,0,0,0,2
25458,0,0,0,0,0,0,1,13
25635,0,0,0,0,0,0,14,95
25764,0,0,0,0,0,0,0,2
25892,0,0,0,0,0,0,47,71
25895,0,0,0,0,0,0,2,14
25988,0,0,0,0,0,0,10,26
25992,0,0,0,0,0,0,3,1
26137,0,0,0,0,0,0,1,4
26436,0,0,0,0,0,0,0,11
26450,0,0,0,0,0,0,0,10
26597,0,0,0,0,0,0,0,3
26858,0,0,0,0,0,0,0,5
26926,0,0,0,0,0,0,0,3
27487,0,0,0,0,0,0,0,6
27747,0,0,0,0,0,0,0,1
27926,0,0,0,0,0,0,0,50
27997,0,0,0,0,0,0,0,2
28054,0,0,0,0,0,0,0,4
28302,0,0,0,0,0,0,0,13
28430,0,0,0,0,0,0,0,21
28571,0,0,0,0,0,0,0,1
28594,0,0,0,0,0,0,0,1
28623,0,0,0,0,0,0,0,2
28936,0,0,0,0,0,0,0,8
28948,0,0,0,0,0,0,0,233
28964,0,0,0,0,0,0,0,5
28982,0,0,0,0,0,0,0,1
29325,0,0,0,0,0,0,0,4
29329,0,0,0,0,0,0,0,3
29656,0,0,0,0,0,0,0,20
29752,0,0,0,0,0,0,0,5
29768,0,0,0,0,0,0,0,7
29947,0,0,0,0,0,0,0,5
30291,0,0,0,0,0,0,0,25
30322,0,0,0,0,0,0,0,2
30383,0,0,0,0,0,0,0,2
31385,0,0,0,0,0,0,0,2
31505,0,0,0,0,0,0,0,3
31580,0,0,0,0,0,0,0,5
31628,0,0,0,0,0,0,0,2
31630,0,0,0,0,0,0,0,2
31634,0,0,0,0,0,0,0,2
31926,0,0,0,0,0,0,0,5
32449,0,0,0,0,0,0,0,3
32499,0,0,0,0,0,0,0,1
33478,0,0,0,0,0,0,0,7
33895,0,0,0,0,0,0,0,5
34245,0,0,0,0,0,0,0,6
34844,0,0,0,0,0,0,0,3
35453,0,0,0,0,0,0,0,1
35928,0,0,0,0,0,0,0,2
35987,0,0,0,0,0,0,0,45
36030,0,0,0,0,0,0,0,5
36037,0,0,0,0,0,0,0,6
36092,0,0,0,0,0,0,0,0
36906,0,0,0,0,0,0,0,5
37185,0,0,0,0,0,0,0,2
37433,0,0,0,0,0,0,0,1
37434,0,0,0,0,0,0,0,6
37447,0,0,0,0,0,0,0,9
37641,0,0,0,0,0,0,0,1
37659,0,0,0,0,0,0,0,0
37694,0,0,0,0,0,0,0,2
37910,0,0,0,0,0,0,0,1
37929,0,0,0,0,0,0,0,2