92,0,0,0,0,0,0,0,0,0,0,1,0
140,0,0,0,2,0,0,0,0,0,0,0,0
158,0,0,0,0,0,3,3,3,0,0,0,0
185,0,0,0,0,0,0,0,1,0,0,0,0
295,0,0,0,0,0,1,0,0,0,0,0,3
320,0,0,0,1,0,0,0,13,16,9,33,19
379,0,0,0,0,0,0,0,0,6,3,7,1
400,0,0,0,7,0,0,0,0,0,0,0,0
462,0,0,0,0,0,1,0,2,2,0,0,0
559,0,0,0,0,1,0,1,0,0,0,0,0
1004,0,0,0,1,0,0,0,0,0,0,1,0
1298,0,0,0,1,1,0,0,0,0,1,2,0
1437,0,0,0,13,2,0,0,0,0,0,0,0
1577,0,0,1,0,3,2,0,0,3,0,5,16
1764,0,0,0,2,1,0,0,0,0,0,0,0
2423,0,0,0,0,1,0,0,0,0,0,0,0
3074,0,0,0,1,0,0,0,0,0,0,0,0
3311,0,0,0,5,1,8,2,5,7,2,3,10
3339,0,0,0,0,7,6,5,5,5,1,5,4
3363,0,0,0,1,0,0,0,0,0,0,0,0
3446,0,0,0,1,2,2,0,0,1,0,0,0
3576,0,0,0,0,0,1,0,0,0,0,0,0
3937,0,0,0,2,0,0,0,0,0,0,0,0
3947,0,0,0,1,0,0,0,0,0,0,0,0
4000,0,0,0,1,0,0,0,0,0,0,0,0
4012,0,0,0,1,0,0,0,0,0,0,0,0
4034,0,0,0,1,0,0,0,0,0,0,0,0
4109,0,0,0,0,1,0,1,1,0,0,0,0
4158,0,0,0,0,3,5,8,0,0,1,3,0
4355,0,0,0,1,0,0,0,0,0,0,0,0
4375,0,0,0,1,0,0,0,0,0,0,0,0
4376,0,0,0,0,1,0,1,0,0,0,0,0
4393,0,0,0,1,0,0,0,0,0,0,0,0
4635,0,0,0,1,0,0,0,0,0,0,0,3
4636,0,0,0,0,3,1,1,6,2,6,2,1
4640,0,0,0,1,0,1,0,3,3,2,1,0
4641,0,0,0,0,0,0,0,2,0,0,0,0
4652,0,0,0,0,1,3,0,0,0,0,0,0
4719,0,0,0,3,0,0,0,1,1,0,1,0
4744,0,0,0,0,0,1,3,2,2,2,0,0
4746,0,0,0,1,0,0,0,0,0,0,0,0
4750,0,0,0,1,0,0,0,0,0,0,0,0
4760,0,0,0,1,0,0,0,2,8,3,4,2
4761,0,0,0,0,0,0,0,1,3,2,2,3
4762,0,0,0,1,0,0,0,0,0,0,0,0
4853,0,0,0,2,0,0,0,0,0,0,0,0
4912,0,0,0,1,0,0,0,0,2,0,0,0
4999,0,0,0,1,0,0,0,0,0,0,0,0
5017,0,0,0,1,1,0,0,0,0,0,0,0
5044,0,0,0,1,0,0,0,0,0,0,0,0
5093,0,0,0,1,0,0,0,0,0,0,0,0
5130,0,0,0,1,1,1,2,0,0,1,2,1
5161,0,0,0,1,0,0,0,0,0,0,0,0
5162,0,0,0,1,0,0,0,0,0,0,0,0
5303,0,0,0,1,0,0,0,0,0,0,0,0
5316,0,0,0,1,0,0,0,0,0,0,0,0
5328,0,0,0,1,0,0,0,0,0,0,0,0
5356,0,0,0,1,2,3,4,3,9,7,8,2
5365,0,0,0,1,0,0,0,0,0,0,0,0
5415,0,0,0,1,0,1,0,0,0,0,0,0
5417,0,0,0,1,0,0,0,0,0,0,0,0
5431,0,0,0,1,1,0,0,0,0,0,0,0
5458,0,0,0,1,0,0,0,0,0,0,0,0
5536,0,0,0,1,0,0,0,0,0,0,0,0
5591,0,0,0,1,0,0,0,0,0,0,0,0
5600,0,0,0,1,0,0,0,0,0,0,0,0
5615,0,0,0,0,0,3,4,11,0,0,0,0
5625,0,0,0,1,0,0,0,0,0,0,1,0
5641,0,0,0,1,1,0,0,0,0,0,0,0
5652,0,0,0,1,0,0,0,0,0,0,0,0
5676,0,0,0,3,5,1,1,1,0,5,15,4
5687,0,0,0,1,0,0,0,0,0,0,0,0
5688,0,0,0,0,0,0,1,0,0,0,0,0
5834,0,0,0,1,0,0,0,0,0,0,0,0
5835,0,0,0,1,0,0,1,0,0,0,0,0
5852,0,0,0,2,0,0,0,4,2,0,3,2
5869,0,0,0,2,2,0,2,0,0,0,0,0
5878,0,0,0,1,0,0,0,0,0,0,0,0
6084,0,0,0,1,1,0,0,0,0,0,1,0
6124,0,0,0,1,0,0,0,0,0,0,0,0
6126,0,0,0,1,1,0,0,0,0,0,0,0
6129,0,0,0,1,0,0,0,0,0,0,0,0
6224,0,0,0,1,0,0,0,0,0,0,0,0
6226,0,0,0,2,0,0,0,0,0,0,0,0
6229,0,0,0,2,0,0,0,0,0,0,0,0
6345,0,0,0,1,1,0,0,0,0,0,0,0
6492,0,0,0,0,0,0,0,0,0,0,2,0
6558,0,0,0,0,3,0,0,0,0,0,0,0
6565,0,0,0,0,0,1,0,0,0,0,0,0
6705,0,0,0,0,2,3,2,0,6,1,11,1
6712,0,0,0,1,0,0,0,0,0,0,0,0
6749,0,0,0,0,1,0,0,0,0,0,0,0
6903,0,0,0,1,0,0,0,0,0,0,0,0
6904,0,0,0,1,1,3,0,1,0,0,0,0
6907,0,0,0,1,1,1,1,4,5,2,0,0
6908,0,0,0,1,0,2,0,2,0,2,2,0
6913,0,0,0,1,3,7,10,11,9,10,12,6
6914,0,0,0,1,2,9,1,11,7,4,6,4
6924,0,0,0,0,2,1,1,0,0,0,0,0
6951,0,0,0,0,1,0,0,0,0,0,0,0
7024,0,0,0,1,0,2,0,0,0,0,0,0
7037,0,0,0,1,0,1,0,1,0,1,2,0
7038,0,0,0,0,2,0,0,0,0,0,0,0
7045,0,0,0,1,0,0,0,0,0,0,0,0
7053,0,0,0,1,0,2,0,0,0,0,0,0
7055,0,0,0,0,1,0,0,0,0,0,0,0
7089,0,0,0,1,0,0,0,0,0,0,0,0
7150,0,0,0,1,0,0,0,0,0,0,0,0
7155,0,0,0,0,28,46,5,6,9,0,0,0
7158,0,0,0,1,0,0,0,0,0,0,0,0
7216,0,0,0,1,0,1,0,1,0,0,0,0
7223,0,0,0,0,1,0,0,2,0,0,0,0
7224,0,0,0,1,1,0,0,2,3,4,13,4
7227,0,0,0,1,0,0,0,0,0,0,0,0
7233,0,0,0,1,0,0,0,0,0,0,0,0
7243,0,0,0,0,1,0,0,0,0,0,0,0
7245,0,0,0,1,0,0,1,0,0,0,1,2
7246,0,0,0,1,4,2,2,3,3,1,0,1
7249,0,0,0,1,2,2,3,1,3,3,5,2
7252,0,0,0,0,1,0,0,0,0,0,0,0
7282,0,0,0,1,0,0,0,0,0,0,0,0
7286,0,0,0,1,0,0,0,0,0,0,0,0
7412,0,0,0,1,7,0,3,0,1,1,1,1
7420,0,0,0,1,0,0,0,0,0,0,0,0
7612,0,0,0,0,3,26,45,50,53,45,54,25
7645,0,0,0,0,0,0,0,0,0,0,4,2
7889,0,0,0,0,0,0,0,0,0,2,2,1
7904,0,0,0,0,2,1,0,0,0,0,0,0
7937,0,0,0,0,1,0,0,0,0,0,0,0
7997,0,0,0,0,1,0,1,0,0,0,0,0
8015,0,0,0,0,3,0,0,0,0,0,0,0
8052,0,0,0,0,3,0,0,3,0,2,0,0
8093,0,0,0,0,2,0,0,0,0,0,0,0
8098,0,0,0,0,2,0,0,4,0,0,2,2
8108,0,0,0,0,0,1,2,3,0,1,1,1
8119,0,0,0,0,4,4,0,1,5,0,0,0
8121,0,0,0,0,2,2,0,5,6,1,4,5
8124,0,0,0,0,1,0,1,0,0,0,0,0
8127,0,0,0,0,1,0,0,0,0,0,0,0
8128,0,0,0,0,0,1,0,0,0,0,0,0
8133,0,0,0,0,2,0,0,0,0,0,0,0
8148,0,0,0,0,1,0,0,0,0,0,0,0
8149,0,0,0,0,1,2,0,0,0,0,0,0
8167,0,0,0,0,1,2,1,3,0,1,0,0
8177,0,0,0,0,1,2,0,1,0,0,0,0
8179,0,0,0,0,3,4,3,1,0,0,0,0
8197,0,0,0,0,0,0,0,0,0,2,7,0
8202,0,0,0,0,2,0,0,0,0,0,0,0
8265,0,0,0,0,3,6,5,5,7,9,17,3
8268,0,0,0,0,1,0,0,0,1,0,0,0
8359,0,0,0,0,0,1,0,6,1,5,1,1
8429,0,0,0,0,0,0,0,0,0,1,1,1
8457,0,0,0,0,1,0,0,0,0,1,6,1
8544,0,0,0,0,1,0,0,0,0,0,1,0
8549,0,0,0,0,1,0,0,0,0,0,0,0
8567,0,0,0,0,1,2,1,0,0,0,1,0
8662,0,0,0,0,1,0,0,0,0,0,0,0
8922,0,0,0,0,1,0,0,0,0,5,0,1
8979,0,0,0,0,0,1,0,0,0,0,0,0
9004,0,0,0,0,1,0,0,0,0,0,4,1
9021,0,0,0,0,2,0,0,1,0,0,0,0
9042,0,0,0,0,1,1,1,0,1,0,0,0
9177,0,0,0,0,1,0,0,0,0,0,0,0
9219,0,0,0,0,0,1,0,0,0,0,0,0
9228,0,0,0,0,1,0,0,0,0,1,0,0
9242,0,0,0,0,2,2,2,0,0,0,0,0
9261,0,0,0,0,1,0,1,4,4,3,6,3
9353,0,0,0,0,0,0,1,0,0,0,0,0
9376,0,0,0,0,2,3,0,2,0,0,0,0
9415,0,0,0,0,2,0,0,0,0,0,0,0
9417,0,0,0,0,1,0,0,0,0,0,0,0
9469,0,0,0,0,1,0,0,0,0,0,0,0
9494,0,0,0,0,1,0,0,0,0,0,0,0
9530,0,0,0,0,1,0,0,0,3,2,3,0
9578,0,0,0,0,0,0,2,9,6,3,1,3
9628,0,0,0,0,0,0,1,0,0,0,0,0
9654,0,0,0,0,0,2,0,0,0,0,0,0
9784,0,0,0,0,1,1,0,0,0,0,0,0
10013,0,0,0,0,0,1,0,0,0,0,0,0
10208,0,0,0,0,0,0,0,1,1,0,0,0
10304,0,0,0,0,0,0,0,0,1,0,0,1
10350,0,0,0,0,0,0,0,3,10,3,5,10
10397,0,0,0,0,2,4,0,0,0,0,0,0
10403,0,0,0,0,0,0,0,1,9,8,22,14
10497,0,0,0,0,1,0,0,0,0,0,0,0
10666,0,0,0,0,1,0,0,0,0,0,0,0
10689,0,0,0,0,0,0,0,0,0,1,3,2
10699,0,0,0,0,1,0,0,0,0,0,0,0
10812,0,0,0,0,0,2,0,0,0,0,0,0
10817,0,0,0,0,1,0,0,0,0,0,0,0
10840,0,0,0,0,3,0,1,6,0,0,0,0
10990,0,0,0,0,2,0,0,0,0,0,0,0
11108,0,0,0,0,0,0,0,1,4,0,2,0
11197,0,0,0,0,1,0,0,0,0,0,0,0
11207,0,0,0,0,0,1,1,1,0,0,0,0
11229,0,0,0,0,1,0,0,0,0,0,0,0
11249,0,0,0,0,0,0,1,0,0,0,0,0
11262,0,0,0,0,1,0,0,0,0,0,0,0
11290,0,0,0,0,0,1,0,0,0,0,2,0
11352,0,0,0,0,4,4,0,0,0,0,0,0
11369,0,0,0,0,1,0,0,0,0,0,0,0
11731,0,0,0,0,1,1,0,0,0,0,0,0
11845,0,0,0,0,1,0,0,0,0,0,0,0
11901,0,0,0,0,1,0,0,0,0,0,0,0
11965,0,0,0,0,1,0,0,0,0,0,0,0
12193,0,0,0,0,0,0,1,0,0,0,0,0
12254,0,0,0,0,2,4,0,0,2,2,0,0
12472,0,0,0,0,0,1,2,0,0,0,0,0
12769,0,0,0,0,0,1,0,0,0,0,0,0
12830,0,0,0,0,0,1,0,0,0,0,0,0
12835,0,0,0,0,1,0,0,1,0,0,0,0
12836,0,0,0,0,1,2,0,0,0,0,1,0
12853,0,0,0,0,1,0,0,0,0,0,0,0
13145,0,0,0,0,0,0,0,0,0,0,0,1
13157,0,0,0,0,1,1,0,0,0,1,4,3
13198,0,0,0,0,0,0,0,0,0,0,0,1
13263,0,0,0,0,0,0,0,0,2,0,0,0
13287,0,0,0,0,1,0,0,0,0,0,0,0
13300,0,0,0,0,0,0,0,0,0,1,0,3
13506,0,0,0,0,0,2,0,0,0,0,2,0
13543,0,0,0,0,0,0,0,0,2,0,0,0
13556,0,0,0,0,0,0,0,0,0,0,10,4
13699,0,0,0,0,0,0,1,0,0,0,0,0
13702,0,0,0,0,0,2,0,0,0,0,0,0
13738,0,0,0,0,0,1,0,0,0,0,0,0
13761,0,0,0,0,0,2,0,0,0,0,0,0
13764,0,0,0,0,0,1,2,1,0,0,0,0
13766,0,0,0,0,0,3,0,0,0,0,0,0
13829,0,0,0,0,0,1,1,1,6,6,10,5
13850,0,0,0,0,0,1,0,0,0,1,1,0
14166,0,0,0,0,0,0,0,0,0,1,0,0
14217,0,0,0,0,0,0,0,0,2,0,2,0
14581,0,0,0,0,0,0,0,1,0,0,0,0
14735,0,0,0,0,0,1,0,0,0,0,1,0
14952,0,0,0,0,0,0,0,0,3,0,0,0
15024,0,0,0,0,0,0,1,0,0,0,0,0
15177,0,0,0,0,0,1,0,0,0,0,0,0
15204,0,0,0,0,0,0,1,0,0,0,0,0
15208,0,0,0,0,0,0,1,0,0,0,0,0
15292,0,0,0,0,0,0,0,0,0,0,4,2
15602,0,0,0,0,0,0,0,0,0,0,1,0
15610,0,0,0,0,0,1,1,0,0,0,1,0
16021,0,0,0,0,0,1,0,1,2,0,0,0
16065,0,0,0,0,0,1,0,0,0,0,0,0
16386,0,0,0,0,0,1,0,0,0,0,0,0
16403,0,0,0,0,0,2,6,0,4,3,25,42
16729,0,0,0,0,0,1,0,0,0,0,0,0
17009,0,0,0,0,0,0,1,0,2,0,0,0
17309,0,0,0,0,0,1,0,0,0,0,0,0
17545,0,0,0,0,0,2,0,0,0,0,0,0
17892,0,0,0,0,0,0,0,0,1,5,4,3
17949,0,0,0,0,0,1,0,0,0,0,0,0
18003,0,0,0,0,0,0,2,0,1,0,0,0
18218,0,0,0,0,0,1,0,0,0,0,0,0
18223,0,0,0,0,0,0,0,0,0,0,4,2
18342,0,0,0,0,0,1,1,0,0,0,0,0
18377,0,0,0,0,0,4,5,7,9,3,0,2
18426,0,0,0,0,0,0,0,0,0,0,0,8
18610,0,0,0,0,0,0,0,1,0,1,0,0
18641,0,0,0,0,0,0,0,1,0,0,0,0
19165,0,0,0,0,0,0,4,4,0,0,0,0
19269,0,0,0,0,0,1,0,0,0,0,0,0
19417,0,0,0,0,0,0,0,1,7,3,3,1
19699,0,0,0,0,0,0,1,0,0,0,0,0
19762,0,0,0,0,0,1,0,0,0,0,0,0
19849,0,0,0,0,0,1,3,4,1,2,1,3
19853,0,0,0,0,0,0,1,1,2,0,0,0
19894,0,0,0,0,0,0,1,1,1,2,3,3
19927,0,0,0,0,0,0,0,0,0,0,3,0
20240,0,0,0,0,0,0,2,0,0,0,1,7
20384,0,0,0,0,0,0,1,0,0,3,0,0
20503,0,0,0,0,0,0,0,2,0,0,0,0
20571,0,0,0,0,0,0,1,0,1,0,21,7
20591,0,0,0,0,0,0,0,1,4,4,2,1
20594,0,0,0,0,0,0,0,0,0,0,6,0
20631,0,0,0,0,0,0,1,1,0,0,0,0
20724,0,0,0,0,0,0,0,1,0,0,0,0
20813,0,0,0,0,0,0,2,0,0,0,0,1
20818,0,0,0,0,0,0,1,0,0,0,0,0
21554,0,0,0,0,0,0,0,0,7,8,15,10
21831,0,0,0,0,0,0,1,0,0,0,0,0
21972,0,0,0,0,0,0,0,2,0,0,0,2
21973,0,0,0,0,0,0,1,1,0,0,0,0
21974,0,0,0,0,0,0,1,0,0,0,0,0
22029,0,0,0,0,0,0,0,1,0,0,0,0
22184,0,0,0,0,0,0,5,8,4,2,8,1
22843,0,0,0,0,0,0,1,0,0,0,0,0
23151,0,0,0,0,0,0,1,0,0,0,0,0
23457,0,0,0,0,0,0,0,0,0,1,0,0
23529,0,0,0,0,0,0,0,0,0,2,0,0
23594,0,0,0,0,0,0,0,0,2,0,0,0
23634,0,0,0,0,0,0,1,0,0,0,0,0
23750,0,0,0,0,0,0,1,0,0,0,0,0
23897,0,0,0,0,0,0,0,1,0,0,1,0
24092,0,0,0,0,0,0,0,0,1,0,0,0
24334,0,0,0,0,0,0,0,0,0,0,1,14
24565,0,0,0,0,0,0,1,0,0,0,0,0
24777,0,0,0,0,0,0,1,3,2,0,0,2
24900,0,0,0,0,0,0,1,0,0,1,0,0
25054,0,0,0,0,0,0,1,0,0,0,0,0
25596,0,0,0,0,0,0,0,0,1,0,0,0
25869,0,0,0,0,0,0,0,0,3,0,0,0
25908,0,0,0,0,0,0,1,0,0,0,0,0
26252,0,0,0,0,0,0,1,10,5,3,2,5
26297,0,0,0,0,0,0,4,0,0,0,0,0
26349,0,0,0,0,0,0,1,0,0,0,0,0
26393,0,0,0,0,0,0,1,4,0,0,0,0
26494,0,0,0,0,0,0,0,1,0,0,5,1
26763,0,0,0,0,0,0,1,0,0,0,0,0
26816,0,0,0,0,0,0,0,1,0,0,0,0
26826,0,0,0,0,0,0,0,0,0,1,0,0
27300,0,0,0,0,0,0,1,1,0,0,0,0
27458,0,0,0,0,0,0,1,3,1,0,0,0
27778,0,0,0,0,0,0,0,0,0,1,0,0
27817,0,0,0,0,0,0,0,1,0,0,0,0
27848,0,0,0,0,0,0,1,0,0,0,0,0
27893,0,0,0,0,0,0,1,0,0,0,0,0
28140,0,0,0,0,0,0,0,0,3,0,3,4
28386,0,0,0,0,0,0,0,4,2,0,11,4
28420,0,0,0,0,0,0,0,2,1,6,3,4
28431,0,0,0,0,0,0,0,3,1,1,1,0
28607,0,0,0,0,0,0,0,1,1,0,0,1
28691,0,0,0,0,0,0,0,0,2,0,3,6
28792,0,0,0,0,0,0,0,0,1,0,0,0
28797,0,0,0,0,0,0,0,0,1,0,2,1
28950,0,0,0,0,0,0,0,3,0,0,0,0
29013,0,0,0,0,0,0,0,1,0,0,0,0
29180,0,0,0,0,0,0,0,2,0,0,0,0
29479,0,0,0,0,0,0,0,4,0,0,0,13
29809,0,0,0,0,0,0,0,0,1,3,2,2
29930,0,0,0,0,0,0,0,1,0,0,0,0
30265,0,0,0,0,0,0,0,1,0,0,0,0
30400,0,0,0,0,0,0,0,0,1,0,0,0
30508,0,0,0,0,0,0,0,2,0,1,0,0
30515,0,0,0,0,0,0,0,3,0,0,0,0
30607,0,0,0,0,0,0,0,0,0,2,1,0
30668,0,0,0,0,0,0,0,2,1,5,3,1
30796,0,0,0,0,0,0,0,1,0,0,0,0
30868,0,0,0,0,0,0,0,0,2,2,5,0
31271,0,0,0,0,0,0,0,1,0,0,0,0
31307,0,0,0,0,0,0,0,0,1,0,0,2
31443,0,0,0,0,0,0,0,0,0,11,6,3
31544,0,0,0,0,0,0,0,0,5,0,0,0
31571,0,0,0,0,0,0,0,1,0,0,0,0
32017,0,0,0,0,0,0,0,2,2,0,0,0
32088,0,0,0,0,0,0,0,7,7,3,7,3
32398,0,0,0,0,0,0,0,1,0,0,0,0
32495,0,0,0,0,0,0,0,1,0,1,0,0
32626,0,0,0,0,0,0,0,0,0,0,0,2
32729,0,0,0,0,0,0,0,1,7,2,5,0
32755,0,0,0,0,0,0,0,1,0,0,0,0
32760,0,0,0,0,0,0,0,1,0,0,0,0
32912,0,0,0,0,0,0,0,3,3,0,0,0
32966,0,0,0,0,0,0,0,0,0,0,0,1
32967,0,0,0,0,0,0,0,4,2,1,3,0
33154,0,0,0,0,0,0,0,0,0,0,1,0
33272,0,0,0,0,0,0,0,1,0,0,0,0
33812,0,0,0,0,0,0,0,1,0,0,0,1
33970,0,0,0,0,0,0,0,0,0,0,3,0
34081,0,0,0,0,0,0,0,0,1,0,0,0
34318,0,0,0,0,0,0,0,2,5,0,0,0
34516,0,0,0,0,0,0,0,0,1,0,0,4
34525,0,0,0,0,0,0,0,2,2,0,20,5
34664,0,0,0,0,0,0,0,1,2,1,0,0
34706,0,0,0,0,0,0,0,0,0,0,0,6
34782,0,0,0,0,0,0,0,1,0,0,0,0
34904,0,0,0,0,0,0,0,0,5,8,12,2
34938,0,0,0,0,0,0,0,0,0,0,0,1
34963,0,0,0,0,0,0,0,1,0,2,5,0
34974,0,0,0,0,0,0,0,3,0,0,0,0
35081,0,0,0,0,0,0,0,1,0,0,0,0
35269,0,0,0,0,0,0,0,1,0,0,0,0
35272,0,0,0,0,0,0,0,1,0,0,0,3
35318,0,0,0,0,0,0,0,3,6,11,12,7
35364,0,0,0,0,0,0,0,2,0,0,0,0
35371,0,0,0,0,0,0,0,2,1,0,0,5
35462,0,0,0,0,0,0,0,1,0,0,0,0
35569,0,0,0,0,0,0,0,0,0,0,0,1
35637,0,0,0,0,0,0,0,1,0,0,0,0
35684,0,0,0,0,0,0,0,0,1,0,4,3
35729,0,0,0,0,0,0,0,1,0,0,0,0
35754,0,0,0,0,0,0,0,1,0,0,0,0
35786,0,0,0,0,0,0,0,1,0,0,0,0
35868,0,0,0,0,0,0,0,2,1,0,0,0
35907,0,0,0,0,0,0,0,1,0,0,0,4
35966,0,0,0,0,0,0,0,1,0,0,0,0
35995,0,0,0,0,0,0,0,1,0,1,0,0
36103,0,0,0,0,0,0,0,1,0,0,0,0
36110,0,0,0,0,0,0,0,1,0,0,0,0
36149,0,0,0,0,0,0,0,1,1,0,0,0
36181,0,0,0,0,0,0,0,0,1,0,3,0
36373,0,0,0,0,0,0,0,0,0,0,2,2
36755,0,0,0,0,0,0,0,0,0,0,1,0
36879,0,0,0,0,0,0,0,2,0,0,0,0
36889,0,0,0,0,0,0,0,1,0,2,1,2
36914,0,0,0,0,0,0,0,2,0,0,0,2
37054,0,0,0,0,0,0,0,1,1,4,11,14
37261,0,0,0,0,0,0,0,0,2,2,0,1
37278,0,0,0,0,0,0,0,3,5,0,4,3
37383,0,0,0,0,0,0,0,0,1,1,0,0
37386,0,0,0,0,0,0,0,0,0,3,3,7
37435,0,0,0,0,0,0,0,1,1,0,0,0
37442,0,0,0,0,0,0,0,5,11,14,27,2
37453,0,0,0,0,0,0,0,1,0,0,0,0
37612,0,0,0,0,0,0,0,2,3,0,0,0
37726,0,0,0,0,0,0,0,2,11,2,0,0
37904,0,0,0,0,0,0,0,0,3,2,0,3
37919,0,0,0,0,0,0,0,1,1,0,4,1
37920,0,0,0,0,0,0,0,1,0,1,1,0
37963,0,0,0,0,0,0,0,1,8,11,9,10
38016,0,0,0,0,0,0,0,1,1,0,0,0
38079,0,0,0,0,0,0,0,1,0,0,0,0
38362,0,0,0,0,0,0,0,0,2,0,7,3
38764,0,0,0,0,0,0,0,0,4,5,6,3
38806,0,0,0,0,0,0,0,0,1,0,0,0
39054,0,0,0,0,0,0,0,0,4,3,0,0
39102,0,0,0,0,0,0,0,0,1,0,0,0
39291,0,0,0,0,0,0,0,0,1,0,0,0
39516,0,0,0,0,0,0,0,0,1,0,0,0
39526,0,0,0,0,0,0,0,0,2,1,2,0
39627,0,0,0,0,0,0,0,0,1,0,0,0
39689,0,0,0,0,0,0,0,0,1,0,0,0
39722,0,0,0,0,0,0,0,0,2,1,8,3
39813,0,0,0,0,0,0,0,0,1,0,0,0
39825,0,0,0,0,0,0,0,0,0,1,0,2
39840,0,0,0,0,0,0,0,0,9,3,5,9
39902,0,0,0,0,0,0,0,0,5,0,2,1
39942,0,0,0,0,0,0,0,0,2,1,3,0
39984,0,0,0,0,0,0,0,0,1,0,0,0
39985,0,0,0,0,0,0,0,0,1,0,0,0
40106,0,0,0,0,0,0,0,0,1,0,0,0
40180,0,0,0,0,0,0,0,0,1,0,0,0
40257,0,0,0,0,0,0,0,0,0,0,0,2
40299,0,0,0,0,0,0,0,0,1,4,1,4
40372,0,0,0,0,0,0,0,0,2,4,6,6
40693,0,0,0,0,0,0,0,0,2,0,0,0
41188,0,0,0,0,0,0,0,0,3,0,2,0
41365,0,0,0,0,0,0,0,0,2,0,0,0
41368,0,0,0,0,0,0,0,0,1,6,12,2
41399,0,0,0,0,0,0,0,0,2,0,0,0
41425,0,0,0,0,0,0,0,0,1,3,0,1
41510,0,0,0,0,0,0,0,0,2,0,0,0
41592,0,0,0,0,0,0,0,0,1,0,2,0
41613,0,0,0,0,0,0,0,0,1,0,0,0
41626,0,0,0,0,0,0,0,0,4,1,4,0
41677,0,0,0,0,0,0,0,0,1,0,0,0
41756,0,0,0,0,0,0,0,0,1,0,0,0
41762,0,0,0,0,0,0,0,0,1,0,0,0
41799,0,0,0,0,0,0,0,0,1,1,3,4
41851,0,0,0,0,0,0,0,0,3,0,0,0
42025,0,0,0,0,0,0,0,0,1,0,0,0
42086,0,0,0,0,0,0,0,0,2,5,3,7
42194,0,0,0,0,0,0,0,0,1,0,0,0
42279,0,0,0,0,0,0,0,0,4,3,3,2
42286,0,0,0,0,0,0,0,0,1,0,0,0
42343,0,0,0,0,0,0,0,0,1,0,0,0
42474,0,0,0,0,0,0,0,0,11,1,0,0
42654,0,0,0,0,0,0,0,0,3,0,0,0
42672,0,0,0,0,0,0,0,0,2,0,0,0
42721,0,0,0,0,0,0,0,0,0,0,1,0
42733,0,0,0,0,0,0,0,0,9,5,3,4
42736,0,0,0,0,0,0,0,0,4,1,4,1
42818,0,0,0,0,0,0,0,0,1,0,0,0
42911,0,0,0,0,0,0,0,0,2,1,0,0
42962,0,0,0,0,0,0,0,0,1,0,0,0
43023,0,0,0,0,0,0,0,0,1,0,0,0
43247,0,0,0,0,0,0,0,0,1,0,0,0
43295,0,0,0,0,0,0,0,0,1,0,0,0
43330,0,0,0,0,0,0,0,0,1,0,0,0
43578,0,0,0,0,0,0,0,0,1,0,0,0
43805,0,0,0,0,0,0,0,0,2,1,0,0
43997,0,0,0,0,0,0,0,0,1,0,0,0
44002,0,0,0,0,0,0,0,0,0,1,3,0
44003,0,0,0,0,0,0,0,0,0,0,0,1
44262,0,0,0,0,0,0,0,0,0,1,0,0
44387,0,0,0,0,0,0,0,0,0,0,2,5
44390,0,0,0,0,0,0,0,0,1,1,2,7
44657,0,0,0,0,0,0,0,0,0,0,0,2
45230,0,0,0,0,0,0,0,0,0,0,0,3
45260,0,0,0,0,0,0,0,0,1,0,0,0
45396,0,0,0,0,0,0,0,0,7,4,4,0
45466,0,0,0,0,0,0,0,0,1,0,0,0
45676,0,0,0,0,0,0,0,0,0,1,7,5
46186,0,0,0,0,0,0,0,0,1,0,0,0
46320,0,0,0,0,0,0,0,0,5,0,0,0
46589,0,0,0,0,0,0,0,0,2,0,0,0
46610,0,0,0,0,0,0,0,0,0,2,0,1
46640,0,0,0,0,0,0,0,0,3,2,2,0
46919,0,0,0,0,0,0,0,0,1,0,0,0
46955,0,0,0,0,0,0,0,0,0,1,0,0
47011,0,0,0,0,0,0,0,0,0,0,1,1
47073,0,0,0,0,0,0,0,0,0,0,2,2
47085,0,0,0,0,0,0,0,0,1,0,0,0
47125,0,0,0,0,0,0,0,0,0,0,1,1
47254,0,0,0,0,0,0,0,0,0,0,8,9
47409,0,0,0,0,0,0,0,0,0,1,0,0
47608,0,0,0,0,0,0,0,0,1,1,0,0
48020,0,0,0,0,0,0,0,0,1,0,0,0
48326,0,0,0,0,0,0,0,0,3,0,0,0
48616,0,0,0,0,0,0,0,0,1,0,0,0
49208,0,0,0,0,0,0,0,0,0,0,0,1
49379,0,0,0,0,0,0,0,0,1,1,0,0
49463,0,0,0,0,0,0,0,0,1,0,0,0
50114,0,0,0,0,0,0,0,0,1,0,0,0
50393,0,0,0,0,0,0,0,0,1,0,0,0
50470,0,0,0,0,0,0,0,0,1,0,0,0
50727,0,0,0,0,0,0,0,0,0,0,1,0
50898,0,0,0,0,0,0,0,0,1,0,0,0
50912,0,0,0,0,0,0,0,0,2,0,0,0
50918,0,0,0,0,0,0,0,0,1,0,0,0
50945,0,0,0,0,0,0,0,0,0,1,0,0
51845,0,0,0,0,0,0,0,0,0,0,0,5
52128,0,0,0,0,0,0,0,0,0,0,2,0
52298,0,0,0,0,0,0,0,0,0,1,0,0
52343,0,0,0,0,0,0,0,0,0,0,0,5
53208,0,0,0,0,0,0,0,0,0,1,0,0
53258,0,0,0,0,0,0,0,0,0,1,0,0
53398,0,0,0,0,0,0,0,0,0,2,0,0
53407,0,0,0,0,0,0,0,0,0,1,0,0
54009,0,0,0,0,0,0,0,0,0,1,0,3
54137,0,0,0,0,0,0,0,0,0,1,0,0
54155,0,0,0,0,0,0,0,0,0,1,0,0
54305,0,0,0,0,0,0,0,0,0,1,0,2
54374,0,0,0,0,0,0,0,0,0,1,0,0
54814,0,0,0,0,0,0,0,0,0,0,0,1
55591,0,0,0,0,0,0,0,0,0,1,0,0
55838,0,0,0,0,0,0,0,0,0,1,0,0
55859,0,0,0,0,0,0,0,0,0,2,0,0
56047,0,0,0,0,0,0,0,0,0,1,0,0
56048,0,0,0,0,0,0,0,0,0,1,3,2
56091,0,0,0,0,0,0,0,0,0,4,11,6
56251,0,0,0,0,0,0,0,0,0,1,1,0
56671,0,0,0,0,0,0,0,0,0,5,0,0
56715,0,0,0,0,0,0,0,0,0,2,8,4
56752,0,0,0,0,0,0,0,0,0,0,0,8
56926,0,0,0,0,0,0,0,0,0,0,0,1
57010,0,0,0,0,0,0,0,0,0,1,0,1
57019,0,0,0,0,0,0,0,0,0,0,0,3
57211,0,0,0,0,0,0,0,0,0,1,1,0
57543,0,0,0,0,0,0,0,0,0,2,1,0
57573,0,0,0,0,0,0,0,0,0,3,0,0
57643,0,0,0,0,0,0,0,0,0,0,1,0
57700,0,0,0,0,0,0,0,0,0,0,2,1
57901,0,0,0,0,0,0,0,0,0,12,25,16
58002,0,0,0,0,0,0,0,0,0,1,1,0
58054,0,0,0,0,0,0,0,0,0,1,0,0
58144,0,0,0,0,0,0,0,0,0,0,2,0
58365,0,0,0,0,0,0,0,0,0,1,0,0
58851,0,0,0,0,0,0,0,0,0,1,0,0
58875,0,0,0,0,0,0,0,0,0,0,1,1
59001,0,0,0,0,0,0,0,0,0,1,0,1
59040,0,0,0,0,0,0,0,0,0,0,0,1
59072,0,0,0,0,0,0,0,0,0,1,0,0
59155,0,0,0,0,0,0,0,0,0,1,2,0
59202,0,0,0,0,0,0,0,0,0,5,16,7
59487,0,0,0,0,0,0,0,0,0,0,1,3
59701,0,0,0,0,0,0,0,0,0,2,6,2
59778,0,0,0,0,0,0,0,0,0,0,0,1
60156,0,0,0,0,0,0,0,0,0,1,1,0
60168,0,0,0,0,0,0,0,0,0,1,2,0
60174,0,0,0,0,0,0,0,0,0,3,1,1
60175,0,0,0,0,0,0,0,0,0,1,1,0
60251,0,0,0,0,0,0,0,0,0,0,1,3
60318,0,0,0,0,0,0,0,0,0,0,3,0
60319,0,0,0,0,0,0,0,0,0,1,0,0
60377,0,0,0,0,0,0,0,0,0,2,1,0
60488,0,0,0,0,0,0,0,0,0,1,1,25
60557,0,0,0,0,0,0,0,0,0,4,7,4
60875,0,0,0,0,0,0,0,0,0,1,0,0
61085,0,0,0,0,0,0,0,0,0,1,0,0
61830,0,0,0,0,0,0,0,0,0,1,0,0
62453,0,0,0,0,0,0,0,0,0,1,0,0
62732,0,0,0,0,0,0,0,0,0,1,2,2
62742,0,0,0,0,0,0,0,0,0,3,3,0
62823,0,0,0,0,0,0,0,0,0,0,2,0
63267,0,0,0,0,0,0,0,0,0,2,1,0
63293,0,0,0,0,0,0,0,0,0,1,7,8
63321,0,0,0,0,0,0,0,0,0,3,0,0
63375,0,0,0,0,0,0,0,0,0,1,2,12
63464,0,0,0,0,0,0,0,0,0,0,1,0
63471,0,0,0,0,0,0,0,0,0,0,3,2
63595,0,0,0,0,0,0,0,0,0,2,1,0
63819,0,0,0,0,0,0,0,0,0,0,0,5
63854,0,0,0,0,0,0,0,0,0,0,0,3
64067,0,0,0,0,0,0,0,0,0,1,3,2
64075,0,0,0,0,0,0,0,0,0,0,2,0
64114,0,0,0,0,0,0,0,0,0,0,0,5
64232,0,0,0,0,0,0,0,0,0,0,4,8
64348,0,0,0,0,0,0,0,0,0,2,6,11
64435,0,0,0,0,0,0,0,0,0,1,3,0
64439,0,0,0,0,0,0,0,0,0,1,0,0
64514,0,0,0,0,0,0,0,0,0,1,0,0
64550,0,0,0,0,0,0,0,0,0,0,1,1
64655,0,0,0,0,0,0,0,0,0,0,2,0
64683,0,0,0,0,0,0,0,0,0,0,3,1
64778,0,0,0,0,0,0,0,0,0,0,1,0
64789,0,0,0,0,0,0,0,0,0,0,2,1
64943,0,0,0,0,0,0,0,0,0,0,2,14
65579,0,0,0,0,0,0,0,0,0,0,0,1
66045,0,0,0,0,0,0,0,0,0,0,4,0
66049,0,0,0,0,0,0,0,0,0,0,1,0
66114,0,0,0,0,0,0,0,0,0,0,2,0
66196,0,0,0,0,0,0,0,0,0,0,1,0
66322,0,0,0,0,0,0,0,0,0,0,4,1
66463,0,0,0,0,0,0,0,0,0,0,1,0
66700,0,0,0,0,0,0,0,0,0,0,4,0
66728,0,0,0,0,0,0,0,0,0,0,1,0
66866,0,0,0,0,0,0,0,0,0,0,0,1
66942,0,0,0,0,0,0,0,0,0,0,8,12
66962,0,0,0,0,0,0,0,0,0,0,1,0
67085,0,0,0,0,0,0,0,0,0,0,4,2
67125,0,0,0,0,0,0,0,0,0,0,2,0
67141,0,0,0,0,0,0,0,0,0,0,3,1
67207,0,0,0,0,0,0,0,0,0,0,1,0
67396,0,0,0,0,0,0,0,0,0,0,1,0
67408,0,0,0,0,0,0,0,0,0,0,1,0
67434,0,0,0,0,0,0,0,0,0,0,2,0
67487,0,0,0,0,0,0,0,0,0,0,3,4
67488,0,0,0,0,0,0,0,0,0,0,0,3
67539,0,0,0,0,0,0,0,0,0,0,4,1
67541,0,0,0,0,0,0,0,0,0,0,9,5
67573,0,0,0,0,0,0,0,0,0,0,2,0
67579,0,0,0,0,0,0,0,0,0,0,1,0
67723,0,0,0,0,0,0,0,0,0,0,2,0
67752,0,0,0,0,0,0,0,0,0,0,0,1
67778,0,0,0,0,0,0,0,0,0,0,1,0
67792,0,0,0,0,0,0,0,0,0,0,4,4
67833,0,0,0,0,0,0,0,0,0,0,0,2
67884,0,0,0,0,0,0,0,0,0,0,1,1
67892,0,0,0,0,0,0,0,0,0,0,1,1
67971,0,0,0,0,0,0,0,0,0,0,1,0
67992,0,0,0,0,0,0,0,0,0,0,25,20
68058,0,0,0,0,0,0,0,0,0,0,5,0
68165,0,0,0,0,0,0,0,0,0,0,1,0
68231,0,0,0,0,0,0,0,0,0,0,4,0
68424,0,0,0,0,0,0,0,0,0,0,1,0
68629,0,0,0,0,0,0,0,0,0,0,1,1
68758,0,0,0,0,0,0,0,0,0,0,0,1
68776,0,0,0,0,0,0,0,0,0,0,1,0
68874,0,0,0,0,0,0,0,0,0,0,1,0
69001,0,0,0,0,0,0,0,0,0,0,2,3
69439,0,0,0,0,0,0,0,0,0,0,9,8
69461,0,0,0,0,0,0,0,0,0,0,1,0
69474,0,0,0,0,0,0,0,0,0,0,2,0
69502,0,0,0,0,0,0,0,0,0,0,2,0
69540,0,0,0,0,0,0,0,0,0,0,1,0
69621,0,0,0,0,0,0,0,0,0,0,1,1
69624,0,0,0,0,0,0,0,0,0,0,2,10
69725,0,0,0,0,0,0,0,0,0,0,1,0
69950,0,0,0,0,0,0,0,0,0,0,2,0
69995,0,0,0,0,0,0,0,0,0,0,1,0
70073,0,0,0,0,0,0,0,0,0,0,3,0
70115,0,0,0,0,0,0,0,0,0,0,5,0
70164,0,0,0,0,0,0,0,0,0,0,0,7
70325,0,0,0,0,0,0,0,0,0,0,1,0
70330,0,0,0,0,0,0,0,0,0,0,3,1
70640,0,0,0,0,0,0,0,0,0,0,1,0
70788,0,0,0,0,0,0,0,0,0,0,1,0
70809,0,0,0,0,0,0,0,0,0,0,3,0
71049,0,0,0,0,0,0,0,0,0,0,12,12
71103,0,0,0,0,0,0,0,0,0,0,2,1
71152,0,0,0,0,0,0,0,0,0,0,2,1
71172,0,0,0,0,0,0,0,0,0,0,1,0
71187,0,0,0,0,0,0,0,0,0,0,1,0
71192,0,0,0,0,0,0,0,0,0,0,1,2
71354,0,0,0,0,0,0,0,0,0,0,2,6
71708,0,0,0,0,0,0,0,0,0,0,4,0
71750,0,0,0,0,0,0,0,0,0,0,1,6
71764,0,0,0,0,0,0,0,0,0,0,1,0
71895,0,0,0,0,0,0,0,0,0,0,0,1
71914,0,0,0,0,0,0,0,0,0,0,2,0
72050,0,0,0,0,0,0,0,0,0,0,4,2
72060,0,0,0,0,0,0,0,0,0,0,1,0
72194,0,0,0,0,0,0,0,0,0,0,1,0
72210,0,0,0,0,0,0,0,0,0,0,2,0
72378,0,0,0,0,0,0,0,0,0,0,3,7
72737,0,0,0,0,0,0,0,0,0,0,4,4
72808,0,0,0,0,0,0,0,0,0,0,2,0
72879,0,0,0,0,0,0,0,0,0,0,3,3
72916,0,0,0,0,0,0,0,0,0,0,1,0
72971,0,0,0,0,0,0,0,0,0,0,7,1
73292,0,0,0,0,0,0,0,0,0,0,1,0
73365,0,0,0,0,0,0,0,0,0,0,14,10
73530,0,0,0,0,0,0,0,0,0,0,6,0
73730,0,0,0,0,0,0,0,0,0,0,1,0
73757,0,0,0,0,0,0,0,0,0,0,2,6
74256,0,0,0,0,0,0,0,0,0,0,1,0
74387,0,0,0,0,0,0,0,0,0,0,1,13
74479,0,0,0,0,0,0,0,0,0,0,0,1
75221,0,0,0,0,0,0,0,0,0,0,2,1
75386,0,0,0,0,0,0,0,0,0,0,1,0
75435,0,0,0,0,0,0,0,0,0,0,1,0
75502,0,0,0,0,0,0,0,0,0,0,1,2
75523,0,0,0,0,0,0,0,0,0,0,1,0
75570,0,0,0,0,0,0,0,0,0,0,0,1
75620,0,0,0,0,0,0,0,0,0,0,2,0
75674,0,0,0,0,0,0,0,0,0,0,3,1
75687,0,0,0,0,0,0,0,0,0,0,2,0
75848,0,0,0,0,0,0,0,0,0,0,2,1
76042,0,0,0,0,0,0,0,0,0,0,0,1
76455,0,0,0,0,0,0,0,0,0,0,2,0
76516,0,0,0,0,0,0,0,0,0,0,1,0
76555,0,0,0,0,0,0,0,0,0,0,1,0
76605,0,0,0,0,0,0,0,0,0,0,2,0
76744,0,0,0,0,0,0,0,0,0,0,1,0
76775,0,0,0,0,0,0,0,0,0,0,0,1
76874,0,0,0,0,0,0,0,0,0,0,1,0
77043,0,0,0,0,0,0,0,0,0,0,1,0
77512,0,0,0,0,0,0,0,0,0,0,1,0
77630,0,0,0,0,0,0,0,0,0,0,0,1
77679,0,0,0,0,0,0,0,0,0,0,1,0
77726,0,0,0,0,0,0,0,0,0,0,2,11
77743,0,0,0,0,0,0,0,0,0,0,1,0
77888,0,0,0,0,0,0,0,0,0,0,14,3
77915,0,0,0,0,0,0,0,0,0,0,8,4
78388,0,0,0,0,0,0,0,0,0,0,1,9
78499,0,0,0,0,0,0,0,0,0,0,1,1
78659,0,0,0,0,0,0,0,0,0,0,1,0
78825,0,0,0,0,0,0,0,0,0,0,1,0
79007,0,0,0,0,0,0,0,0,0,0,0,2
79115,0,0,0,0,0,0,0,0,0,0,2,0
79137,0,0,0,0,0,0,0,0,0,0,0,2
79287,0,0,0,0,0,0,0,0,0,0,0,1
80596,0,0,0,0,0,0,0,0,0,0,0,4
80928,0,0,0,0,0,0,0,0,0,0,0,1
81301,0,0,0,0,0,0,0,0,0,0,0,2
82788,0,0,0,0,0,0,0,0,0,0,0,1
83502,0,0,0,0,0,0,0,0,0,0,0,18
83923,0,0,0,0,0,0,0,0,0,0,0,3
84186,0,0,0,0,0,0,0,0,0,0,0,2
84468,0,0,0,0,0,0,0,0,0,0,0,2
84687,0,0,0,0,0,0,0,0,0,0,0,1
85838,0,0,0,0,0,0,0,0,0,0,0,1
86474,0,0,0,0,0,0,0,0,0,0,0,3
86557,0,0,0,0,0,0,0,0,0,0,0,1
86933,0,0,0,0,0,0,0,0,0,0,0,1
87176,0,0,0,0,0,0,0,0,0,0,0,8
87263,0,0,0,0,0,0,0,0,0,0,0,2
87371,0,0,0,0,0,0,0,0,0,0,0,6
87702,0,0,0,0,0,0,0,0,0,0,0,8
87771,0,0,0,0,0,0,0,0,0,0,0,1
87802,0,0,0,0,0,0,0,0,0,0,0,8
87885,0,0,0,0,0,0,0,0,0,0,0,1
87931,0,0,0,0,0,0,0,0,0,0,0,1
87954,0,0,0,0,0,0,0,0,0,0,0,1
87958,0,0,0,0,0,0,0,0,0,0,0,4
87966,0,0,0,0,0,0,0,0,0,0,0,3
88049,0,0,0,0,0,0,0,0,0,0,0,6
88096,0,0,0,0,0,0,0,0,0,0,0,1
88205,0,0,0,0,0,0,0,0,0,0,0,15
88215,0,0,0,0,0,0,0,0,0,0,0,2
88217,0,0,0,0,0,0,0,0,0,0,0,7
88226,0,0,0,0,0,0,0,0,0,0,0,1
88284,0,0,0,0,0,0,0,0,0,0,0,1
88312,0,0,0,0,0,0,0,0,0,0,0,1
88331,0,0,0,0,0,0,0,0,0,0,0,1
88364,0,0,0,0,0,0,0,0,0,0,0,2
88441,0,0,0,0,0,0,0,0,0,0,0,2
88473,0,0,0,0,0,0,0,0,0,0,0,2
88488,0,0,0,0,0,0,0,0,0,0,0,1
88557,0,0,0,0,0,0,0,0,0,0,0,1
88586,0,0,0,0,0,0,0,0,0,0,0,3
88604,0,0,0,0,0,0,0,0,0,0,0,5
88641,0,0,0,0,0,0,0,0,0,0,0,9
88654,0,0,0,0,0,0,0,0,0,0,0,1
88708,0,0,0,0,0,0,0,0,0,0,0,1
88709,0,0,0,0,0,0,0,0,0,0,0,1
88747,0,0,0,0,0,0,0,0,0,0,0,2
88750,0,0,0,0,0,0,0,0,0,0,0,2
88998,0,0,0,0,0,0,0,0,0,0,0,1
89000,0,0,0,0,0,0,0,0,0,0,0,6
89032,0,0,0,0,0,0,0,0,0,0,0,4
89045,0,0,0,0,0,0,0,0,0,0,0,1
89133,0,0,0,0,0,0,0,0,0,0,0,8
89349,0,0,0,0,0,0,0,0,0,0,0,1
89604,0,0,0,0,0,0,0,0,0,0,0,1
89628,0,0,0,0,0,0,0,0,0,0,0,3
89703,0,0,0,0,0,0,0,0,0,0,0,7
89714,0,0,0,0,0,0,0,0,0,0,0,1
89750,0,0,0,0,0,0,0,0,0,0,0,1
89891,0,0,0,0,0,0,0,0,0,0,0,4
89911,0,0,0,0,0,0,0,0,0,0,0,2
89927,0,0,0,0,0,0,0,0,0,0,0,1
89928,0,0,0,0,0,0,0,0,0,0,0,4
90010,0,0,0,0,0,0,0,0,0,0,0,3
90052,0,0,0,0,0,0,0,0,0,0,0,1
90097,0,0,0,0,0,0,0,0,0,0,0,4
90140,0,0,0,0,0,0,0,0,0,0,0,1
90215,0,0,0,0,0,0,0,0,0,0,0,3
90286,0,0,0,0,0,0,0,0,0,0,0,1
90386,0,0,0,0,0,0,0,0,0,0,0,1
90409,0,0,0,0,0,0,0,0,0,0,0,2
90553,0,0,0,0,0,0,0,0,0,0,0,5
90613,0,0,0,0,0,0,0,0,0,0,0,14
90615,0,0,0,0,0,0,0,0,0,0,0,1
90623,0,0,0,0,0,0,0,0,0,0,0,2
90847,0,0,0,0,0,0,0,0,0,0,0,1
90900,0,0,0,0,0,0,0,0,0,0,0,2
90945,0,0,0,0,0,0,0,0,0,0,0,2
91001,0,0,0,0,0,0,0,0,0,0,0,1
91012,0,0,0,0,0,0,0,0,0,0,0,1
91319,0,0,0,0,0,0,0,0,0,0,0,2
91345,0,0,0,0,0,0,0,0,0,0,0,9
91369,0,0,0,0,0,0,0,0,0,0,0,1
91371,0,0,0,0,0,0,0,0,0,0,0,1
91502,0,0,0,0,0,0,0,0,0,0,0,9
91516,0,0,0,0,0,0,0,0,0,0,0,1
91637,0,0,0,0,0,0,0,0,0,0,0,3
91673,0,0,0,0,0,0,0,0,0,0,0,2
91705,0,0,0,0,0,0,0,0,0,0,0,3
91767,0,0,0,0,0,0,0,0,0,0,0,1
91874,0,0,0,0,0,0,0,0,0,0,0,2
91957,0,0,0,0,0,0,0,0,0,0,0,2
91993,0,0,0,0,0,0,0,0,0,0,0,1
92038,0,0,0,0,0,0,0,0,0,0,0,1
92040,0,0,0,0,0,0,0,0,0,0,0,2
92146,0,0,0,0,0,0,0,0,0,0,0,1
92160,0,0,0,0,0,0,0,0,0,0,0,2
92193,0,0,0,0,0,0,0,0,0,0,0,1
92324,0,0,0,0,0,0,0,0,0,0,0,2
92372,0,0,0,0,0,0,0,0,0,0,0,13
92373,0,0,0,0,0,0,0,0,0,0,0,3
92501,0,0,0,0,0,0,0,0,0,0,0,1
92589,0,0,0,0,0,0,0,0,0,0,0,1
92619,0,0,0,0,0,0,0,0,0,0,0,3
92638,0,0,0,0,0,0,0,0,0,0,0,6
92640,0,0,0,0,0,0,0,0,0,0,0,4
92716,0,0,0,0,0,0,0,0,0,0,0,1
92796,0,0,0,0,0,0,0,0,0,0,0,3
92810,0,0,0,0,0,0,0,0,0,0,0,6
92863,0,0,0,0,0,0,0,0,0,0,0,1
92914,0,0,0,0,0,0,0,0,0,0,0,2
92970,0,0,0,0,0,0,0,0,0,0,0,2
93069,0,0,0,0,0,0,0,0,0,0,0,2
93094,0,0,0,0,0,0,0,0,0,0,0,1
93197,0,0,0,0,0,0,0,0,0,0,0,3
93237,0,0,0,0,0,0,0,0,0,0,0,2
93282,0,0,0,0,0,0,0,0,0,0,0,5
93284,0,0,0,0,0,0,0,0,0,0,0,2
93307,0,0,0,0,0,0,0,0,0,0,0,1
93452,0,0,0,0,0,0,0,0,0,0,0,1
93566,0,0,0,0,0,0,0,0,0,0,0,4
93634,0,0,0,0,0,0,0,0,0,0,0,2
93673,0,0,0,0,0,0,0,0,0,0,0,1
93882,0,0,0,0,0,0,0,0,0,0,0,5
93906,0,0,0,0,0,0,0,0,0,0,0,1
94000,0,0,0,0,0,0,0,0,0,0,0,7
94074,0,0,0,0,0,0,0,0,0,0,0,12
94119,0,0,0,0,0,0,0,0,0,0,0,2
94168,0,0,0,0,0,0,0,0,0,0,0,1
94263,0,0,0,0,0,0,0,0,0,0,0,2
94387,0,0,0,0,0,0,0,0,0,0,0,2
94416,0,0,0,0,0,0,0,0,0,0,0,4
94580,0,0,0,0,0,0,0,0,0,0,0,1
94620,0,0,0,0,0,0,0,0,0,0,0,3
94639,0,0,0,0,0,0,0,0,0,0,0,1
94754,0,0,0,0,0,0,0,0,0,0,0,1
94763,0,0,0,0,0,0,0,0,0,0,0,1
94862,0,0,0,0,0,0,0,0,0,0,0,1
94955,0,0,0,0,0,0,0,0,0,0,0,1
94982,0,0,0,0,0,0,0,0,0,0,0,1
95068,0,0,0,0,0,0,0,0,0,0,0,1
95265,0,0,0,0,0,0,0,0,0,0,0,1
95422,0,0,0,0,0,0,0,0,0,0,0,1
95435,0,0,0,0,0,0,0,0,0,0,0,1
95469,0,0,0,0,0,0,0,0,0,0,0,1
95519,0,0,0,0,0,0,0,0,0,0,0,1
95659,0,0,0,0,0,0,0,0,0,0,0,2
95674,0,0,0,0,0,0,0,0,0,0,0,1
95760,0,0,0,0,0,0,0,0,0,0,0,2
95780,0,0,0,0,0,0,0,0,0,0,0,2
95792,0,0,0,0,0,0,0,0,0,0,0,1
95909,0,0,0,0,0,0,0,0,0,0,0,1
96073,0,0,0,0,0,0,0,0,0,0,0,1
96100,0,0,0,0,0,0,0,0,0,0,0,2
96339,0,0,0,0,0,0,0,0,0,0,0,4
96571,0,0,0,0,0,0,0,0,0,0,0,1
96577,0,0,0,0,0,0,0,0,0,0,0,1
96596,0,0,0,0,0,0,0,0,0,0,0,1
96744,0,0,0,0,0,0,0,0,0,0,0,3
96967,0,0,0,0,0,0,0,0,0,0,0,2
96998,0,0,0,0,0,0,0,0,0,0,0,1
97229,0,0,0,0,0,0,0,0,0,0,0,5
97323,0,0,0,0,0,0,0,0,0,0,0,2
97337,0,0,0,0,0,0,0,0,0,0,0,1
97357,0,0,0,0,0,0,0,0,0,0,0,1
97621,0,0,0,0,0,0,0,0,0,0,0,1
97804,0,0,0,0,0,0,0,0,0,0,0,1
97864,0,0,0,0,0,0,0,0,0,0,0,1
97898,0,0,0,0,0,0,0,0,0,0,0,1
97900,0,0,0,0,0,0,0,0,0,0,0,3
97933,0,0,0,0,0,0,0,0,0,0,0,1
98061,0,0,0,0,0,0,0,0,0,0,0,1
98118,0,0,0,0,0,0,0,0,0,0,0,2
98120,0,0,0,0,0,0,0,0,0,0,0,2
98134,0,0,0,0,0,0,0,0,0,0,0,1
98135,0,0,0,0,0,0,0,0,0,0,0,2
98165,0,0,0,0,0,0,0,0,0,0,0,1
98299,0,0,0,0,0,0,0,0,0,0,0,1
98339,0,0,0,0,0,0,0,0,0,0,0,1
98500,0,0,0,0,0,0,0,0,0,0,0,2
98573,0,0,0,0,0,0,0,0,0,0,0,3
98728,0,0,0,0,0,0,0,0,0,0,0,1
98770,0,0,0,0,0,0,0,0,0,0,0,2
98772,0,0,0,0,0,0,0,0,0,0,0,3
98780,0,0,0,0,0,0,0,0,0,0,0,1
98784,0,0,0,0,0,0,0,0,0,0,0,3
98786,0,0,0,0,0,0,0,0,0,0,0,1
98790,0,0,0,0,0,0,0,0,0,0,0,1
98791,0,0,0,0,0,0,0,0,0,0,0,1
98802,0,0,0,0,0,0,0,0,0,0,0,2
98810,0,0,0,0,0,0,0,0,0,0,0,1
98811,0,0,0,0,0,0,0,0,0,0,0,1
98861,0,0,0,0,0,0,0,0,0,0,0,1
98877,0,0,0,0,0,0,0,0,0,0,0,1
98885,0,0,0,0,0,0,0,0,0,0,0,1
98900,0,0,0,0,0,0,0,0,0,0,0,1
98936,0,0,0,0,0,0,0,0,0,0,0,1
99014,0,0,0,0,0,0,0,0,0,0,0,1
99034,0,0,0,0,0,0,0,0,0,0,0,1
99058,0,0,0,0,0,0,0,0,0,0,0,1
99059,0,0,0,0,0,0,0,0,0,0,0,2
99106,0,0,0,0,0,0,0,0,0,0,0,5
99147,0,0,0,0,0,0,0,0,0,0,0,2
99263,0,0,0,0,0,0,0,0,0,0,0,3
99369,0,0,0,0,0,0,0,0,0,0,0,2
99542,0,0,0,0,0,0,0,0,0,0,0,1
99621,0,0,0,0,0,0,0,0,0,0,0,1
99644,0,0,0,0,0,0,0,0,0,0,0,1
99803,0,0,0,0,0,0,0,0,0,0,0,2
99822,0,0,0,0,0,0,0,0,0,0,0,2
99949,0,0,0,0,0,0,0,0,0,0,0,1
99980,0,0,0,0,0,0,0,0,0,0,0,7
99997,0,0,0,0,0,0,0,0,0,0,0,1
100034,0,0,0,0,0,0,0,0,0,0,0,3
100068,0,0,0,0,0,0,0,0,0,0,0,1
100083,0,0,0,0,0,0,0,0,0,0,0,1
100179,0,0,0,0,0,0,0,0,0,0,0,4
100239,0,0,0,0,0,0,0,0,0,0,0,2
100306,0,0,0,0,0,0,0,0,0,0,0,1
100376,0,0,0,0,0,0,0,0,0,0,0,1
100391,0,0,0,0,0,0,0,0,0,0,0,1
100400,0,0,0,0,0,0,0,0,0,0,0,1
100417,0,0,0,0,0,0,0,0,0,0,0,1
100419,0,0,0,0,0,0,0,0,0,0,0,1
100460,0,0,0,0,0,0,0,0,0,0,0,1
100538,0,0,0,0,0,0,0,0,0,0,0,1
100756,0,0,0,0,0,0,0,0,0,0,0,1
100951,0,0,0,0,0,0,0,0,0,0,0,1
101111,0,0,0,0,0,0,0,0,0,0,0,1
101154,0,0,0,0,0,0,0,0,0,0,0,1
101300,0,0,0,0,0,0,0,0,0,0,0,1
101302,0,0,0,0,0,0,0,0,0,0,0,1
101365,0,0,0,0,0,0,0,0,0,0,0,4
101500,0,0,0,0,0,0,0,0,0,0,0,3
101566,0,0,0,0,0,0,0,0,0,0,0,1
101570,0,0,0,0,0,0,0,0,0,0,0,1
101649,0,0,0,0,0,0,0,0,0,0,0,1
101653,0,0,0,0,0,0,0,0,0,0,0,1
101814,0,0,0,0,0,0,0,0,0,0,0,1
102057,0,0,0,0,0,0,0,0,0,0,0,1
102080,0,0,0,0,0,0,0,0,0,0,0,1
102221,0,0,0,0,0,0,0,0,0,0,0,2
102335,0,0,0,0,0,0,0,0,0,0,0,1
102510,0,0,0,0,0,0,0,0,0,0,0,1
102513,0,0,0,0,0,0,0,0,0,0,0,4
102719,0,0,0,0,0,0,0,0,0,0,0,6
102777,0,0,0,0,0,0,0,0,0,0,0,1
102802,0,0,0,0,0,0,0,0,0,0,0,1
103002,0,0,0,0,0,0,0,0,0,0,0,2
103020,0,0,0,0,0,0,0,0,0,0,0,1
103023,0,0,0,0,0,0,0,0,0,0,0,1
103297,0,0,0,0,0,0,0,0,0,0,0,1
103483,0,0,0,0,0,0,0,0,0,0,0,1
103536,0,0,0,0,0,0,0,0,0,0,0,1
103591,0,0,0,0,0,0,0,0,0,0,0,1
103681,0,0,0,0,0,0,0,0,0,0,0,2
104484,0,0,0,0,0,0,0,0,0,0,0,3
104512,0,0,0,0,0,0,0,0,0,0,0,1
104573,0,0,0,0,0,0,0,0,0,0,0,1