17,4,15,12,10,0,0,0
18,3,6,0,0,0,0,0
19,3,2,1,0,0,0,0
20,9,4,5,0,0,0,0
21,0,3,3,7,2,6,2
22,4,10,6,14,8,6,1
23,0,1,2,0,0,0,0
25,0,2,1,0,0,0,0
26,0,3,8,0,0,0,0
28,0,0,1,3,0,0,0
34,0,1,0,3,0,0,0
35,0,1,0,0,0,0,0
39,0,1,0,0,0,0,0
40,1,1,0,0,0,0,0
42,0,1,0,0,0,0,0
43,0,1,0,0,0,0,0
44,1,2,0,0,0,0,0
50,0,0,0,1,0,0,0
51,2,0,0,1,0,2,1
54,0,3,1,1,0,0,0
55,0,1,0,0,0,0,0
57,0,3,0,0,0,0,0
59,0,0,1,8,10,11,6
62,0,0,0,0,0,4,0
70,0,0,1,1,0,0,0
75,0,2,1,0,0,0,0
76,0,5,6,0,2,3,0
80,0,0,1,0,0,0,0
82,0,1,1,0,0,0,0
83,0,2,3,0,3,8,11
87,0,0,0,3,1,0,0
93,0,1,2,0,0,0,0
101,0,7,7,0,0,0,0
105,0,7,0,13,4,8,0
113,0,0,0,6,1,1,2
115,0,0,1,0,0,0,0
140,0,0,0,2,0,0,0
158,0,0,0,0,0,3,3
161,0,1,1,15,1,0,0
165,0,1,0,17,77,22,50
171,0,2,0,0,1,0,0
176,0,0,9,0,0,0,0
202,0,0,0,12,6,3,0
207,0,1,0,0,0,0,0
208,0,1,0,0,0,0,0
210,0,0,0,0,3,2,0
237,0,0,0,4,0,19,9
239,0,1,0,1,0,2,0
247,0,1,0,0,0,0,0
248,0,0,0,0,0,1,0
257,0,1,0,0,0,0,1
266,0,1,0,0,0,0,0
271,0,0,0,1,0,0,0
273,0,0,1,0,1,1,1
275,0,1,0,3,0,1,1
279,0,0,0,1,0,1,1
280,0,0,0,2,0,0,0
281,0,0,0,2,0,0,1
282,0,0,0,1,0,2,5
284,0,0,0,0,0,3,1
289,0,0,0,2,0,0,0
290,0,1,0,3,0,5,4
295,0,0,0,0,0,1,0
297,0,1,0,0,0,0,0
300,0,0,0,0,0,1,0
302,0,1,0,0,0,0,0
306,0,1,0,1,0,0,1
308,0,1,0,0,0,0,0
309,0,0,0,2,0,3,2
310,0,0,0,0,0,0,3
311,0,2,0,1,0,1,0
312,0,0,0,0,0,1,0
313,0,0,0,0,0,2,0
315,0,2,0,0,0,3,0
316,0,1,0,1,0,2,1
317,0,0,0,0,0,2,0
320,0,0,0,1,0,0,0
326,0,0,0,1,0,0,0
328,0,0,0,1,0,1,0
337,0,1,0,1,0,0,0
338,0,0,0,0,0,1,0
342,0,0,0,2,0,1,0
343,0,0,0,1,0,0,0
344,0,0,0,0,0,0,2
347,0,0,0,1,0,0,0
353,0,0,0,1,0,0,1
355,0,1,0,2,0,1,3
356,0,0,0,1,0,3,1
358,0,0,0,1,0,1,2
362,0,0,0,2,0,0,0
364,0,0,0,0,0,2,4
366,0,1,0,0,0,0,0
368,0,0,0,2,0,1,2
388,0,0,0,1,0,0,0
392,0,0,0,2,0,1,1
400,0,0,0,7,0,0,0
404,0,0,0,2,0,0,0
408,0,0,1,3,0,0,0
420,0,0,0,2,1,0,0
421,0,0,0,31,10,2,0
423,0,0,0,0,1,0,0
424,0,0,0,0,0,0,1
426,0,1,0,2,1,0,0
427,0,0,0,1,0,0,0
429,0,1,0,1,0,0,0
430,0,0,0,2,0,0,0
434,0,0,0,0,1,1,2
435,0,0,0,0,0,1,0
438,0,0,0,2,0,1,0
441,0,0,0,1,0,0,0
445,0,0,0,1,0,0,0
448,0,0,0,1,0,0,0
462,0,0,0,0,0,1,0
467,0,0,0,0,0,0,2
471,0,1,0,0,0,0,0
473,0,0,0,1,0,0,0
474,0,1,0,0,0,0,0
477,0,1,0,0,0,0,0
480,0,0,1,0,0,0,0
483,0,2,0,0,0,0,0
485,0,1,0,0,0,0,0
489,0,1,1,0,0,0,0
493,0,0,0,0,0,1,0
536,0,0,0,1,0,0,0
552,0,1,0,0,0,0,0
554,0,1,0,2,0,0,0
559,0,0,0,0,1,0,1
565,0,1,1,3,0,0,0
568,0,2,0,3,0,0,0
571,0,1,0,0,0,0,0
581,0,0,1,0,0,0,0
590,0,0,0,1,0,0,0
603,0,1,0,0,0,0,0
620,0,0,0,0,1,0,0
622,0,0,1,1,0,0,0
625,0,0,0,1,0,0,0
626,0,0,1,0,0,0,0
627,0,0,0,1,1,0,0
684,0,0,1,1,0,0,0
699,0,0,0,1,0,0,0
707,0,1,0,0,0,0,0
708,0,1,0,0,0,0,0
715,0,1,1,0,0,0,0
815,0,1,0,0,0,0,0
841,0,0,0,1,32,146,42
859,0,0,2,0,0,0,0
868,0,1,0,0,0,0,0
879,0,0,1,0,0,0,0
889,0,0,2,0,0,0,0
890,0,0,1,0,0,0,0
895,0,1,0,0,0,0,0
910,0,0,0,0,1,6,1
916,0,0,0,0,1,0,0
925,0,0,0,1,0,0,0
953,0,1,1,0,0,0,0
958,0,1,0,0,0,0,0
1004,0,0,0,1,0,0,0
1017,0,1,0,0,0,0,0
1033,0,1,0,1,0,0,0
1035,0,1,0,1,0,0,0
1055,0,1,0,0,0,0,0
1059,0,0,2,1,0,0,0
1061,0,1,2,0,0,0,0
1076,0,1,0,0,0,0,0
1093,0,1,0,0,0,0,0
1095,0,1,2,3,1,1,1
1103,0,0,1,0,0,0,0
1120,0,1,0,0,0,0,0
1141,0,1,0,0,0,0,0
1146,0,1,0,0,0,0,0
1147,0,0,1,0,0,0,0
1148,0,1,0,0,0,0,0
1155,0,1,0,0,0,0,0
1175,0,1,1,0,0,0,0
1179,0,1,0,0,0,0,0
1182,0,1,0,0,0,0,0
1237,0,1,1,0,0,0,0
1247,0,1,2,0,0,0,0
1248,0,0,1,0,0,0,0
1267,0,1,0,0,0,0,0
1270,0,1,0,0,0,0,0
1271,0,0,2,1,0,0,0
1273,0,0,1,0,0,0,0
1284,0,0,1,0,0,0,0
1294,0,1,1,0,0,0,0
1296,0,1,0,0,0,0,0
1298,0,0,0,1,1,0,0
1318,0,1,1,0,0,0,0
1341,0,0,1,0,0,0,0
1352,0,0,1,0,0,0,0
1361,0,0,0,1,0,0,0
1387,0,1,0,0,0,0,0
1396,0,1,0,0,0,0,0
1405,0,1,0,0,0,0,0
1415,0,1,0,0,0,0,0
1418,0,1,1,0,0,0,0
1434,0,1,0,0,0,0,0
1437,0,0,0,13,2,0,0
1439,0,0,0,0,0,1,0
1443,0,1,0,0,0,0,0
1451,0,0,0,1,1,0,0
1472,0,0,0,11,12,13,3
1486,0,0,0,2,1,7,5
1491,0,0,1,0,0,0,0
1494,0,1,0,0,0,0,0
1497,0,1,0,0,0,0,0
1555,0,0,0,0,1,3,2
1568,0,0,0,0,7,27,12
1572,0,1,0,0,0,0,0
1576,0,0,0,0,1,0,0
1577,0,0,1,0,3,2,0
1578,0,0,1,0,4,0,0
1579,0,0,1,1,0,0,1
1580,0,0,1,0,0,1,0
1581,0,0,1,0,0,0,0
1593,0,0,1,0,0,0,0
1610,0,0,0,0,3,2,0
1615,0,0,2,0,0,0,0
1618,0,0,1,0,0,0,0
1619,0,0,1,0,0,0,0
1621,0,0,1,0,0,0,0
1627,0,0,1,0,1,0,0
1628,0,0,1,0,0,0,0
1635,0,0,1,0,1,0,0
1636,0,0,1,0,0,0,0
1637,0,0,1,0,0,2,0
1638,0,0,1,0,0,0,0
1641,0,0,1,0,0,0,0
1646,0,0,1,0,0,0,0
1647,0,0,1,0,1,0,0
1670,0,0,1,0,0,0,0
1677,0,0,2,4,0,0,0
1688,0,0,0,0,0,0,1
1690,0,0,0,0,0,0,1
1693,0,0,1,0,0,0,0
1697,0,0,3,1,1,0,0
1698,0,0,1,0,0,0,0
1712,0,0,1,0,0,0,0
1714,0,0,1,0,0,0,0
1715,0,0,1,0,0,0,0
1716,0,0,0,1,0,0,0
1722,0,0,0,0,0,1,0
1742,0,0,0,1,0,0,0
1743,0,0,1,1,0,1,0
1744,0,0,1,0,0,0,0
1747,0,0,1,0,0,0,0
1752,0,0,1,0,0,0,0
1753,0,0,2,1,3,3,0
1754,0,0,0,4,0,0,0
1761,0,0,1,0,0,0,0
1764,0,0,0,2,1,0,0
1778,0,0,0,1,0,0,0
1791,0,0,1,0,0,0,0
1804,0,0,2,0,1,1,0
1810,0,0,1,0,0,1,0
1812,0,0,1,0,0,0,0
1823,0,0,0,1,0,0,0
1827,0,0,1,0,0,1,1
1832,0,0,1,0,0,0,0
1833,0,0,1,1,0,0,0
1840,0,0,0,2,0,0,0
1863,0,0,2,2,6,5,1
1875,0,0,0,0,0,0,5
1881,0,0,0,1,0,0,0
1889,0,0,1,0,0,0,0
1895,0,0,1,0,0,0,0
1897,0,0,1,0,0,0,0
1915,0,0,0,0,2,5,1
1917,0,0,1,0,0,0,0
1918,0,0,2,0,0,0,0
1919,0,0,3,1,0,0,0
1920,0,0,1,0,0,0,0
1921,0,0,3,2,1,1,0
1925,0,0,2,0,0,0,0
1930,0,0,1,0,0,0,0
1935,0,0,3,2,0,0,0
1936,0,0,0,1,0,0,0
1945,0,0,0,0,1,0,1
1949,0,0,1,0,0,0,0
1954,0,0,0,1,0,0,0
1957,0,0,1,0,0,0,0
1969,0,0,1,1,0,0,0
1982,0,0,3,2,0,0,0
1983,0,0,1,0,0,0,0
1986,0,0,1,0,0,0,0
1987,0,0,1,0,0,0,0
1989,0,0,1,0,0,0,0
1991,0,0,2,0,0,0,0
1992,0,0,1,0,0,0,0
1993,0,0,1,1,0,0,0
1994,0,0,1,0,0,0,0
1995,0,0,1,0,0,0,0
1997,0,0,1,1,0,0,0
2000,0,0,0,1,0,0,0
2003,0,0,2,0,0,1,0
2005,0,0,1,0,0,0,0
2006,0,0,1,0,0,0,0
2008,0,0,1,0,0,0,0
2009,0,0,0,1,0,0,0
2011,0,0,1,1,0,0,0
2015,0,0,1,1,0,3,0
2016,0,0,1,0,0,0,0
2017,0,0,3,1,0,0,0
2019,0,0,1,0,0,0,0
2020,0,0,1,0,0,0,0
2033,0,0,1,0,0,0,0
2037,0,0,1,1,0,0,0
2039,0,0,1,1,1,0,0
2041,0,0,1,0,0,0,0
2049,0,0,1,0,0,0,0
2051,0,0,1,1,0,0,0
2056,0,0,1,0,0,0,0
2062,0,0,1,0,0,0,0
2065,0,0,1,0,0,0,0
2070,0,0,1,1,0,2,0
2074,0,0,1,0,0,0,0
2075,0,0,1,0,0,0,0
2080,0,0,1,0,0,0,0
2083,0,0,1,0,0,0,0
2085,0,0,0,1,0,0,0
2091,0,0,1,1,0,0,0
2092,0,0,1,0,0,0,0
2104,0,0,0,1,0,0,0
2109,0,0,1,1,0,0,0
2123,0,0,1,1,0,0,0
2126,0,0,1,0,0,0,0
2135,0,0,1,1,0,0,0
2143,0,0,1,0,0,0,0
2146,0,0,1,0,0,0,0
2153,0,0,1,0,0,0,0
2159,0,0,1,0,0,0,0
2161,0,0,1,0,0,0,0
2167,0,0,4,4,1,1,0
2169,0,0,2,19,7,9,2
2174,0,0,1,0,0,0,0
2179,0,0,1,0,0,0,0
2339,0,0,1,0,0,0,0
2423,0,0,0,0,1,0,0
2443,0,0,1,0,0,0,0
2648,0,0,1,0,0,1,0
2808,0,0,1,0,0,0,0
2941,0,0,1,0,0,0,0
2963,0,0,1,0,0,0,0
2971,0,0,1,1,0,0,0
2985,0,0,2,3,0,0,0
3029,0,0,1,0,0,0,0
3047,0,0,1,0,0,0,0
3048,0,0,1,0,0,0,0
3054,0,0,1,0,0,0,0
3055,0,0,0,5,2,2,1
3064,0,0,1,0,0,0,0
3067,0,0,0,1,0,0,0
3071,0,0,1,0,0,0,0
3074,0,0,0,1,0,0,0
3085,0,0,1,0,0,0,0
3100,0,0,1,1,0,0,0
3101,0,0,1,1,0,0,0
3102,0,0,0,1,0,0,0
3128,0,0,1,2,0,9,4
3137,0,0,1,0,0,0,0
3140,0,0,1,2,0,0,0
3242,0,0,0,3,0,0,0
3250,0,0,0,2,0,0,0
3277,0,0,0,14,4,8,0
3309,0,0,0,0,0,2,0
3311,0,0,0,5,1,8,1
3339,0,0,0,0,7,6,2
3363,0,0,0,1,0,0,0
3391,0,0,0,1,0,0,0
3398,0,0,0,9,8,3,1
3402,0,0,1,1,1,1,0
3404,0,0,0,2,1,2,1
3406,0,0,0,1,2,1,1
3407,0,0,0,0,0,2,0
3408,0,0,0,1,2,0,0
3409,0,0,0,0,1,1,0
3410,0,0,2,1,0,1,0
3411,0,0,0,1,0,0,0
3413,0,0,0,1,1,1,0
3446,0,0,0,1,2,2,0
3447,0,0,1,1,1,0,0
3454,0,0,0,2,0,2,0
3455,0,0,0,1,0,0,0
3459,0,0,1,0,0,0,0
3469,0,0,0,2,1,1,0
3474,0,0,0,4,1,0,0
3482,0,0,1,0,0,0,0
3492,0,0,1,0,0,0,0
3495,0,0,0,1,4,3,1
3497,0,0,1,1,2,0,0
3498,0,0,0,4,1,0,0
3500,0,0,0,1,0,0,0
3501,0,0,1,0,0,0,0
3502,0,0,1,0,1,1,0
3511,0,0,0,2,0,0,0
3534,0,0,0,0,0,2,1
3543,0,0,0,1,0,0,0
3550,0,0,0,0,2,0,0
3576,0,0,0,0,0,1,0
3577,0,0,0,2,1,0,0
3597,0,0,0,1,0,0,0
3617,0,0,0,1,0,0,0
3618,0,0,0,1,0,0,0
3632,0,0,0,1,0,0,0
3641,0,0,0,1,0,0,0
3648,0,0,0,1,0,0,0
3672,0,0,0,1,0,0,0
3687,0,0,0,1,0,0,0
3716,0,0,0,1,0,0,0
3724,0,0,0,5,6,3,0
3733,0,0,0,1,0,0,0
3748,0,0,0,5,4,0,0
3761,0,0,0,0,0,1,0
3766,0,0,0,1,0,0,0
3775,0,0,0,0,0,1,0
3789,0,0,0,1,0,0,0
3801,0,0,0,21,3,3,0
3804,0,0,0,4,0,1,0
3807,0,0,0,4,2,0,0
3811,0,0,0,4,2,0,0
3812,0,0,0,1,0,0,0
3819,0,0,0,1,0,0,0
3821,0,0,0,2,1,0,0
3822,0,0,0,2,0,0,0
3823,0,0,0,1,0,0,0
3824,0,0,0,1,0,0,0
3847,0,0,0,1,0,0,0
3848,0,0,0,6,0,0,0
3856,0,0,0,1,0,0,0
3862,0,0,0,2,0,0,0
3863,0,0,0,1,0,0,0
3872,0,0,0,1,0,0,0
3873,0,0,0,0,0,1,0
3874,0,0,0,1,0,0,0
3876,0,0,0,1,0,0,0
3880,0,0,0,3,0,0,0
3882,0,0,0,4,0,1,0
3883,0,0,0,5,0,0,1
3886,0,0,0,2,0,1,0
3887,0,0,0,3,0,0,0
3888,0,0,0,1,0,0,0
3896,0,0,0,1,0,0,0
3897,0,0,0,1,0,0,0
3900,0,0,0,1,0,0,0
3901,0,0,0,1,0,0,0
3909,0,0,0,3,2,1,0
3915,0,0,0,1,0,0,0
3919,0,0,0,1,0,0,0
3937,0,0,0,2,0,0,0
3945,0,0,0,1,0,0,0
3947,0,0,0,1,0,0,0
3963,0,0,0,3,1,1,0
3977,0,0,0,1,0,0,0
3981,0,0,0,1,1,0,0
3987,0,0,0,3,1,2,0
3988,0,0,0,0,1,0,1
3989,0,0,0,6,0,1,0
3990,0,0,0,4,1,0,0
3996,0,0,0,1,0,0,0
3998,0,0,0,4,1,0,0
4000,0,0,0,1,0,0,0
4003,0,0,0,1,2,0,0
4006,0,0,0,1,1,2,0
4012,0,0,0,1,0,0,0
4014,0,0,0,1,0,0,0
4015,0,0,0,0,2,1,0
4016,0,0,0,1,1,0,0
4020,0,0,0,1,0,0,0
4022,0,0,0,2,0,0,0
4034,0,0,0,1,0,0,0
4057,0,0,0,1,0,1,0
4060,0,0,0,1,0,0,0
4104,0,0,0,1,0,0,0
4109,0,0,0,0,1,0,1
4115,0,0,0,1,2,0,0
4123,0,0,0,4,0,0,0
4128,0,0,0,0,1,1,0
4130,0,0,0,1,0,0,0
4135,0,0,0,2,0,1,0
4158,0,0,0,0,3,5,7
4162,0,0,0,3,0,0,0
4167,0,0,0,1,0,0,0
4173,0,0,0,1,0,0,0
4181,0,0,0,2,0,0,0
4187,0,0,0,1,0,0,0
4194,0,0,0,1,0,2,1
4196,0,0,0,1,0,2,0
4202,0,0,0,2,0,0,0
4206,0,0,0,1,0,0,0
4213,0,0,0,23,7,0,0
4219,0,0,0,4,1,0,0
4234,0,0,0,3,0,0,1
4245,0,0,0,1,0,0,0
4246,0,0,0,1,0,0,0
4247,0,0,0,3,0,0,1
4250,0,0,0,2,0,1,3
4254,0,0,0,0,0,1,0
4255,0,0,0,2,0,0,2
4256,0,0,0,1,0,0,1
4257,0,0,0,1,0,0,0
4258,0,0,0,2,0,0,1
4259,0,0,0,1,0,0,0
4260,0,0,0,1,0,3,1
4261,0,0,0,1,1,2,1
4262,0,0,0,1,0,0,0
4263,0,0,0,1,0,0,1
4265,0,0,0,4,0,3,2
4266,0,0,0,1,0,1,1
4267,0,0,0,1,0,0,1
4268,0,0,0,2,0,0,0
4270,0,0,0,1,0,3,3
4271,0,0,0,1,0,1,0
4273,0,0,0,1,0,0,0
4275,0,0,0,1,0,0,0
4277,0,0,0,2,0,0,1
4278,0,0,0,2,0,1,2
4279,0,0,0,1,0,0,2
4281,0,0,0,2,0,0,0
4284,0,0,0,1,0,0,0
4285,0,0,0,1,0,0,0
4286,0,0,0,1,0,0,0
4288,0,0,0,1,0,2,0
4290,0,0,0,1,0,0,0
4292,0,0,0,1,0,0,0
4299,0,0,0,1,0,0,0
4301,0,0,0,1,0,0,0
4304,0,0,0,0,0,0,1
4305,0,0,0,2,1,0,0
4307,0,0,0,1,1,1,0
4308,0,0,0,1,0,0,0
4309,0,0,0,1,0,0,0
4313,0,0,0,2,1,1,1
4314,0,0,0,1,0,0,1
4316,0,0,0,1,0,0,1
4317,0,0,0,1,0,2,1
4324,0,0,0,0,0,1,0
4326,0,0,0,0,0,0,1
4328,0,0,0,1,0,1,0
4329,0,0,0,2,0,1,2
4330,0,0,0,1,0,0,0
4331,0,0,0,3,0,0,0
4333,0,0,0,1,0,2,0
4334,0,0,0,2,2,0,0
4337,0,0,0,1,0,0,0
4342,0,0,0,2,1,0,0
4345,0,0,0,1,0,0,0
4350,0,0,0,1,0,1,2
4351,0,0,0,0,0,1,0
4355,0,0,0,1,0,0,0
4361,0,0,0,1,1,0,0
4365,0,0,0,1,0,0,0
4369,0,0,0,1,0,0,0
4373,0,0,0,1,0,0,0
4375,0,0,0,1,0,0,0
4376,0,0,0,0,1,0,1
4381,0,0,0,1,0,0,0
4384,0,0,0,1,0,0,0
4387,0,0,0,1,1,3,4
4393,0,0,0,1,0,0,0
4413,0,0,0,1,0,0,0
4433,0,0,0,0,0,1,0
4439,0,0,0,2,2,0,0
4461,0,0,0,1,0,0,0
4464,0,0,0,2,1,0,0
4485,0,0,0,1,0,0,0
4528,0,0,0,2,0,1,2
4545,0,0,0,0,0,1,0
4554,0,0,0,1,0,0,0
4595,0,0,0,1,0,0,0
4635,0,0,0,1,0,0,0
4636,0,0,0,0,3,1,1
4640,0,0,0,1,0,1,0
4647,0,0,0,0,1,0,0
4652,0,0,0,0,1,3,0
4666,0,0,0,0,0,0,2
4708,0,0,0,1,0,0,0
4719,0,0,0,3,0,0,0
4732,0,0,0,2,0,0,0
4744,0,0,0,0,0,1,3
4746,0,0,0,1,0,0,0
4747,0,0,0,3,0,1,0
4750,0,0,0,1,0,0,0
4755,0,0,0,1,0,0,0
4760,0,0,0,1,0,0,0
4762,0,0,0,1,0,0,0
4776,0,0,0,2,0,0,0
4782,0,0,0,2,0,0,0
4811,0,0,0,1,0,0,0
4813,0,0,0,2,1,4,0
4815,0,0,0,1,0,0,0
4817,0,0,0,1,0,0,0
4818,0,0,0,1,0,0,0
4820,0,0,0,2,0,0,0
4822,0,0,0,1,0,0,0
4831,0,0,0,3,1,0,0
4839,0,0,0,1,0,0,0
4843,0,0,0,2,0,0,0
4847,0,0,0,1,0,0,0
4852,0,0,0,2,0,0,0
4853,0,0,0,2,0,0,0
4856,0,0,0,1,0,0,0
4857,0,0,0,1,0,1,4
4858,0,0,0,1,0,2,1
4859,0,0,0,1,0,0,0
4862,0,0,0,0,1,0,0
4863,0,0,0,1,0,1,1
4864,0,0,0,1,0,1,0
4870,0,0,0,1,0,0,1
4871,0,0,0,1,0,0,0
4874,0,0,0,1,0,0,1
4875,0,0,0,2,0,0,0
4876,0,0,0,1,0,0,1
4878,0,0,0,1,0,0,0
4879,0,0,0,3,0,4,0
4884,0,0,0,2,0,1,0
4885,0,0,0,0,0,0,1
4886,0,0,0,2,1,0,0
4887,0,0,0,0,1,0,0
4888,0,0,0,1,1,2,0
4890,0,0,0,1,0,0,0
4891,0,0,0,3,0,0,0
4893,0,0,0,2,0,0,0
4894,0,0,0,2,0,0,0
4896,0,0,0,1,0,1,0
4901,0,0,0,1,0,0,0
4903,0,0,0,1,0,0,0
4906,0,0,0,1,0,0,1
4909,0,0,0,1,0,0,0
4910,0,0,0,1,0,0,1
4911,0,0,0,1,0,0,2
4912,0,0,0,1,0,0,0
4914,0,0,0,1,0,0,0
4915,0,0,0,3,0,0,0
4918,0,0,0,1,0,0,0
4927,0,0,0,1,0,0,0
4938,0,0,0,1,0,1,0
4940,0,0,0,1,0,1,3
4941,0,0,0,1,3,0,0
4943,0,0,0,0,0,2,2
4945,0,0,0,2,0,3,2
4946,0,0,0,0,0,0,1
4947,0,0,0,1,0,0,0
4948,0,0,0,1,0,0,0
4949,0,0,0,1,0,0,0
4953,0,0,0,1,0,0,0
4954,0,0,0,1,0,0,0
4955,0,0,0,1,0,1,0
4959,0,0,0,1,0,0,0
4960,0,0,0,1,0,0,0
4964,0,0,0,1,0,0,0
4965,0,0,0,1,1,0,0
4966,0,0,0,1,0,0,0
4967,0,0,0,2,0,2,1
4968,0,0,0,1,0,0,0
4969,0,0,0,1,0,0,0
4970,0,0,0,1,0,0,0
4987,0,0,0,1,0,0,0
4999,0,0,0,1,0,0,0
5005,0,0,0,0,0,0,1
5015,0,0,0,1,0,0,0
5017,0,0,0,1,1,0,0
5019,0,0,0,1,0,0,0
5021,0,0,0,2,0,0,0
5029,0,0,0,3,0,0,0
5034,0,0,0,1,0,3,4
5044,0,0,0,1,0,0,0
5093,0,0,0,1,0,0,0
5096,0,0,0,1,1,0,0
5099,0,0,0,1,0,0,0
5100,0,0,0,1,0,0,0
5105,0,0,0,1,1,0,0
5122,0,0,0,1,0,0,1
5130,0,0,0,1,1,1,2
5137,0,0,0,1,0,0,0
5141,0,0,0,1,1,0,0
5143,0,0,0,1,0,0,0
5144,0,0,0,1,1,0,0
5152,0,0,0,1,1,1,1
5154,0,0,0,0,0,1,0
5161,0,0,0,1,0,0,0
5162,0,0,0,1,0,0,0
5163,0,0,0,2,0,0,0
5169,0,0,0,1,0,0,0
5172,0,0,0,1,1,0,0
5179,0,0,0,1,0,0,0
5187,0,0,0,1,0,0,0
5188,0,0,0,1,0,0,0
5191,0,0,0,1,0,0,0
5194,0,0,0,1,0,0,0
5195,0,0,0,2,0,0,0
5196,0,0,0,1,0,0,0
5197,0,0,0,1,0,0,0
5303,0,0,0,1,0,0,0
5316,0,0,0,1,0,0,0
5319,0,0,0,0,0,1,0
5328,0,0,0,1,0,0,0
5356,0,0,0,1,2,3,3
5365,0,0,0,1,0,0,0
5406,0,0,0,0,0,1,0
5415,0,0,0,1,0,1,0
5417,0,0,0,1,0,0,0
5431,0,0,0,1,1,0,0
5434,0,0,0,3,1,0,0
5437,0,0,0,1,0,0,0
5439,0,0,0,1,1,1,0
5457,0,0,0,3,0,0,0
5458,0,0,0,1,0,0,0
5462,0,0,0,10,2,0,0
5475,0,0,0,0,0,1,0
5479,0,0,0,1,0,0,0
5489,0,0,0,1,3,0,0
5500,0,0,0,1,0,1,0
5502,0,0,0,1,0,0,0
5509,0,0,0,1,0,0,0
5513,0,0,0,1,0,0,0
5517,0,0,0,0,1,0,0
5536,0,0,0,1,0,0,0
5574,0,0,0,1,0,0,0
5584,0,0,0,2,1,0,0
5589,0,0,0,1,0,0,0
5591,0,0,0,1,0,0,0
5598,0,0,0,1,3,0,0
5600,0,0,0,1,0,0,0
5614,0,0,0,1,0,0,0
5615,0,0,0,0,0,3,1
5625,0,0,0,1,0,0,0
5630,0,0,0,2,0,0,0
5632,0,0,0,1,0,0,0
5641,0,0,0,1,1,0,0
5642,0,0,0,1,0,0,0
5652,0,0,0,1,0,0,0
5672,0,0,0,1,0,0,0
5676,0,0,0,3,5,1,0
5686,0,0,0,1,0,0,0
5687,0,0,0,1,0,0,0
5711,0,0,0,2,0,0,0
5718,0,0,0,1,0,0,0
5751,0,0,0,1,0,0,0
5762,0,0,0,1,0,1,0
5769,0,0,0,2,0,0,0
5770,0,0,0,2,1,0,0
5774,0,0,0,1,0,0,0
5777,0,0,0,1,0,0,0
5793,0,0,0,1,0,0,0
5805,0,0,0,1,0,0,0
5811,0,0,0,1,0,0,0
5813,0,0,0,0,1,0,1
5814,0,0,0,1,0,1,0
5817,0,0,0,1,0,0,0
5818,0,0,0,0,0,1,0
5819,0,0,0,3,1,0,1
5820,0,0,0,0,0,1,1
5821,0,0,0,0,0,0,2
5823,0,0,0,1,0,0,0
5832,0,0,0,1,0,0,0
5834,0,0,0,1,0,0,0
5835,0,0,0,1,0,0,0
5839,0,0,0,1,0,0,0
5852,0,0,0,2,0,0,0
5869,0,0,0,2,2,0,2
5871,0,0,0,1,0,0,0
5873,0,0,0,1,0,0,0
5878,0,0,0,1,0,0,0
5926,0,0,0,2,1,0,0
5940,0,0,0,1,1,0,0
5987,0,0,0,1,0,0,0
5994,0,0,0,3,0,3,0
5998,0,0,0,6,3,0,0
5999,0,0,0,2,1,0,0
6004,0,0,0,1,2,0,0
6005,0,0,0,2,0,0,0
6008,0,0,0,1,0,0,0
6015,0,0,0,1,0,0,0
6031,0,0,0,1,0,0,0
6056,0,0,0,2,0,0,0
6075,0,0,0,1,0,0,0
6084,0,0,0,1,1,0,0
6085,0,0,0,0,1,0,0
6108,0,0,0,1,0,0,0
6111,0,0,0,0,1,0,0
6124,0,0,0,1,0,0,0
6126,0,0,0,1,1,0,0
6128,0,0,0,0,0,0,1
6129,0,0,0,1,0,0,0
6147,0,0,0,1,0,0,0
6148,0,0,0,0,0,1,0
6160,0,0,0,2,0,0,0
6162,0,0,0,1,0,0,0
6165,0,0,0,1,0,0,0
6166,0,0,0,1,0,0,0
6188,0,0,0,3,1,0,0
6216,0,0,0,1,0,0,0
6224,0,0,0,1,0,0,0
6226,0,0,0,2,0,0,0
6229,0,0,0,2,0,0,0
6231,0,0,0,0,1,1,0
6232,0,0,0,1,0,0,0
6234,0,0,0,1,0,0,0
6240,0,0,0,1,0,0,0
6257,0,0,0,1,0,0,0
6258,0,0,0,1,0,0,0
6260,0,0,0,0,0,1,2
6262,0,0,0,1,0,0,0
6265,0,0,0,0,0,0,1
6269,0,0,0,0,0,0,1
6274,0,0,0,1,0,0,0
6283,0,0,0,1,0,0,1
6288,0,0,0,1,0,0,2
6291,0,0,0,1,0,0,0
6297,0,0,0,2,0,0,0
6311,0,0,0,0,0,1,0
6317,0,0,0,0,0,1,1
6322,0,0,0,1,0,0,0
6325,0,0,0,1,0,0,0
6327,0,0,0,1,0,0,0
6337,0,0,0,1,0,0,0
6345,0,0,0,1,1,0,0
6358,0,0,0,0,0,0,1
6379,0,0,0,1,0,0,0
6423,0,0,0,2,0,0,0
6433,0,0,0,2,1,0,0
6477,0,0,0,1,0,0,0
6503,0,0,0,1,0,0,0
6504,0,0,0,1,0,1,0
6507,0,0,0,1,1,0,0
6508,0,0,0,1,0,0,0
6510,0,0,0,2,0,0,0
6518,0,0,0,5,5,0,1
6540,0,0,0,1,0,0,0
6550,0,0,0,1,0,0,0
6558,0,0,0,0,3,0,0
6565,0,0,0,0,0,1,0
6600,0,0,0,1,0,0,0
6612,0,0,0,0,0,3,0
6678,0,0,0,1,0,0,0
6705,0,0,0,0,2,3,2
6712,0,0,0,1,0,0,0
6722,0,0,0,1,1,0,1
6723,0,0,0,0,0,2,0
6724,0,0,0,3,1,4,0
6725,0,0,0,1,2,5,4
6726,0,0,0,1,1,0,0
6727,0,0,0,1,0,0,0
6734,0,0,0,0,1,1,0
6736,0,0,0,1,1,1,0
6739,0,0,0,1,0,0,0
6742,0,0,0,2,2,4,0
6743,0,0,0,0,1,2,0
6744,0,0,0,0,0,0,1
6746,0,0,0,0,0,1,0
6749,0,0,0,0,1,0,0
6756,0,0,0,2,0,0,0
6760,0,0,0,2,4,0,2
6762,0,0,0,5,9,1,0
6764,0,0,0,0,1,3,0
6766,0,0,0,1,0,0,0
6767,0,0,0,0,2,1,0
6770,0,0,0,1,1,3,6
6783,0,0,0,0,2,1,1
6785,0,0,0,3,0,3,0
6792,0,0,0,1,0,0,0
6793,0,0,0,0,1,2,0
6794,0,0,0,1,2,6,0
6796,0,0,0,1,0,0,0
6807,0,0,0,1,0,0,0
6820,0,0,0,1,3,1,0
6852,0,0,0,1,0,0,0
6854,0,0,0,2,1,1,0
6874,0,0,0,1,0,0,0
6890,0,0,0,1,0,0,0
6900,0,0,0,0,0,0,1
6901,0,0,0,1,0,0,0
6903,0,0,0,1,0,0,0
6904,0,0,0,1,1,3,0
6905,0,0,0,2,0,0,0
6907,0,0,0,1,1,1,1
6908,0,0,0,1,0,2,0
6913,0,0,0,1,3,7,6
6914,0,0,0,1,2,9,1
6920,0,0,0,1,1,3,3
6923,0,0,0,1,0,0,0
6924,0,0,0,0,2,1,1
6938,0,0,0,0,2,0,0
6951,0,0,0,0,1,0,0
6963,0,0,0,1,0,4,0
6967,0,0,0,1,0,0,0
6968,0,0,0,0,0,1,0
6977,0,0,0,1,0,0,0
6981,0,0,0,1,0,0,0
7001,0,0,0,1,0,0,0
7003,0,0,0,1,0,0,0
7014,0,0,0,1,0,0,0
7015,0,0,0,1,0,0,0
7024,0,0,0,1,0,2,0
7033,0,0,0,2,0,0,0
7037,0,0,0,1,0,1,0
7038,0,0,0,0,2,0,0
7041,0,0,0,1,0,0,0
7043,0,0,0,1,0,0,0
7045,0,0,0,1,0,0,0
7046,0,0,0,1,1,0,0
7047,0,0,0,1,3,0,0
7053,0,0,0,1,0,2,0
7055,0,0,0,0,1,0,0
7059,0,0,0,1,0,0,0
7064,0,0,0,0,2,4,0
7066,0,0,0,0,1,0,0
7068,0,0,0,0,1,0,0
7071,0,0,0,1,2,0,0
7075,0,0,0,1,1,2,2
7076,0,0,0,1,0,0,0
7089,0,0,0,1,0,0,0
7095,0,0,0,1,0,0,0
7111,0,0,0,1,0,0,0
7126,0,0,0,1,0,0,0
7129,0,0,0,1,0,0,0
7150,0,0,0,1,0,0,0
7155,0,0,0,0,28,46,3
7158,0,0,0,1,0,0,0
7161,0,0,0,1,0,0,0
7163,0,0,0,1,0,0,0
7185,0,0,0,0,0,1,0
7193,0,0,0,0,1,0,0
7198,0,0,0,2,0,0,0
7206,0,0,0,1,0,0,0
7216,0,0,0,1,0,1,0
7221,0,0,0,0,1,0,0
7223,0,0,0,0,1,0,0
7224,0,0,0,1,1,0,0
7227,0,0,0,1,0,0,0
7228,0,0,0,0,0,1,0
7231,0,0,0,1,0,0,0
7233,0,0,0,1,0,0,0
7241,0,0,0,0,1,0,0
7243,0,0,0,0,1,0,0
7244,0,0,0,0,1,0,0
7245,0,0,0,1,0,0,0
7246,0,0,0,1,4,2,2
7249,0,0,0,1,2,2,2
7252,0,0,0,0,1,0,0
7255,0,0,0,1,0,0,0
7262,0,0,0,0,0,2,0
7267,0,0,0,1,0,0,0
7276,0,0,0,1,1,0,0
7279,0,0,0,1,0,1,1
7282,0,0,0,1,0,0,0
7283,0,0,0,0,1,2,1
7285,0,0,0,1,0,2,0
7286,0,0,0,1,0,0,0
7292,0,0,0,1,0,0,0
7294,0,0,0,1,0,0,0
7296,0,0,0,1,2,3,1
7299,0,0,0,1,0,0,0
7303,0,0,0,1,0,0,0
7322,0,0,0,1,0,0,0
7328,0,0,0,1,0,0,0
7332,0,0,0,1,0,0,0
7334,0,0,0,1,0,0,0
7340,0,0,0,0,0,1,0
7346,0,0,0,1,0,0,0
7348,0,0,0,0,0,1,0
7363,0,0,0,1,0,0,0
7367,0,0,0,1,1,0,0
7376,0,0,0,1,3,0,0
7394,0,0,0,1,0,1,0
7403,0,0,0,0,0,2,0
7412,0,0,0,1,7,0,2
7420,0,0,0,1,0,0,0
7464,0,0,0,1,0,0,0
7469,0,0,0,0,1,1,1
7472,0,0,0,1,4,0,0
7477,0,0,0,1,0,0,0
7480,0,0,0,1,0,0,0
7488,0,0,0,1,0,0,0
7496,0,0,0,1,0,0,0
7500,0,0,0,1,0,1,0
7508,0,0,0,1,0,0,0
7509,0,0,0,0,0,0,1
7518,0,0,0,0,1,0,0
7521,0,0,0,0,4,12,4
7526,0,0,0,0,0,1,0
7529,0,0,0,1,0,0,0
7530,0,0,0,0,1,0,0
7532,0,0,0,1,1,1,0
7534,0,0,0,1,3,10,4
7535,0,0,0,0,1,0,0
7536,0,0,0,0,3,3,0
7538,0,0,0,0,2,0,0
7540,0,0,0,1,0,1,0
7545,0,0,0,0,1,2,1
7546,0,0,0,1,0,0,0
7550,0,0,0,0,2,0,3
7553,0,0,0,0,0,1,0
7555,0,0,0,1,0,3,1
7569,0,0,0,0,1,0,0
7580,0,0,0,1,1,4,1
7581,0,0,0,0,3,2,0
7586,0,0,0,0,3,4,2
7594,0,0,0,0,1,0,0
7598,0,0,0,0,3,4,1
7602,0,0,0,0,1,0,1
7606,0,0,0,0,2,3,0
7611,0,0,0,0,1,2,0
7612,0,0,0,0,3,26,29
7617,0,0,0,0,3,13,1
7621,0,0,0,0,1,0,0
7624,0,0,0,0,1,0,0
7626,0,0,0,0,1,0,0
7628,0,0,0,0,2,2,0
7629,0,0,0,0,2,2,0
7630,0,0,0,0,1,0,0
7631,0,0,0,0,3,2,0
7636,0,0,0,0,1,0,0
7639,0,0,0,0,1,0,0
7649,0,0,0,0,2,0,0
7655,0,0,0,0,1,1,0
7656,0,0,0,0,1,2,0
7657,0,0,0,0,1,0,0
7658,0,0,0,0,2,0,0
7661,0,0,0,0,2,0,1
7662,0,0,0,0,2,4,3
7666,0,0,0,0,4,7,3
7668,0,0,0,0,1,0,0
7670,0,0,0,0,1,1,0
7671,0,0,0,0,2,0,0
7691,0,0,0,0,1,0,0
7716,0,0,0,0,1,0,0
7721,0,0,0,0,1,1,3
7722,0,0,0,0,1,3,0
7723,0,0,0,0,1,3,1
7728,0,0,0,0,1,4,0
7729,0,0,0,0,2,0,2
7730,0,0,0,0,1,0,0
7734,0,0,0,0,2,3,1
7739,0,0,0,0,1,0,0
7745,0,0,0,0,1,0,1
7747,0,0,0,0,1,1,2
7753,0,0,0,0,1,0,1
7754,0,0,0,0,2,1,2
7770,0,0,0,0,5,4,0
7782,0,0,0,0,2,0,0
7783,0,0,0,0,1,2,0
7794,0,0,0,0,1,0,0
7810,0,0,0,0,1,0,0
7815,0,0,0,0,1,5,0
7816,0,0,0,0,2,5,3
7817,0,0,0,0,0,0,1
7846,0,0,0,0,1,0,0
7847,0,0,0,0,1,0,0
7848,0,0,0,0,0,0,1
7849,0,0,0,0,2,1,1
7851,0,0,0,0,1,0,0
7852,0,0,0,0,1,0,0
7853,0,0,0,0,1,0,0
7856,0,0,0,0,1,0,0
7858,0,0,0,0,3,1,0
7860,0,0,0,0,4,4,1
7864,0,0,0,0,1,2,0
7867,0,0,0,0,0,0,2
7868,0,0,0,0,3,0,0
7870,0,0,0,0,1,0,0
7875,0,0,0,0,0,1,0
7882,0,0,0,0,1,1,0
7885,0,0,0,0,1,0,0
7890,0,0,0,0,1,0,0
7893,0,0,0,0,1,5,2
7894,0,0,0,0,0,1,0
7897,0,0,0,0,1,0,0
7899,0,0,0,0,2,1,2
7901,0,0,0,0,1,3,1
7904,0,0,0,0,2,1,0
7905,0,0,0,0,1,1,0
7906,0,0,0,0,3,3,0
7909,0,0,0,0,1,0,0
7910,0,0,0,0,0,0,1
7911,0,0,0,0,0,0,1
7915,0,0,0,0,1,0,0
7927,0,0,0,0,1,5,0
7929,0,0,0,0,1,0,0
7932,0,0,0,0,1,0,0
7935,0,0,0,0,1,2,2
7937,0,0,0,0,1,0,0
7941,0,0,0,0,1,0,0
7943,0,0,0,0,1,1,0
7944,0,0,0,0,1,0,0
7947,0,0,0,0,2,0,0
7958,0,0,0,0,1,0,0
7960,0,0,0,0,1,0,1
7966,0,0,0,0,2,0,0
7974,0,0,0,0,2,1,0
7996,0,0,0,0,0,2,0
7997,0,0,0,0,1,0,0
7998,0,0,0,0,2,0,0
8002,0,0,0,0,1,0,0
8006,0,0,0,0,2,2,2
8015,0,0,0,0,3,0,0
8019,0,0,0,0,2,0,0
8037,0,0,0,0,1,2,1
8050,0,0,0,0,2,3,2
8052,0,0,0,0,3,0,0
8053,0,0,0,0,1,1,0
8054,0,0,0,0,1,0,0
8069,0,0,0,0,1,0,0
8081,0,0,0,0,1,0,0
8088,0,0,0,0,0,1,1
8093,0,0,0,0,2,0,0
8098,0,0,0,0,2,0,0
8108,0,0,0,0,0,1,1
8119,0,0,0,0,4,4,0
8121,0,0,0,0,2,2,0
8124,0,0,0,0,1,0,0
8127,0,0,0,0,1,0,0
8128,0,0,0,0,0,1,0
8133,0,0,0,0,2,0,0
8148,0,0,0,0,1,0,0
8149,0,0,0,0,1,2,0
8153,0,0,0,0,1,0,0
8167,0,0,0,0,1,2,0
8177,0,0,0,0,1,2,0
8179,0,0,0,0,3,4,2
8202,0,0,0,0,2,0,0
8214,0,0,0,0,1,0,0
8215,0,0,0,0,1,0,0
8217,0,0,0,0,1,1,0
8228,0,0,0,0,1,0,0
8232,0,0,0,0,1,0,0
8242,0,0,0,0,1,0,3
8247,0,0,0,0,1,0,0
8248,0,0,0,0,1,0,0
8252,0,0,0,0,1,0,0
8255,0,0,0,0,1,0,0
8258,0,0,0,0,28,27,5
8265,0,0,0,0,3,6,3
8266,0,0,0,0,1,0,0
8268,0,0,0,0,1,0,0
8270,0,0,0,0,2,0,0
8273,0,0,0,0,1,0,0
8280,0,0,0,0,1,0,0
8292,0,0,0,0,1,0,0
8316,0,0,0,0,4,2,1
8326,0,0,0,0,1,0,0
8328,0,0,0,0,1,0,0
8330,0,0,0,0,1,0,0
8335,0,0,0,0,1,0,0
8340,0,0,0,0,1,0,0
8344,0,0,0,0,1,0,0
8345,0,0,0,0,1,0,0
8350,0,0,0,0,1,0,0
8359,0,0,0,0,0,1,0
8395,0,0,0,0,1,1,0
8415,0,0,0,0,0,3,0
8433,0,0,0,0,1,0,0
8438,0,0,0,0,1,0,0
8457,0,0,0,0,1,0,0
8477,0,0,0,0,1,0,0
8538,0,0,0,0,1,1,0
8544,0,0,0,0,1,0,0
8549,0,0,0,0,1,0,0
8567,0,0,0,0,1,2,0
8572,0,0,0,0,1,1,1
8573,0,0,0,0,0,1,0
8574,0,0,0,0,1,0,0
8575,0,0,0,0,4,5,1
8602,0,0,0,0,1,0,1
8605,0,0,0,0,0,2,0
8610,0,0,0,0,2,0,0
8615,0,0,0,0,1,4,3
8619,0,0,0,0,1,1,0
8620,0,0,0,0,1,0,0
8621,0,0,0,0,1,0,0
8634,0,0,0,0,1,3,0
8635,0,0,0,0,3,2,2
8637,0,0,0,0,1,0,0
8638,0,0,0,0,1,1,0
8640,0,0,0,0,2,3,3
8641,0,0,0,0,2,1,0
8646,0,0,0,0,1,0,0
8647,0,0,0,0,2,0,0
8662,0,0,0,0,1,0,0
8665,0,0,0,0,1,0,0
8668,0,0,0,0,2,1,3
8670,0,0,0,0,0,3,0
8672,0,0,0,0,2,0,0
8689,0,0,0,0,3,0,0
8694,0,0,0,0,1,0,0
8728,0,0,0,0,1,0,0
8732,0,0,0,0,1,0,0
8745,0,0,0,0,1,0,0
8746,0,0,0,0,1,0,0
8747,0,0,0,0,1,0,0
8750,0,0,0,0,1,0,0
8770,0,0,0,0,1,0,0
8771,0,0,0,0,1,0,0
8791,0,0,0,0,2,0,0
8806,0,0,0,0,1,0,0
8848,0,0,0,0,1,0,0
8902,0,0,0,0,1,0,0
8906,0,0,0,0,1,5,2
8922,0,0,0,0,1,0,0
8925,0,0,0,0,1,0,1
8979,0,0,0,0,0,1,0
9000,0,0,0,0,1,4,4
9003,0,0,0,0,1,0,0
9004,0,0,0,0,1,0,0
9006,0,0,0,0,7,5,0
9019,0,0,0,0,0,1,0
9021,0,0,0,0,2,0,0
9022,0,0,0,0,1,0,0
9023,0,0,0,0,1,0,0
9024,0,0,0,0,1,0,0
9026,0,0,0,0,1,0,0
9029,0,0,0,0,1,0,0
9042,0,0,0,0,1,1,1
9069,0,0,0,0,2,0,0
9075,0,0,0,0,2,1,1
9076,0,0,0,0,2,4,1
9077,0,0,0,0,1,1,4
9078,0,0,0,0,1,0,0
9080,0,0,0,0,2,4,6
9083,0,0,0,0,1,6,3
9086,0,0,0,0,1,0,0
9099,0,0,0,0,2,1,0
9100,0,0,0,0,0,0,2
9111,0,0,0,0,1,1,0
9117,0,0,0,0,2,0,0
9118,0,0,0,0,2,2,1
9119,0,0,0,0,1,0,2
9129,0,0,0,0,1,0,0
9131,0,0,0,0,1,0,0
9132,0,0,0,0,1,0,0
9133,0,0,0,0,1,0,0
9135,0,0,0,0,2,6,9
9150,0,0,0,0,1,2,0
9154,0,0,0,0,0,0,2
9156,0,0,0,0,1,10,6
9160,0,0,0,0,3,5,0
9168,0,0,0,0,1,0,0
9169,0,0,0,0,1,0,1
9170,0,0,0,0,1,0,0
9171,0,0,0,0,1,0,0
9174,0,0,0,0,0,1,0
9177,0,0,0,0,1,0,0
9187,0,0,0,0,4,1,0
9190,0,0,0,0,1,0,0
9194,0,0,0,0,0,2,0
9219,0,0,0,0,0,1,0
9228,0,0,0,0,1,0,0
9242,0,0,0,0,2,2,2
9252,0,0,0,0,1,0,0
9261,0,0,0,0,1,0,0
9293,0,0,0,0,1,0,0
9299,0,0,0,0,1,0,0
9314,0,0,0,0,1,0,0
9315,0,0,0,0,1,0,0
9326,0,0,0,0,1,0,0
9343,0,0,0,0,4,6,2
9347,0,0,0,0,2,1,0
9349,0,0,0,0,3,1,3
9352,0,0,0,0,2,2,2
9353,0,0,0,0,0,0,1
9356,0,0,0,0,1,0,0
9358,0,0,0,0,1,0,0
9360,0,0,0,0,1,0,0
9376,0,0,0,0,2,3,0
9379,0,0,0,0,1,0,0
9382,0,0,0,0,1,0,0
9383,0,0,0,0,0,4,4
9385,0,0,0,0,1,0,1
9386,0,0,0,0,0,5,1
9387,0,0,0,0,1,0,0
9393,0,0,0,0,1,0,1
9399,0,0,0,0,0,7,4
9407,0,0,0,0,0,15,14
9415,0,0,0,0,2,0,0
9417,0,0,0,0,1,0,0
9428,0,0,0,0,1,0,0
9443,0,0,0,0,1,0,0
9459,0,0,0,0,1,1,0
9468,0,0,0,0,1,0,0
9469,0,0,0,0,1,0,0
9482,0,0,0,0,7,3,0
9494,0,0,0,0,1,0,0
9512,0,0,0,0,1,7,2
9513,0,0,0,0,2,1,1
9530,0,0,0,0,1,0,0
9547,0,0,0,0,1,6,1
9572,0,0,0,0,0,0,1
9579,0,0,0,0,0,2,4
9654,0,0,0,0,0,2,0
9661,0,0,0,0,0,1,0
9665,0,0,0,0,1,0,0
9667,0,0,0,0,0,6,3
9668,0,0,0,0,1,3,2
9670,0,0,0,0,1,1,0
9673,0,0,0,0,0,1,0
9674,0,0,0,0,2,5,0
9676,0,0,0,0,1,0,1
9677,0,0,0,0,0,1,0
9683,0,0,0,0,1,2,1
9686,0,0,0,0,1,0,0
9689,0,0,0,0,1,0,0
9692,0,0,0,0,0,1,1
9696,0,0,0,0,1,5,1
9697,0,0,0,0,1,0,4
9698,0,0,0,0,1,5,3
9703,0,0,0,0,1,0,0
9711,0,0,0,0,0,8,5
9713,0,0,0,0,0,3,2
9714,0,0,0,0,1,2,7
9717,0,0,0,0,1,0,0
9718,0,0,0,0,0,1,0
9719,0,0,0,0,0,5,3
9731,0,0,0,0,0,1,0
9745,0,0,0,0,0,1,0
9748,0,0,0,0,1,2,0
9759,0,0,0,0,1,1,2
9765,0,0,0,0,1,1,0
9781,0,0,0,0,1,3,2
9783,0,0,0,0,1,3,4
9784,0,0,0,0,1,1,0
9800,0,0,0,0,0,1,0
9809,0,0,0,0,1,0,2
9813,0,0,0,0,1,5,0
9817,0,0,0,0,0,0,1
9818,0,0,0,0,1,0,0
9837,0,0,0,0,1,0,0
9857,0,0,0,0,1,0,0
9861,0,0,0,0,0,2,3
9862,0,0,0,0,2,0,0
9872,0,0,0,0,1,2,0
9874,0,0,0,0,1,1,1
9883,0,0,0,0,1,0,0
9887,0,0,0,0,0,2,0
9891,0,0,0,0,1,0,0
9893,0,0,0,0,2,1,0
9906,0,0,0,0,2,0,0
9907,0,0,0,0,0,1,0
9917,0,0,0,0,1,5,2
9924,0,0,0,0,1,0,0
9925,0,0,0,0,2,1,0
9929,0,0,0,0,1,2,0
9937,0,0,0,0,0,1,0
9938,0,0,0,0,1,0,0
9947,0,0,0,0,1,0,0
9985,0,0,0,0,0,2,0
10000,0,0,0,0,1,1,0
10008,0,0,0,0,0,1,0
10013,0,0,0,0,0,1,0
10036,0,0,0,0,0,4,0
10041,0,0,0,0,1,0,0
10043,0,0,0,0,0,1,0
10061,0,0,0,0,1,0,1
10084,0,0,0,0,1,0,0
10104,0,0,0,0,0,0,1
10108,0,0,0,0,0,0,1
10114,0,0,0,0,1,0,0
10129,0,0,0,0,0,0,6
10130,0,0,0,0,0,5,2
10131,0,0,0,0,3,0,2
10132,0,0,0,0,2,0,0
10133,0,0,0,0,0,0,1
10135,0,0,0,0,0,1,2
10138,0,0,0,0,1,2,2
10140,0,0,0,0,1,1,2
10143,0,0,0,0,1,0,0
10160,0,0,0,0,1,0,0
10161,0,0,0,0,0,1,0
10163,0,0,0,0,0,1,2
10172,0,0,0,0,2,1,0
10173,0,0,0,0,1,1,0
10187,0,0,0,0,0,0,4
10192,0,0,0,0,1,0,0
10194,0,0,0,0,1,0,0
10196,0,0,0,0,1,0,0
10198,0,0,0,0,1,1,0
10199,0,0,0,0,1,2,0
10200,0,0,0,0,0,0,1
10202,0,0,0,0,2,1,0
10205,0,0,0,0,0,0,1
10211,0,0,0,0,0,4,4
10212,0,0,0,0,1,2,1
10231,0,0,0,0,1,0,0
10234,0,0,0,0,0,5,4
10235,0,0,0,0,1,0,0
10244,0,0,0,0,1,1,2
10246,0,0,0,0,1,0,0
10255,0,0,0,0,0,0,1
10310,0,0,0,0,1,1,1
10315,0,0,0,0,0,1,0
10321,0,0,0,0,1,0,0
10322,0,0,0,0,1,1,1
10332,0,0,0,0,1,0,0
10345,0,0,0,0,0,1,0
10359,0,0,0,0,1,0,0
10363,0,0,0,0,1,0,0
10364,0,0,0,0,1,0,2
10369,0,0,0,0,0,3,1
10388,0,0,0,0,0,0,3
10392,0,0,0,0,0,4,5
10397,0,0,0,0,2,4,0
10399,0,0,0,0,0,3,0
10414,0,0,0,0,1,1,0
10417,0,0,0,0,1,3,0
10429,0,0,0,0,1,0,0
10432,0,0,0,0,2,1,5
10433,0,0,0,0,0,0,1
10439,0,0,0,0,3,5,1
10440,0,0,0,0,0,1,0
10449,0,0,0,0,0,3,5
10453,0,0,0,0,0,0,4
10469,0,0,0,0,1,1,0
10495,0,0,0,0,2,32,16
10497,0,0,0,0,1,0,0
10501,0,0,0,0,1,0,0
10506,0,0,0,0,2,0,0
10517,0,0,0,0,1,0,0
10529,0,0,0,0,1,1,0
10542,0,0,0,0,2,3,4
10545,0,0,0,0,2,0,2
10560,0,0,0,0,1,0,0
10566,0,0,0,0,0,1,1
10570,0,0,0,0,1,0,0
10575,0,0,0,0,0,0,1
10581,0,0,0,0,2,1,0
10584,0,0,0,0,1,2,0
10592,0,0,0,0,0,0,1
10597,0,0,0,0,1,0,2
10621,0,0,0,0,0,0,1
10651,0,0,0,0,1,0,0
10666,0,0,0,0,1,0,0
10673,0,0,0,0,0,3,0
10676,0,0,0,0,0,2,1
10679,0,0,0,0,0,0,1
10680,0,0,0,0,1,0,0
10684,0,0,0,0,0,2,3
10691,0,0,0,0,1,0,0
10693,0,0,0,0,1,0,1
10694,0,0,0,0,1,0,0
10698,0,0,0,0,1,0,0
10699,0,0,0,0,1,0,0
10703,0,0,0,0,1,0,0
10709,0,0,0,0,1,1,0
10710,0,0,0,0,1,0,0
10716,0,0,0,0,1,0,0
10717,0,0,0,0,1,0,0
10723,0,0,0,0,1,2,0
10728,0,0,0,0,1,0,0
10729,0,0,0,0,1,0,0
10735,0,0,0,0,2,1,0
10740,0,0,0,0,0,2,0
10745,0,0,0,0,0,2,1
10755,0,0,0,0,1,0,0
10759,0,0,0,0,1,1,1
10770,0,0,0,0,1,1,0
10773,0,0,0,0,1,0,0
10778,0,0,0,0,0,1,0
10786,0,0,0,0,1,1,0
10793,0,0,0,0,2,0,0
10801,0,0,0,0,0,1,1
10804,0,0,0,0,1,0,0
10806,0,0,0,0,2,0,0
10812,0,0,0,0,0,2,0
10813,0,0,0,0,1,1,1
10817,0,0,0,0,1,0,0
10840,0,0,0,0,3,0,0
10848,0,0,0,0,1,0,0
10853,0,0,0,0,3,0,1
10857,0,0,0,0,1,0,0
10861,0,0,0,0,1,0,0
10872,0,0,0,0,1,6,7
10880,0,0,0,0,1,0,0
10886,0,0,0,0,0,0,1
10888,0,0,0,0,1,0,0
10897,0,0,0,0,0,1,1
10899,0,0,0,0,1,2,5
10913,0,0,0,0,0,2,0
10925,0,0,0,0,2,0,0
10950,0,0,0,0,1,1,0
10951,0,0,0,0,0,1,0
10957,0,0,0,0,1,0,0
10966,0,0,0,0,0,4,3
10969,0,0,0,0,0,0,1
10977,0,0,0,0,0,1,0
10990,0,0,0,0,2,0,0
11004,0,0,0,0,1,0,0
11029,0,0,0,0,1,0,0
11053,0,0,0,0,0,2,1
11055,0,0,0,0,1,1,0
11057,0,0,0,0,0,0,1
11061,0,0,0,0,0,1,0
11070,0,0,0,0,1,0,0
11076,0,0,0,0,0,1,0
11084,0,0,0,0,0,1,2
11104,0,0,0,0,1,3,0
11118,0,0,0,0,1,0,0
11128,0,0,0,0,1,0,0
11130,0,0,0,0,1,0,0
11154,0,0,0,0,1,0,0
11167,0,0,0,0,1,0,0
11186,0,0,0,0,1,0,0
11187,0,0,0,0,1,0,0
11197,0,0,0,0,1,0,0
11199,0,0,0,0,1,0,0
11207,0,0,0,0,0,1,1
11222,0,0,0,0,1,0,0
11224,0,0,0,0,1,0,0
11229,0,0,0,0,1,0,0
11236,0,0,0,0,1,0,0
11237,0,0,0,0,1,0,0
11241,0,0,0,0,1,0,0
11249,0,0,0,0,0,0,1
11250,0,0,0,0,2,0,0
11256,0,0,0,0,1,0,0
11258,0,0,0,0,1,0,0
11262,0,0,0,0,1,0,0
11290,0,0,0,0,0,1,0
11297,0,0,0,0,1,0,0
11318,0,0,0,0,1,0,0
11324,0,0,0,0,1,0,0
11330,0,0,0,0,0,1,1
11346,0,0,0,0,1,0,0
11352,0,0,0,0,4,4,0
11354,0,0,0,0,0,5,1
11358,0,0,0,0,1,0,0
11359,0,0,0,0,1,0,0
11364,0,0,0,0,1,0,0
11368,0,0,0,0,3,8,2
11369,0,0,0,0,1,0,0
11370,0,0,0,0,1,2,0
11378,0,0,0,0,1,1,0
11383,0,0,0,0,1,2,0
11387,0,0,0,0,0,1,1
11390,0,0,0,0,1,0,0
11401,0,0,0,0,1,0,0
11405,0,0,0,0,1,6,1
11406,0,0,0,0,1,0,0
11409,0,0,0,0,1,1,0
11413,0,0,0,0,0,1,0
11418,0,0,0,0,0,1,1
11420,0,0,0,0,1,0,0
11431,0,0,0,0,0,1,1
11433,0,0,0,0,0,4,0
11435,0,0,0,0,1,1,0
11436,0,0,0,0,1,0,0
11440,0,0,0,0,0,0,1
11458,0,0,0,0,0,2,0
11465,0,0,0,0,2,2,0
11497,0,0,0,0,0,0,1
11498,0,0,0,0,1,0,0
11499,0,0,0,0,1,0,0
11500,0,0,0,0,1,0,0
11501,0,0,0,0,1,0,0
11503,0,0,0,0,1,0,0
11530,0,0,0,0,0,1,0
11536,0,0,0,0,1,0,0
11547,0,0,0,0,1,0,0
11548,0,0,0,0,1,2,0
11556,0,0,0,0,1,0,0
11558,0,0,0,0,2,4,0
11559,0,0,0,0,0,1,0
11571,0,0,0,0,1,1,0
11579,0,0,0,0,2,0,0
11584,0,0,0,0,1,0,0
11585,0,0,0,0,0,1,0
11595,0,0,0,0,0,1,0
11597,0,0,0,0,0,0,7
11598,0,0,0,0,0,1,0
11624,0,0,0,0,1,0,0
11630,0,0,0,0,1,0,0
11659,0,0,0,0,0,1,1
11662,0,0,0,0,1,0,0
11680,0,0,0,0,0,0,1
11681,0,0,0,0,0,1,0
11688,0,0,0,0,1,0,0
11689,0,0,0,0,0,1,0
11699,0,0,0,0,1,1,0
11707,0,0,0,0,1,1,0
11709,0,0,0,0,1,0,0
11710,0,0,0,0,1,0,0
11713,0,0,0,0,1,0,0
11714,0,0,0,0,1,3,0
11715,0,0,0,0,1,0,0
11716,0,0,0,0,1,0,0
11722,0,0,0,0,1,1,0
11724,0,0,0,0,1,0,0
11729,0,0,0,0,0,2,1
11731,0,0,0,0,1,1,0
11737,0,0,0,0,2,2,0
11738,0,0,0,0,1,1,1
11741,0,0,0,0,1,3,0
11743,0,0,0,0,1,1,2
11748,0,0,0,0,1,0,0
11749,0,0,0,0,4,6,0
11751,0,0,0,0,1,1,0
11755,0,0,0,0,1,0,0
11758,0,0,0,0,1,0,0
11760,0,0,0,0,1,0,0
11763,0,0,0,0,1,0,0
11767,0,0,0,0,1,0,0
11770,0,0,0,0,0,6,6
11772,0,0,0,0,1,1,0
11774,0,0,0,0,1,0,0
11778,0,0,0,0,2,0,0
11788,0,0,0,0,1,0,0
11790,0,0,0,0,1,0,0
11793,0,0,0,0,1,0,0
11794,0,0,0,0,1,0,0
11797,0,0,0,0,1,0,0
11799,0,0,0,0,1,0,0
11801,0,0,0,0,1,2,0
11811,0,0,0,0,1,0,0
11814,0,0,0,0,0,0,1
11816,0,0,0,0,0,1,0
11818,0,0,0,0,0,1,0
11821,0,0,0,0,2,2,2
11823,0,0,0,0,0,0,1
11829,0,0,0,0,1,0,0
11831,0,0,0,0,1,0,3
11845,0,0,0,0,1,0,0
11850,0,0,0,0,1,13,0
11852,0,0,0,0,0,2,0
11856,0,0,0,0,1,1,0
11868,0,0,0,0,1,1,0
11870,0,0,0,0,1,0,0
11875,0,0,0,0,2,3,1
11901,0,0,0,0,1,0,0
11902,0,0,0,0,0,1,0
11924,0,0,0,0,1,0,0
11943,0,0,0,0,0,2,0
11964,0,0,0,0,0,1,0
11965,0,0,0,0,1,0,0
11977,0,0,0,0,1,0,0
11979,0,0,0,0,0,0,2
12097,0,0,0,0,0,1,0
12127,0,0,0,0,1,0,0
12142,0,0,0,0,1,0,0
12187,0,0,0,0,1,1,0
12193,0,0,0,0,0,0,1
12254,0,0,0,0,2,4,0
12258,0,0,0,0,2,1,1
12267,0,0,0,0,0,3,0
12278,0,0,0,0,3,4,2
12289,0,0,0,0,1,2,1
12292,0,0,0,0,2,6,2
12294,0,0,0,0,1,4,0
12295,0,0,0,0,1,0,0
12297,0,0,0,0,1,2,0
12299,0,0,0,0,1,0,0
12303,0,0,0,0,1,0,0
12304,0,0,0,0,0,8,1
12312,0,0,0,0,1,0,0
12318,0,0,0,0,1,6,0
12327,0,0,0,0,1,0,0
12344,0,0,0,0,0,0,1
12348,0,0,0,0,0,2,2
12367,0,0,0,0,1,0,0
12369,0,0,0,0,0,13,6
12370,0,0,0,0,1,0,0
12371,0,0,0,0,1,0,0
12378,0,0,0,0,1,0,0
12379,0,0,0,0,0,1,0
12384,0,0,0,0,2,1,0
12401,0,0,0,0,1,0,0
12402,0,0,0,0,3,0,4
12420,0,0,0,0,0,0,2
12424,0,0,0,0,0,1,0
12428,0,0,0,0,1,1,0
12429,0,0,0,0,1,0,0
12430,0,0,0,0,1,0,0
12431,0,0,0,0,1,3,0
12433,0,0,0,0,1,1,0
12435,0,0,0,0,0,1,0
12437,0,0,0,0,0,1,0
12440,0,0,0,0,1,0,0
12441,0,0,0,0,1,0,0
12456,0,0,0,0,0,0,1
12458,0,0,0,0,0,1,0
12463,0,0,0,0,1,0,0
12465,0,0,0,0,0,1,7
12467,0,0,0,0,1,0,0
12469,0,0,0,0,0,1,0
12472,0,0,0,0,0,1,2
12473,0,0,0,0,0,1,0
12478,0,0,0,0,1,0,0
12479,0,0,0,0,1,0,0
12480,0,0,0,0,1,3,0
12483,0,0,0,0,0,1,0
12484,0,0,0,0,1,0,0
12485,0,0,0,0,1,0,0
12489,0,0,0,0,1,2,1
12497,0,0,0,0,0,7,0
12500,0,0,0,0,1,1,0
12501,0,0,0,0,1,0,1
12503,0,0,0,0,1,0,1
12504,0,0,0,0,2,0,0
12505,0,0,0,0,1,2,0
12506,0,0,0,0,1,0,0
12507,0,0,0,0,1,0,0
12508,0,0,0,0,2,2,0
12509,0,0,0,0,1,0,0
12519,0,0,0,0,1,1,4
12523,0,0,0,0,1,0,0
12528,0,0,0,0,1,0,0
12535,0,0,0,0,2,1,1
12540,0,0,0,0,2,0,0
12541,0,0,0,0,1,0,0
12544,0,0,0,0,0,2,0
12549,0,0,0,0,0,1,0
12559,0,0,0,0,0,2,0
12565,0,0,0,0,0,3,1
12566,0,0,0,0,0,4,4
12585,0,0,0,0,0,1,0
12589,0,0,0,0,1,2,0
12596,0,0,0,0,0,0,1
12605,0,0,0,0,1,5,1
12633,0,0,0,0,0,1,0
12644,0,0,0,0,1,0,0
12648,0,0,0,0,0,0,3
12654,0,0,0,0,1,0,1
12689,0,0,0,0,1,0,0
12702,0,0,0,0,1,2,0
12723,0,0,0,0,1,0,0
12727,0,0,0,0,1,0,0
12743,0,0,0,0,0,1,1
12744,0,0,0,0,0,11,6
12746,0,0,0,0,1,0,0
12761,0,0,0,0,1,1,1
12769,0,0,0,0,0,1,0
12773,0,0,0,0,1,0,0
12784,0,0,0,0,1,0,0
12785,0,0,0,0,1,0,0
12804,0,0,0,0,1,0,0
12830,0,0,0,0,0,1,0
12835,0,0,0,0,1,0,0
12836,0,0,0,0,1,2,0
12842,0,0,0,0,1,1,0
12853,0,0,0,0,1,0,0
12874,0,0,0,0,0,1,2
12887,0,0,0,0,1,0,0
12944,0,0,0,0,0,1,1
12951,0,0,0,0,0,1,0
12955,0,0,0,0,1,1,1
12960,0,0,0,0,1,0,1
12961,0,0,0,0,1,1,0
12987,0,0,0,0,1,1,0
13013,0,0,0,0,1,0,0
13014,0,0,0,0,0,1,0
13020,0,0,0,0,1,4,2
13040,0,0,0,0,1,0,0
13046,0,0,0,0,0,4,2
13051,0,0,0,0,1,2,0
13078,0,0,0,0,0,1,0
13088,0,0,0,0,0,2,0
13096,0,0,0,0,0,1,0
13109,0,0,0,0,0,1,0
13120,0,0,0,0,0,1,2
13129,0,0,0,0,0,1,0
13134,0,0,0,0,0,1,0
13154,0,0,0,0,0,1,0
13157,0,0,0,0,1,1,0
13160,0,0,0,0,0,1,0
13201,0,0,0,0,0,5,0
13202,0,0,0,0,0,1,0
13203,0,0,0,0,0,2,0
13207,0,0,0,0,0,1,0
13210,0,0,0,0,0,1,1
13212,0,0,0,0,0,1,0
13215,0,0,0,0,0,4,0
13220,0,0,0,0,1,1,0
13228,0,0,0,0,0,0,1
13230,0,0,0,0,0,4,3
13237,0,0,0,0,0,1,0
13242,0,0,0,0,0,1,2
13244,0,0,0,0,0,2,0
13248,0,0,0,0,0,2,0
13252,0,0,0,0,0,5,2
13257,0,0,0,0,0,10,0
13272,0,0,0,0,0,1,0
13287,0,0,0,0,1,0,0
13293,0,0,0,0,0,1,0
13310,0,0,0,0,0,1,2
13320,0,0,0,0,0,9,5
13335,0,0,0,0,0,1,1
13359,0,0,0,0,0,1,1
13362,0,0,0,0,0,2,1
13368,0,0,0,0,0,1,0
13401,0,0,0,0,0,3,1
13436,0,0,0,0,0,1,1
13438,0,0,0,0,0,0,1
13477,0,0,0,0,0,1,0
13479,0,0,0,0,0,6,1
13506,0,0,0,0,0,2,0
13533,0,0,0,0,0,3,2
13542,0,0,0,0,0,2,0
13549,0,0,0,0,0,1,0
13552,0,0,0,0,0,3,1
13570,0,0,0,0,0,5,0
13632,0,0,0,0,0,2,0
13635,0,0,0,0,0,7,0
13637,0,0,0,0,0,1,0
13645,0,0,0,0,0,2,1
13647,0,0,0,0,0,1,0
13652,0,0,0,0,0,1,0
13655,0,0,0,0,0,4,2
13659,0,0,0,0,0,0,1
13665,0,0,0,0,0,1,0
13683,0,0,0,0,0,10,9
13694,0,0,0,0,0,1,1
13696,0,0,0,0,0,1,0
13697,0,0,0,0,0,5,0
13699,0,0,0,0,0,0,1
13700,0,0,0,0,0,3,10
13701,0,0,0,0,0,6,7
13702,0,0,0,0,0,2,0
13708,0,0,0,0,0,1,0
13714,0,0,0,0,0,1,0
13723,0,0,0,0,0,1,0
13730,0,0,0,0,0,1,0
13736,0,0,0,0,0,2,1
13738,0,0,0,0,0,1,0
13754,0,0,0,0,0,1,0
13756,0,0,0,0,0,1,0
13761,0,0,0,0,0,2,0
13764,0,0,0,0,0,1,2
13766,0,0,0,0,0,3,0
13770,0,0,0,0,0,1,0
13776,0,0,0,0,0,1,0
13785,0,0,0,0,0,1,0
13806,0,0,0,0,0,2,3
13824,0,0,0,0,0,1,1
13829,0,0,0,0,0,1,1
13850,0,0,0,0,0,1,0
13860,0,0,0,0,0,3,0
13883,0,0,0,0,0,3,1
13903,0,0,0,0,0,2,0
13907,0,0,0,0,0,1,0
13922,0,0,0,0,0,1,0
13932,0,0,0,0,0,1,0
13945,0,0,0,0,0,1,3
13946,0,0,0,0,0,0,1
13985,0,0,0,0,0,1,0
13995,0,0,0,0,0,2,0
13998,0,0,0,0,0,4,0
13999,0,0,0,0,0,2,2
14005,0,0,0,0,0,2,0
14022,0,0,0,0,0,1,0
14028,0,0,0,0,0,1,0
14044,0,0,0,0,0,20,12
14045,0,0,0,0,0,2,1
14050,0,0,0,0,0,7,1
14057,0,0,0,0,0,3,3
14068,0,0,0,0,0,1,0
14080,0,0,0,0,0,0,1
14112,0,0,0,0,0,2,0
14115,0,0,0,0,0,1,1
14118,0,0,0,0,0,1,0
14131,0,0,0,0,0,7,6
14137,0,0,0,0,0,1,3
14148,0,0,0,0,0,1,0
14152,0,0,0,0,0,1,0
14154,0,0,0,0,0,1,0
14156,0,0,0,0,0,1,0
14159,0,0,0,0,0,1,0
14175,0,0,0,0,0,2,1
14182,0,0,0,0,0,2,0
14194,0,0,0,0,0,3,1
14196,0,0,0,0,0,5,0
14197,0,0,0,0,0,0,1
14198,0,0,0,0,0,2,0
14209,0,0,0,0,0,5,0
14211,0,0,0,0,0,1,0
14216,0,0,0,0,0,1,0
14219,0,0,0,0,0,1,0
14245,0,0,0,0,0,1,0
14253,0,0,0,0,0,2,0
14267,0,0,0,0,0,0,1
14274,0,0,0,0,0,1,2
14284,0,0,0,0,0,17,0
14297,0,0,0,0,0,9,2
14299,0,0,0,0,0,1,0
14302,0,0,0,0,0,6,0
14314,0,0,0,0,0,2,1
14315,0,0,0,0,0,0,1
14317,0,0,0,0,0,1,1
14320,0,0,0,0,0,1,0
14326,0,0,0,0,0,0,2
14327,0,0,0,0,0,0,1
14333,0,0,0,0,0,2,0
14339,0,0,0,0,0,1,0
14342,0,0,0,0,0,0,1
14343,0,0,0,0,0,1,1
14345,0,0,0,0,0,1,5
14350,0,0,0,0,0,2,0
14360,0,0,0,0,0,0,2
14367,0,0,0,0,0,2,0
14377,0,0,0,0,0,1,0
14388,0,0,0,0,0,0,1
14394,0,0,0,0,0,1,0
14405,0,0,0,0,0,3,0
14412,0,0,0,0,0,3,0
14437,0,0,0,0,0,3,1
14444,0,0,0,0,0,3,0
14448,0,0,0,0,0,1,0
14456,0,0,0,0,0,3,2
14462,0,0,0,0,0,1,0
14472,0,0,0,0,0,3,1
14484,0,0,0,0,0,2,0
14516,0,0,0,0,0,1,0
14517,0,0,0,0,0,1,0
14536,0,0,0,0,0,1,0
14541,0,0,0,0,0,1,0
14563,0,0,0,0,0,1,0
14613,0,0,0,0,0,2,0
14615,0,0,0,0,0,1,0
14617,0,0,0,0,0,1,0
14628,0,0,0,0,0,1,0
14649,0,0,0,0,0,1,0
14661,0,0,0,0,0,3,0
14668,0,0,0,0,0,0,1
14679,0,0,0,0,0,4,3
14683,0,0,0,0,0,2,0
14717,0,0,0,0,0,1,0
14718,0,0,0,0,0,1,0
14735,0,0,0,0,0,1,0
14737,0,0,0,0,0,1,0
14769,0,0,0,0,0,1,1
14771,0,0,0,0,0,0,2
14773,0,0,0,0,0,1,0
14774,0,0,0,0,0,2,2
14789,0,0,0,0,0,1,0
14804,0,0,0,0,0,0,1
14805,0,0,0,0,0,2,0
14812,0,0,0,0,0,1,0
14815,0,0,0,0,0,5,0
14818,0,0,0,0,0,1,1
14819,0,0,0,0,0,1,1
14839,0,0,0,0,0,2,1
14862,0,0,0,0,0,1,0
14863,0,0,0,0,0,6,3
14867,0,0,0,0,0,1,0
14871,0,0,0,0,0,2,0
14880,0,0,0,0,0,1,0
14884,0,0,0,0,0,1,0
14885,0,0,0,0,0,1,1
14887,0,0,0,0,0,1,0
14894,0,0,0,0,0,2,1
14897,0,0,0,0,0,2,0
14915,0,0,0,0,0,1,0
14929,0,0,0,0,0,2,1
14934,0,0,0,0,0,1,0
14944,0,0,0,0,0,1,0
14956,0,0,0,0,0,1,0
14960,0,0,0,0,0,1,0
14979,0,0,0,0,0,3,0
14993,0,0,0,0,0,1,0
14994,0,0,0,0,0,2,1
15016,0,0,0,0,0,2,0
15030,0,0,0,0,0,1,0
15042,0,0,0,0,0,3,1
15047,0,0,0,0,0,0,3
15050,0,0,0,0,0,0,1
15069,0,0,0,0,0,1,0
15074,0,0,0,0,0,3,1
15092,0,0,0,0,0,3,1
15093,0,0,0,0,0,2,1
15100,0,0,0,0,0,0,2
15111,0,0,0,0,0,1,0
15115,0,0,0,0,0,0,2
15120,0,0,0,0,0,0,1
15149,0,0,0,0,0,0,4
15175,0,0,0,0,0,1,0
15177,0,0,0,0,0,1,0
15187,0,0,0,0,0,1,0
15208,0,0,0,0,0,0,1
15214,0,0,0,0,0,0,1
15229,0,0,0,0,0,1,0
15232,0,0,0,0,0,10,9
15245,0,0,0,0,0,1,0
15249,0,0,0,0,0,4,1
15277,0,0,0,0,0,2,0
15289,0,0,0,0,0,1,0
15320,0,0,0,0,0,1,0
15325,0,0,0,0,0,1,0
15338,0,0,0,0,0,2,0
15356,0,0,0,0,0,1,0
15397,0,0,0,0,0,1,0
15434,0,0,0,0,0,5,3
15482,0,0,0,0,0,1,0
15485,0,0,0,0,0,1,0
15486,0,0,0,0,0,1,3
15492,0,0,0,0,0,1,0
15496,0,0,0,0,0,3,1
15498,0,0,0,0,0,4,0
15500,0,0,0,0,0,1,0
15504,0,0,0,0,0,1,0
15507,0,0,0,0,0,1,0
15510,0,0,0,0,0,2,0
15511,0,0,0,0,0,0,1
15543,0,0,0,0,0,1,0
15544,0,0,0,0,0,1,0
15546,0,0,0,0,0,1,0
15558,0,0,0,0,0,1,1
15560,0,0,0,0,0,1,0
15573,0,0,0,0,0,1,0
15575,0,0,0,0,0,1,0
15587,0,0,0,0,0,0,1
15588,0,0,0,0,0,2,0
15592,0,0,0,0,0,0,1
15610,0,0,0,0,0,1,0
15611,0,0,0,0,0,2,1
15617,0,0,0,0,0,4,3
15621,0,0,0,0,0,1,0
15627,0,0,0,0,0,43,6
15638,0,0,0,0,0,1,0
15666,0,0,0,0,0,1,0
15668,0,0,0,0,0,1,0
15669,0,0,0,0,0,3,2
15675,0,0,0,0,0,1,1
15683,0,0,0,0,0,0,3
15691,0,0,0,0,0,1,0
15702,0,0,0,0,0,1,1
15716,0,0,0,0,0,1,0
15733,0,0,0,0,0,1,0
15753,0,0,0,0,0,1,0
15786,0,0,0,0,0,1,0
15801,0,0,0,0,0,2,1
15819,0,0,0,0,0,1,0
15849,0,0,0,0,0,1,1
15893,0,0,0,0,0,1,0
15901,0,0,0,0,0,1,0
15902,0,0,0,0,0,2,1
15913,0,0,0,0,0,1,0
15916,0,0,0,0,0,1,0
15925,0,0,0,0,0,2,0
15938,0,0,0,0,0,6,2
15955,0,0,0,0,0,1,0
15976,0,0,0,0,0,2,0
15992,0,0,0,0,0,4,0
15995,0,0,0,0,0,1,0
16003,0,0,0,0,0,1,0
16012,0,0,0,0,0,1,0
16013,0,0,0,0,0,2,0
16021,0,0,0,0,0,1,0
16028,0,0,0,0,0,2,0
16030,0,0,0,0,0,1,1
16041,0,0,0,0,0,1,0
16042,0,0,0,0,0,1,0
16052,0,0,0,0,0,3,0
16055,0,0,0,0,0,1,0
16057,0,0,0,0,0,1,0
16065,0,0,0,0,0,1,0
16070,0,0,0,0,0,1,0
16080,0,0,0,0,0,1,2
16129,0,0,0,0,0,1,0
16137,0,0,0,0,0,1,0
16139,0,0,0,0,0,2,0
16144,0,0,0,0,0,0,2
16147,0,0,0,0,0,1,0
16154,0,0,0,0,0,1,0
16158,0,0,0,0,0,1,1
16162,0,0,0,0,0,2,0
16164,0,0,0,0,0,2,0
16168,0,0,0,0,0,0,1
16174,0,0,0,0,0,1,0
16181,0,0,0,0,0,1,0
16182,0,0,0,0,0,2,1
16184,0,0,0,0,0,1,0
16187,0,0,0,0,0,3,3
16200,0,0,0,0,0,1,0
16208,0,0,0,0,0,4,1
16215,0,0,0,0,0,2,0
16238,0,0,0,0,0,5,0
16245,0,0,0,0,0,1,0
16247,0,0,0,0,0,3,2
16251,0,0,0,0,0,1,1
16252,0,0,0,0,0,2,0
16253,0,0,0,0,0,0,1
16260,0,0,0,0,0,2,0
16261,0,0,0,0,0,2,0
16262,0,0,0,0,0,2,1
16265,0,0,0,0,0,2,0
16268,0,0,0,0,0,1,0
16271,0,0,0,0,0,1,0
16279,0,0,0,0,0,1,0
16283,0,0,0,0,0,1,0
16284,0,0,0,0,0,0,1
16287,0,0,0,0,0,1,0
16299,0,0,0,0,0,2,0
16311,0,0,0,0,0,1,1
16312,0,0,0,0,0,1,0
16324,0,0,0,0,0,1,0
16331,0,0,0,0,0,1,0
16336,0,0,0,0,0,3,0
16339,0,0,0,0,0,0,2
16347,0,0,0,0,0,2,0
16368,0,0,0,0,0,0,1
16371,0,0,0,0,0,1,1
16375,0,0,0,0,0,1,1
16379,0,0,0,0,0,1,0
16386,0,0,0,0,0,1,0
16389,0,0,0,0,0,2,0
16398,0,0,0,0,0,2,0
16399,0,0,0,0,0,1,0
16401,0,0,0,0,0,1,0
16402,0,0,0,0,0,0,1
16403,0,0,0,0,0,2,6
16417,0,0,0,0,0,2,0
16421,0,0,0,0,0,0,3
16427,0,0,0,0,0,4,7
16442,0,0,0,0,0,1,0
16461,0,0,0,0,0,0,1
16464,0,0,0,0,0,0,1
16480,0,0,0,0,0,1,0
16482,0,0,0,0,0,1,0
16485,0,0,0,0,0,1,0
16496,0,0,0,0,0,1,0
16499,0,0,0,0,0,6,3
16502,0,0,0,0,0,1,0
16507,0,0,0,0,0,1,0
16514,0,0,0,0,0,1,0
16517,0,0,0,0,0,1,0
16538,0,0,0,0,0,0,2
16540,0,0,0,0,0,1,0
16541,0,0,0,0,0,1,0
16559,0,0,0,0,0,1,1
16569,0,0,0,0,0,0,1
16575,0,0,0,0,0,1,0
16594,0,0,0,0,0,1,4
16596,0,0,0,0,0,1,0
16611,0,0,0,0,0,1,0
16657,0,0,0,0,0,1,0
16672,0,0,0,0,0,1,0
16673,0,0,0,0,0,1,0
16688,0,0,0,0,0,1,0
16710,0,0,0,0,0,1,0
16722,0,0,0,0,0,1,0
16729,0,0,0,0,0,1,0
16733,0,0,0,0,0,1,0
16760,0,0,0,0,0,1,0
16764,0,0,0,0,0,1,1
16777,0,0,0,0,0,0,2
16786,0,0,0,0,0,2,0
16791,0,0,0,0,0,1,0
16792,0,0,0,0,0,1,0
16797,0,0,0,0,0,38,1
16807,0,0,0,0,0,1,0
16810,0,0,0,0,0,3,1
16813,0,0,0,0,0,1,0
16817,0,0,0,0,0,1,0
16826,0,0,0,0,0,2,1
16827,0,0,0,0,0,1,0
16832,0,0,0,0,0,1,0
16858,0,0,0,0,0,0,1
16902,0,0,0,0,0,1,0
16905,0,0,0,0,0,0,3
16910,0,0,0,0,0,0,2
16917,0,0,0,0,0,2,2
16919,0,0,0,0,0,1,0
16920,0,0,0,0,0,1,0
16930,0,0,0,0,0,1,0
16949,0,0,0,0,0,1,0
16957,0,0,0,0,0,1,2
16968,0,0,0,0,0,2,1
16993,0,0,0,0,0,2,1
16999,0,0,0,0,0,2,0
17002,0,0,0,0,0,1,0
17003,0,0,0,0,0,1,0
17008,0,0,0,0,0,1,0
17009,0,0,0,0,0,0,1
17022,0,0,0,0,0,1,0
17031,0,0,0,0,0,1,0
17051,0,0,0,0,0,1,0
17059,0,0,0,0,0,4,6
17081,0,0,0,0,0,2,1
17092,0,0,0,0,0,1,0
17095,0,0,0,0,0,8,5
17099,0,0,0,0,0,1,0
17101,0,0,0,0,0,7,0
17113,0,0,0,0,0,0,3
17121,0,0,0,0,0,1,0
17125,0,0,0,0,0,1,0
17131,0,0,0,0,0,1,1
17144,0,0,0,0,0,3,1
17145,0,0,0,0,0,1,0
17150,0,0,0,0,0,2,0
17162,0,0,0,0,0,1,0
17169,0,0,0,0,0,1,0
17179,0,0,0,0,0,1,0
17180,0,0,0,0,0,1,0
17200,0,0,0,0,0,2,0
17208,0,0,0,0,0,1,0
17212,0,0,0,0,0,0,3
17216,0,0,0,0,0,1,1
17220,0,0,0,0,0,2,2
17222,0,0,0,0,0,1,1
17224,0,0,0,0,0,1,0
17226,0,0,0,0,0,3,0
17228,0,0,0,0,0,1,0
17230,0,0,0,0,0,1,0
17231,0,0,0,0,0,2,0
17232,0,0,0,0,0,1,0
17239,0,0,0,0,0,1,0
17255,0,0,0,0,0,7,5
17256,0,0,0,0,0,1,0
17258,0,0,0,0,0,4,2
17268,0,0,0,0,0,1,0
17284,0,0,0,0,0,3,3
17287,0,0,0,0,0,2,0
17288,0,0,0,0,0,2,0
17292,0,0,0,0,0,1,0
17301,0,0,0,0,0,1,0
17304,0,0,0,0,0,1,0
17307,0,0,0,0,0,2,3
17308,0,0,0,0,0,1,0
17309,0,0,0,0,0,1,0
17310,0,0,0,0,0,1,0
17319,0,0,0,0,0,2,1
17320,0,0,0,0,0,1,0
17321,0,0,0,0,0,3,3
17323,0,0,0,0,0,1,0
17324,0,0,0,0,0,1,0
17327,0,0,0,0,0,1,1
17334,0,0,0,0,0,1,0
17357,0,0,0,0,0,3,0
17358,0,0,0,0,0,1,0
17359,0,0,0,0,0,1,0
17360,0,0,0,0,0,1,0
17365,0,0,0,0,0,3,1
17367,0,0,0,0,0,0,1
17368,0,0,0,0,0,0,1
17369,0,0,0,0,0,2,0
17391,0,0,0,0,0,1,1
17394,0,0,0,0,0,0,1
17402,0,0,0,0,0,3,1
17406,0,0,0,0,0,0,2
17423,0,0,0,0,0,1,0
17424,0,0,0,0,0,1,0
17434,0,0,0,0,0,1,0
17435,0,0,0,0,0,1,0
17444,0,0,0,0,0,2,2
17446,0,0,0,0,0,1,0
17449,0,0,0,0,0,3,0
17450,0,0,0,0,0,6,2
17456,0,0,0,0,0,1,0
17457,0,0,0,0,0,2,2
17461,0,0,0,0,0,3,0
17463,0,0,0,0,0,1,0
17464,0,0,0,0,0,3,2
17465,0,0,0,0,0,3,0
17466,0,0,0,0,0,1,1
17468,0,0,0,0,0,2,3
17473,0,0,0,0,0,2,0
17479,0,0,0,0,0,1,0
17486,0,0,0,0,0,3,4
17494,0,0,0,0,0,1,0
17505,0,0,0,0,0,5,0
17506,0,0,0,0,0,0,1
17524,0,0,0,0,0,1,0
17528,0,0,0,0,0,2,0
17529,0,0,0,0,0,1,0
17541,0,0,0,0,0,1,0
17544,0,0,0,0,0,1,0
17545,0,0,0,0,0,2,0
17558,0,0,0,0,0,1,0
17573,0,0,0,0,0,0,1
17579,0,0,0,0,0,0,1
17580,0,0,0,0,0,2,3
17582,0,0,0,0,0,1,0
17612,0,0,0,0,0,1,0
17617,0,0,0,0,0,1,0
17619,0,0,0,0,0,1,0
17632,0,0,0,0,0,1,0
17647,0,0,0,0,0,1,0
17648,0,0,0,0,0,1,1
17653,0,0,0,0,0,2,0
17660,0,0,0,0,0,1,0
17686,0,0,0,0,0,1,0
17701,0,0,0,0,0,1,0
17708,0,0,0,0,0,1,0
17716,0,0,0,0,0,3,1
17739,0,0,0,0,0,2,0
17746,0,0,0,0,0,2,0
17751,0,0,0,0,0,4,0
17758,0,0,0,0,0,2,1
17770,0,0,0,0,0,1,0
17776,0,0,0,0,0,1,1
17802,0,0,0,0,0,0,2
17816,0,0,0,0,0,1,0
17834,0,0,0,0,0,1,0
17863,0,0,0,0,0,0,1
17871,0,0,0,0,0,0,2
17900,0,0,0,0,0,1,0
17910,0,0,0,0,0,1,0
17913,0,0,0,0,0,1,0
17925,0,0,0,0,0,1,0
17948,0,0,0,0,0,1,0
17949,0,0,0,0,0,1,0
17960,0,0,0,0,0,2,0
17974,0,0,0,0,0,1,0
17984,0,0,0,0,0,1,0
17987,0,0,0,0,0,3,1
18003,0,0,0,0,0,0,2
18005,0,0,0,0,0,1,1
18017,0,0,0,0,0,3,1
18055,0,0,0,0,0,1,0
18057,0,0,0,0,0,1,0
18058,0,0,0,0,0,0,1
18088,0,0,0,0,0,1,0
18089,0,0,0,0,0,1,0
18098,0,0,0,0,0,1,1
18106,0,0,0,0,0,1,0
18119,0,0,0,0,0,2,0
18133,0,0,0,0,0,1,0
18143,0,0,0,0,0,2,1
18144,0,0,0,0,0,1,0
18147,0,0,0,0,0,6,3
18158,0,0,0,0,0,0,2
18160,0,0,0,0,0,2,3
18161,0,0,0,0,0,1,0
18165,0,0,0,0,0,3,0
18167,0,0,0,0,0,1,0
18171,0,0,0,0,0,3,1
18176,0,0,0,0,0,4,4
18190,0,0,0,0,0,1,1
18199,0,0,0,0,0,1,0
18218,0,0,0,0,0,1,0
18227,0,0,0,0,0,3,3
18234,0,0,0,0,0,1,6
18237,0,0,0,0,0,2,0
18239,0,0,0,0,0,1,0
18242,0,0,0,0,0,1,1
18251,0,0,0,0,0,1,0
18255,0,0,0,0,0,2,5
18259,0,0,0,0,0,1,0
18261,0,0,0,0,0,1,0
18267,0,0,0,0,0,2,4
18279,0,0,0,0,0,1,0
18286,0,0,0,0,0,0,1
18298,0,0,0,0,0,1,0
18299,0,0,0,0,0,1,0
18300,0,0,0,0,0,1,0
18331,0,0,0,0,0,1,2
18342,0,0,0,0,0,1,0
18359,0,0,0,0,0,1,3
18366,0,0,0,0,0,1,1
18367,0,0,0,0,0,1,0
18373,0,0,0,0,0,5,3
18375,0,0,0,0,0,2,0
18376,0,0,0,0,0,2,1
18377,0,0,0,0,0,4,3
18410,0,0,0,0,0,0,2
18422,0,0,0,0,0,2,13
18439,0,0,0,0,0,2,0
18444,0,0,0,0,0,1,2
18452,0,0,0,0,0,2,3
18453,0,0,0,0,0,0,1
18460,0,0,0,0,0,1,1
18471,0,0,0,0,0,1,0
18473,0,0,0,0,0,0,1
18489,0,0,0,0,0,1,0
18497,0,0,0,0,0,0,1
18502,0,0,0,0,0,1,1
18513,0,0,0,0,0,1,0
18517,0,0,0,0,0,1,0
18519,0,0,0,0,0,1,0
18527,0,0,0,0,0,1,0
18533,0,0,0,0,0,1,6
18547,0,0,0,0,0,0,1
18548,0,0,0,0,0,1,0
18551,0,0,0,0,0,1,0
18552,0,0,0,0,0,1,0
18571,0,0,0,0,0,1,0
18572,0,0,0,0,0,1,0
18573,0,0,0,0,0,1,0
18578,0,0,0,0,0,1,0
18582,0,0,0,0,0,1,0
18588,0,0,0,0,0,1,1
18592,0,0,0,0,0,2,0
18594,0,0,0,0,0,1,0
18597,0,0,0,0,0,1,0
18603,0,0,0,0,0,2,0
18606,0,0,0,0,0,1,0
18608,0,0,0,0,0,1,0
18609,0,0,0,0,0,1,2
18613,0,0,0,0,0,1,0
18616,0,0,0,0,0,1,0
18622,0,0,0,0,0,1,0
18623,0,0,0,0,0,1,1
18625,0,0,0,0,0,2,1
18626,0,0,0,0,0,1,1
18628,0,0,0,0,0,0,2
18634,0,0,0,0,0,1,0
18640,0,0,0,0,0,3,1
18643,0,0,0,0,0,6,0
18649,0,0,0,0,0,1,0
18656,0,0,0,0,0,2,2
18664,0,0,0,0,0,2,1
18667,0,0,0,0,0,3,0
18678,0,0,0,0,0,1,0
18679,0,0,0,0,0,0,1
18680,0,0,0,0,0,2,1
18681,0,0,0,0,0,2,3
18688,0,0,0,0,0,1,0
18695,0,0,0,0,0,1,2
18723,0,0,0,0,0,1,0
18735,0,0,0,0,0,1,1
18736,0,0,0,0,0,1,0
18763,0,0,0,0,0,1,0
18770,0,0,0,0,0,1,2
18774,0,0,0,0,0,1,2
18789,0,0,0,0,0,1,0
18797,0,0,0,0,0,1,0
18798,0,0,0,0,0,1,0
18817,0,0,0,0,0,0,4
18822,0,0,0,0,0,2,5
18824,0,0,0,0,0,1,0
18829,0,0,0,0,0,1,0
18830,0,0,0,0,0,5,4
18834,0,0,0,0,0,1,0
18838,0,0,0,0,0,1,0
18843,0,0,0,0,0,1,0
18850,0,0,0,0,0,1,0
18858,0,0,0,0,0,1,0
18859,0,0,0,0,0,1,2
18861,0,0,0,0,0,2,1
18871,0,0,0,0,0,1,0
18878,0,0,0,0,0,0,2
18880,0,0,0,0,0,3,4
18891,0,0,0,0,0,0,1
18909,0,0,0,0,0,0,2
18915,0,0,0,0,0,1,0
18925,0,0,0,0,0,1,1
18928,0,0,0,0,0,1,0
18970,0,0,0,0,0,2,1
18995,0,0,0,0,0,1,0
19000,0,0,0,0,0,0,1
19032,0,0,0,0,0,1,2
19034,0,0,0,0,0,0,2
19047,0,0,0,0,0,4,2
19048,0,0,0,0,0,1,1
19049,0,0,0,0,0,1,0
19050,0,0,0,0,0,1,4
19051,0,0,0,0,0,1,0
19053,0,0,0,0,0,1,0
19054,0,0,0,0,0,1,2
19056,0,0,0,0,0,1,0
19062,0,0,0,0,0,1,1
19071,0,0,0,0,0,1,0
19075,0,0,0,0,0,2,1
19076,0,0,0,0,0,1,0
19088,0,0,0,0,0,1,1
19092,0,0,0,0,0,2,2
19123,0,0,0,0,0,2,0
19125,0,0,0,0,0,1,0
19165,0,0,0,0,0,0,3
19166,0,0,0,0,0,1,0
19186,0,0,0,0,0,1,1
19257,0,0,0,0,0,1,0
19259,0,0,0,0,0,1,0
19269,0,0,0,0,0,1,0
19286,0,0,0,0,0,1,1
19288,0,0,0,0,0,1,0
19312,0,0,0,0,0,1,0
19314,0,0,0,0,0,1,0
19340,0,0,0,0,0,1,0
19347,0,0,0,0,0,0,3
19357,0,0,0,0,0,1,0
19371,0,0,0,0,0,2,3
19375,0,0,0,0,0,4,3
19376,0,0,0,0,0,1,1
19377,0,0,0,0,0,1,1
19380,0,0,0,0,0,0,1
19382,0,0,0,0,0,1,0
19395,0,0,0,0,0,0,1
19396,0,0,0,0,0,1,0
19403,0,0,0,0,0,1,0
19410,0,0,0,0,0,0,3
19414,0,0,0,0,0,1,0
19427,0,0,0,0,0,0,1
19433,0,0,0,0,0,1,0
19437,0,0,0,0,0,2,2
19438,0,0,0,0,0,1,0
19448,0,0,0,0,0,1,0
19452,0,0,0,0,0,1,0
19464,0,0,0,0,0,0,1
19466,0,0,0,0,0,3,4
19471,0,0,0,0,0,2,1
19473,0,0,0,0,0,1,2
19475,0,0,0,0,0,1,0
19479,0,0,0,0,0,1,2
19481,0,0,0,0,0,0,6
19482,0,0,0,0,0,3,0
19486,0,0,0,0,0,1,0
19492,0,0,0,0,0,1,3
19501,0,0,0,0,0,1,0
19505,0,0,0,0,0,1,2
19506,0,0,0,0,0,0,1
19521,0,0,0,0,0,1,0
19528,0,0,0,0,0,1,0
19529,0,0,0,0,0,0,1
19530,0,0,0,0,0,3,0
19543,0,0,0,0,0,1,0
19548,0,0,0,0,0,1,0
19551,0,0,0,0,0,1,0
19559,0,0,0,0,0,1,0
19562,0,0,0,0,0,1,0
19564,0,0,0,0,0,1,0
19569,0,0,0,0,0,1,0
19575,0,0,0,0,0,0,6
19582,0,0,0,0,0,0,5
19589,0,0,0,0,0,0,1
19590,0,0,0,0,0,1,0
19597,0,0,0,0,0,1,1
19604,0,0,0,0,0,1,0
19609,0,0,0,0,0,1,0
19625,0,0,0,0,0,1,2
19629,0,0,0,0,0,0,1
19633,0,0,0,0,0,1,0
19658,0,0,0,0,0,2,1
19667,0,0,0,0,0,1,0
19674,0,0,0,0,0,1,0
19675,0,0,0,0,0,2,1
19699,0,0,0,0,0,0,1
19725,0,0,0,0,0,2,3
19732,0,0,0,0,0,1,1
19744,0,0,0,0,0,1,0
19750,0,0,0,0,0,1,0
19762,0,0,0,0,0,1,0
19763,0,0,0,0,0,0,1
19770,0,0,0,0,0,0,4
19781,0,0,0,0,0,1,0
19783,0,0,0,0,0,0,6
19803,0,0,0,0,0,1,1
19849,0,0,0,0,0,1,3
19850,0,0,0,0,0,2,0
19853,0,0,0,0,0,0,1
19868,0,0,0,0,0,0,2
19870,0,0,0,0,0,0,2
19874,0,0,0,0,0,1,1
19878,0,0,0,0,0,1,1
19884,0,0,0,0,0,1,0
19887,0,0,0,0,0,1,0
19890,0,0,0,0,0,1,0
19891,0,0,0,0,0,1,0
19894,0,0,0,0,0,0,1
19895,0,0,0,0,0,1,0
19896,0,0,0,0,0,1,0
19897,0,0,0,0,0,1,0
19902,0,0,0,0,0,2,0
19907,0,0,0,0,0,0,1
19915,0,0,0,0,0,0,1
19920,0,0,0,0,0,0,1
19931,0,0,0,0,0,0,1
19935,0,0,0,0,0,0,2
19943,0,0,0,0,0,2,0
19953,0,0,0,0,0,1,0
19955,0,0,0,0,0,1,1
19963,0,0,0,0,0,1,0
19964,0,0,0,0,0,1,1
19967,0,0,0,0,0,1,1
19969,0,0,0,0,0,1,0
19970,0,0,0,0,0,1,0
19971,0,0,0,0,0,0,3
19973,0,0,0,0,0,1,0
20039,0,0,0,0,0,1,0
20041,0,0,0,0,0,1,0
20059,0,0,0,0,0,1,1
20067,0,0,0,0,0,1,0
20075,0,0,0,0,0,1,0
20091,0,0,0,0,0,0,1
20097,0,0,0,0,0,0,1
20116,0,0,0,0,0,1,5
20118,0,0,0,0,0,1,0
20120,0,0,0,0,0,0,5
20137,0,0,0,0,0,0,1
20148,0,0,0,0,0,0,6
20151,0,0,0,0,0,0,2
20161,0,0,0,0,0,0,2
20164,0,0,0,0,0,0,1
20173,0,0,0,0,0,0,1
20174,0,0,0,0,0,0,4
20178,0,0,0,0,0,0,2
20185,0,0,0,0,0,0,2
20189,0,0,0,0,0,0,1
20194,0,0,0,0,0,0,1
20240,0,0,0,0,0,0,1
20249,0,0,0,0,0,0,4
20272,0,0,0,0,0,0,1
20273,0,0,0,0,0,0,1
20275,0,0,0,0,0,0,3
20279,0,0,0,0,0,0,1
20283,0,0,0,0,0,0,1
20285,0,0,0,0,0,0,2
20286,0,0,0,0,0,0,1
20289,0,0,0,0,0,0,2
20294,0,0,0,0,0,0,2
20296,0,0,0,0,0,0,1
20300,0,0,0,0,0,0,2
20306,0,0,0,0,0,0,1
20313,0,0,0,0,0,0,4
20320,0,0,0,0,0,0,1
20322,0,0,0,0,0,0,1
20326,0,0,0,0,0,0,1
20329,0,0,0,0,0,0,1
20336,0,0,0,0,0,0,1
20339,0,0,0,0,0,0,1
20360,0,0,0,0,0,0,1
20368,0,0,0,0,0,0,1
20369,0,0,0,0,0,0,3
20376,0,0,0,0,0,0,1
20384,0,0,0,0,0,0,1
20385,0,0,0,0,0,0,8
20395,0,0,0,0,0,0,1
20397,0,0,0,0,0,0,1
20398,0,0,0,0,0,0,1
20407,0,0,0,0,0,0,2
20412,0,0,0,0,0,0,2
20415,0,0,0,0,0,0,1
20416,0,0,0,0,0,0,1
20420,0,0,0,0,0,0,2
20427,0,0,0,0,0,0,6
20455,0,0,0,0,0,0,2
20457,0,0,0,0,0,0,2
20462,0,0,0,0,0,0,1
20464,0,0,0,0,0,0,2
20470,0,0,0,0,0,0,4
20483,0,0,0,0,0,0,4
20485,0,0,0,0,0,0,2
20489,0,0,0,0,0,0,1
20514,0,0,0,0,0,0,3
20527,0,0,0,0,0,0,1
20538,0,0,0,0,0,0,1
20556,0,0,0,0,0,0,1
20563,0,0,0,0,0,0,1
20568,0,0,0,0,0,0,1
20571,0,0,0,0,0,0,1
20582,0,0,0,0,0,0,4
20593,0,0,0,0,0,0,4
20595,0,0,0,0,0,0,1
20597,0,0,0,0,0,0,4
20598,0,0,0,0,0,0,1
20600,0,0,0,0,0,0,8
20607,0,0,0,0,0,0,1
20631,0,0,0,0,0,0,1
20641,0,0,0,0,0,0,1
20665,0,0,0,0,0,0,1
20669,0,0,0,0,0,0,1
20676,0,0,0,0,0,0,1
20690,0,0,0,0,0,0,1
20711,0,0,0,0,0,0,2
20713,0,0,0,0,0,0,2
20728,0,0,0,0,0,0,1
20734,0,0,0,0,0,0,1
20744,0,0,0,0,0,0,1
20777,0,0,0,0,0,0,1
20779,0,0,0,0,0,0,1
20785,0,0,0,0,0,0,1
20792,0,0,0,0,0,0,1
20796,0,0,0,0,0,0,3
20797,0,0,0,0,0,0,1
20800,0,0,0,0,0,0,1
20806,0,0,0,0,0,0,1
20813,0,0,0,0,0,0,1
20814,0,0,0,0,0,0,1
20817,0,0,0,0,0,0,1
20818,0,0,0,0,0,0,1
20834,0,0,0,0,0,0,1
20837,0,0,0,0,0,0,1
20843,0,0,0,0,0,0,4
20847,0,0,0,0,0,0,1
20850,0,0,0,0,0,0,1
20856,0,0,0,0,0,0,1
20879,0,0,0,0,0,0,1
20904,0,0,0,0,0,0,1
20920,0,0,0,0,0,0,1
20928,0,0,0,0,0,0,1
20940,0,0,0,0,0,0,1
20941,0,0,0,0,0,0,1
20950,0,0,0,0,0,0,2
20960,0,0,0,0,0,0,1
20963,0,0,0,0,0,0,1
20968,0,0,0,0,0,0,1
20994,0,0,0,0,0,0,1
20996,0,0,0,0,0,0,2
20997,0,0,0,0,0,0,1
21001,0,0,0,0,0,0,1
21021,0,0,0,0,0,0,1
21035,0,0,0,0,0,0,1
21041,0,0,0,0,0,0,1
21055,0,0,0,0,0,0,1
21056,0,0,0,0,0,0,1
21089,0,0,0,0,0,0,1
21100,0,0,0,0,0,0,1
21105,0,0,0,0,0,0,1
21108,0,0,0,0,0,0,1
21114,0,0,0,0,0,0,1
21116,0,0,0,0,0,0,1
21117,0,0,0,0,0,0,1
21120,0,0,0,0,0,0,1
21137,0,0,0,0,0,0,1
21162,0,0,0,0,0,0,1
21166,0,0,0,0,0,0,1
21170,0,0,0,0,0,0,2
21179,0,0,0,0,0,0,1
21189,0,0,0,0,0,0,1
21220,0,0,0,0,0,0,3
21224,0,0,0,0,0,0,1
21225,0,0,0,0,0,0,1
21236,0,0,0,0,0,0,1
21253,0,0,0,0,0,0,1
21260,0,0,0,0,0,0,1
21263,0,0,0,0,0,0,1
21291,0,0,0,0,0,0,1
21301,0,0,0,0,0,0,2
21308,0,0,0,0,0,0,1
21314,0,0,0,0,0,0,1
21351,0,0,0,0,0,0,5
21352,0,0,0,0,0,0,1
21363,0,0,0,0,0,0,1
21368,0,0,0,0,0,0,1
21400,0,0,0,0,0,0,1
21411,0,0,0,0,0,0,2
21431,0,0,0,0,0,0,1
21445,0,0,0,0,0,0,1
21447,0,0,0,0,0,0,1
21466,0,0,0,0,0,0,1
21479,0,0,0,0,0,0,1
21481,0,0,0,0,0,0,2
21487,0,0,0,0,0,0,1
21497,0,0,0,0,0,0,1
21548,0,0,0,0,0,0,1
21559,0,0,0,0,0,0,1
21569,0,0,0,0,0,0,1
21609,0,0,0,0,0,0,1
21657,0,0,0,0,0,0,2
21681,0,0,0,0,0,0,1
21694,0,0,0,0,0,0,5
21725,0,0,0,0,0,0,1
21797,0,0,0,0,0,0,3
21804,0,0,0,0,0,0,1
21809,0,0,0,0,0,0,1
21810,0,0,0,0,0,0,2
21813,0,0,0,0,0,0,5
21824,0,0,0,0,0,0,1
21846,0,0,0,0,0,0,1
21849,0,0,0,0,0,0,2
21855,0,0,0,0,0,0,6
21860,0,0,0,0,0,0,1
21869,0,0,0,0,0,0,2
21870,0,0,0,0,0,0,1
21894,0,0,0,0,0,0,1
21901,0,0,0,0,0,0,1
21903,0,0,0,0,0,0,1
21913,0,0,0,0,0,0,2
21919,0,0,0,0,0,0,2
21930,0,0,0,0,0,0,3
21931,0,0,0,0,0,0,8
21932,0,0,0,0,0,0,1
21933,0,0,0,0,0,0,2
21934,0,0,0,0,0,0,1
21937,0,0,0,0,0,0,2
21947,0,0,0,0,0,0,1
21952,0,0,0,0,0,0,3
21954,0,0,0,0,0,0,1
21956,0,0,0,0,0,0,2
21959,0,0,0,0,0,0,2
21961,0,0,0,0,0,0,1
21962,0,0,0,0,0,0,3
21965,0,0,0,0,0,0,2
21968,0,0,0,0,0,0,6
21969,0,0,0,0,0,0,1
21973,0,0,0,0,0,0,1
21974,0,0,0,0,0,0,1
21976,0,0,0,0,0,0,1
21977,0,0,0,0,0,0,3
21979,0,0,0,0,0,0,2
21983,0,0,0,0,0,0,1
21989,0,0,0,0,0,0,1
21998,0,0,0,0,0,0,1
22006,0,0,0,0,0,0,1
22022,0,0,0,0,0,0,1
22028,0,0,0,0,0,0,2
22034,0,0,0,0,0,0,4
22040,0,0,0,0,0,0,1
22048,0,0,0,0,0,0,5
22068,0,0,0,0,0,0,1
22077,0,0,0,0,0,0,1
22088,0,0,0,0,0,0,1
22089,0,0,0,0,0,0,2
22108,0,0,0,0,0,0,1
22124,0,0,0,0,0,0,1
22138,0,0,0,0,0,0,2
22170,0,0,0,0,0,0,2
22175,0,0,0,0,0,0,2
22184,0,0,0,0,0,0,3
22195,0,0,0,0,0,0,1
22205,0,0,0,0,0,0,1
22208,0,0,0,0,0,0,1
22210,0,0,0,0,0,0,1
22212,0,0,0,0,0,0,10
22213,0,0,0,0,0,0,1
22216,0,0,0,0,0,0,1
22224,0,0,0,0,0,0,1
22240,0,0,0,0,0,0,2
22241,0,0,0,0,0,0,2
22246,0,0,0,0,0,0,1
22249,0,0,0,0,0,0,1
22251,0,0,0,0,0,0,1
22259,0,0,0,0,0,0,1
22261,0,0,0,0,0,0,1
22262,0,0,0,0,0,0,1
22264,0,0,0,0,0,0,1
22265,0,0,0,0,0,0,1
22271,0,0,0,0,0,0,1
22274,0,0,0,0,0,0,1
22282,0,0,0,0,0,0,1
22283,0,0,0,0,0,0,2
22284,0,0,0,0,0,0,1
22286,0,0,0,0,0,0,1
22289,0,0,0,0,0,0,1
22296,0,0,0,0,0,0,1
22302,0,0,0,0,0,0,3
22309,0,0,0,0,0,0,1
22311,0,0,0,0,0,0,1
22328,0,0,0,0,0,0,1
22331,0,0,0,0,0,0,1
22340,0,0,0,0,0,0,1
22345,0,0,0,0,0,0,1
22353,0,0,0,0,0,0,1
22357,0,0,0,0,0,0,2
22365,0,0,0,0,0,0,1
22366,0,0,0,0,0,0,2
22378,0,0,0,0,0,0,1
22393,0,0,0,0,0,0,1
22414,0,0,0,0,0,0,1
22415,0,0,0,0,0,0,1
22422,0,0,0,0,0,0,4
22424,0,0,0,0,0,0,1
22428,0,0,0,0,0,0,1
22454,0,0,0,0,0,0,1
22459,0,0,0,0,0,0,1
22461,0,0,0,0,0,0,1
22468,0,0,0,0,0,0,1
22472,0,0,0,0,0,0,3
22473,0,0,0,0,0,0,1
22500,0,0,0,0,0,0,3
22510,0,0,0,0,0,0,1
22511,0,0,0,0,0,0,1
22547,0,0,0,0,0,0,3
22559,0,0,0,0,0,0,1
22560,0,0,0,0,0,0,1
22561,0,0,0,0,0,0,1
22610,0,0,0,0,0,0,1
22618,0,0,0,0,0,0,1
22624,0,0,0,0,0,0,1
22626,0,0,0,0,0,0,1
22642,0,0,0,0,0,0,1
22645,0,0,0,0,0,0,1
22655,0,0,0,0,0,0,1
22666,0,0,0,0,0,0,1
22672,0,0,0,0,0,0,1
22682,0,0,0,0,0,0,1
22697,0,0,0,0,0,0,3
22724,0,0,0,0,0,0,1
22725,0,0,0,0,0,0,1
22731,0,0,0,0,0,0,1
22735,0,0,0,0,0,0,1
22744,0,0,0,0,0,0,1
22761,0,0,0,0,0,0,1
22763,0,0,0,0,0,0,1
22795,0,0,0,0,0,0,2
22840,0,0,0,0,0,0,1
22848,0,0,0,0,0,0,2
22878,0,0,0,0,0,0,1
22897,0,0,0,0,0,0,1
22900,0,0,0,0,0,0,1
22903,0,0,0,0,0,0,2
22910,0,0,0,0,0,0,1
22932,0,0,0,0,0,0,10
22946,0,0,0,0,0,0,1
22951,0,0,0,0,0,0,1
22979,0,0,0,0,0,0,1
23009,0,0,0,0,0,0,1
23020,0,0,0,0,0,0,2
23022,0,0,0,0,0,0,3
23034,0,0,0,0,0,0,1
23044,0,0,0,0,0,0,1
23058,0,0,0,0,0,0,1
23059,0,0,0,0,0,0,1
23074,0,0,0,0,0,0,1
23079,0,0,0,0,0,0,1
23086,0,0,0,0,0,0,1
23116,0,0,0,0,0,0,1
23125,0,0,0,0,0,0,1
23137,0,0,0,0,0,0,1
23147,0,0,0,0,0,0,2
23156,0,0,0,0,0,0,2
23174,0,0,0,0,0,0,1
23187,0,0,0,0,0,0,2
23198,0,0,0,0,0,0,1
23204,0,0,0,0,0,0,2
23215,0,0,0,0,0,0,3
23237,0,0,0,0,0,0,1
23238,0,0,0,0,0,0,1
23239,0,0,0,0,0,0,2
23242,0,0,0,0,0,0,1
23244,0,0,0,0,0,0,1
23246,0,0,0,0,0,0,1
23247,0,0,0,0,0,0,1
23248,0,0,0,0,0,0,1
23254,0,0,0,0,0,0,1
23266,0,0,0,0,0,0,1
23270,0,0,0,0,0,0,1
23282,0,0,0,0,0,0,1
23286,0,0,0,0,0,0,1
23291,0,0,0,0,0,0,1
23294,0,0,0,0,0,0,1
23307,0,0,0,0,0,0,1
23310,0,0,0,0,0,0,2
23352,0,0,0,0,0,0,1
23362,0,0,0,0,0,0,1
23437,0,0,0,0,0,0,1
23451,0,0,0,0,0,0,1
23464,0,0,0,0,0,0,1
23471,0,0,0,0,0,0,1
23475,0,0,0,0,0,0,3
23497,0,0,0,0,0,0,1
23498,0,0,0,0,0,0,1
23530,0,0,0,0,0,0,1
23535,0,0,0,0,0,0,1
23545,0,0,0,0,0,0,1
23559,0,0,0,0,0,0,1
23574,0,0,0,0,0,0,1
23595,0,0,0,0,0,0,3
23612,0,0,0,0,0,0,1
23634,0,0,0,0,0,0,1
23704,0,0,0,0,0,0,1
23707,0,0,0,0,0,0,1
23709,0,0,0,0,0,0,1
23710,0,0,0,0,0,0,1
23711,0,0,0,0,0,0,1
23713,0,0,0,0,0,0,1
23722,0,0,0,0,0,0,1
23727,0,0,0,0,0,0,1
23730,0,0,0,0,0,0,1
23738,0,0,0,0,0,0,1
23748,0,0,0,0,0,0,1
23786,0,0,0,0,0,0,1
23804,0,0,0,0,0,0,1
23807,0,0,0,0,0,0,1
23821,0,0,0,0,0,0,1
23826,0,0,0,0,0,0,1
23827,0,0,0,0,0,0,1
23840,0,0,0,0,0,0,1
23865,0,0,0,0,0,0,1
23900,0,0,0,0,0,0,1
23936,0,0,0,0,0,0,1
23959,0,0,0,0,0,0,1
23960,0,0,0,0,0,0,1
23972,0,0,0,0,0,0,1
23986,0,0,0,0,0,0,1
23997,0,0,0,0,0,0,1
24004,0,0,0,0,0,0,1
24006,0,0,0,0,0,0,1
24012,0,0,0,0,0,0,1
24013,0,0,0,0,0,0,1
24037,0,0,0,0,0,0,1
24083,0,0,0,0,0,0,1
24096,0,0,0,0,0,0,1
24101,0,0,0,0,0,0,1
24102,0,0,0,0,0,0,1
24110,0,0,0,0,0,0,1
24121,0,0,0,0,0,0,1
24144,0,0,0,0,0,0,1
24166,0,0,0,0,0,0,2
24178,0,0,0,0,0,0,1
24181,0,0,0,0,0,0,1
24239,0,0,0,0,0,0,1
24240,0,0,0,0,0,0,2
24243,0,0,0,0,0,0,1
24254,0,0,0,0,0,0,1
24275,0,0,0,0,0,0,1
24302,0,0,0,0,0,0,1
24319,0,0,0,0,0,0,1
24374,0,0,0,0,0,0,1
24375,0,0,0,0,0,0,1
24377,0,0,0,0,0,0,2
24384,0,0,0,0,0,0,2
24385,0,0,0,0,0,0,1
24408,0,0,0,0,0,0,1
24416,0,0,0,0,0,0,1
24431,0,0,0,0,0,0,1
24438,0,0,0,0,0,0,1
24439,0,0,0,0,0,0,1
24445,0,0,0,0,0,0,1
24449,0,0,0,0,0,0,1
24451,0,0,0,0,0,0,1
24456,0,0,0,0,0,0,1
24470,0,0,0,0,0,0,1
24477,0,0,0,0,0,0,1
24494,0,0,0,0,0,0,1
24495,0,0,0,0,0,0,1
24514,0,0,0,0,0,0,1
24524,0,0,0,0,0,0,1
24526,0,0,0,0,0,0,1
24534,0,0,0,0,0,0,1
24539,0,0,0,0,0,0,1
24557,0,0,0,0,0,0,1
24562,0,0,0,0,0,0,1
24565,0,0,0,0,0,0,1
24567,0,0,0,0,0,0,1
