17,3,22,18,0,1,3,0,0,0,0,0,0,0,0,0
18,4,1,9,0,0,0,0,0,0,0,0,0,0,0,0
19,5,1,0,0,0,0,0,0,0,0,0,0,0,0,0
20,12,1,0,0,0,0,0,0,0,0,0,0,0,0,0
21,0,7,1,21,10,45,29,59,59,31,25,40,32,5,0
22,1,3,13,10,6,4,0,1,0,0,1,1,1,0,1
23,0,3,35,0,0,0,0,0,0,0,0,0,0,0,0
25,0,12,8,0,0,0,0,0,0,0,0,0,0,0,0
26,0,3,0,0,0,0,0,0,0,0,0,0,0,0,0
28,0,0,0,0,0,4,1,0,0,0,14,3,0,3,5
34,0,0,0,0,8,11,8,2,8,0,0,1,0,0,0
35,0,1,0,0,0,0,0,0,0,0,0,0,0,0,0
40,1,0,0,0,0,0,0,0,0,0,0,0,0,0,0
43,0,2,0,0,0,0,0,0,0,0,0,0,0,0,0
46,0,15,131,0,0,6,0,0,0,0,0,0,0,0,0
51,1,0,0,0,0,0,0,1,5,2,0,3,1,0,4
54,0,0,0,5,0,0,0,1,0,0,0,0,0,0,0
55,0,35,15,0,0,0,0,0,0,0,0,0,0,0,0
57,0,1,0,0,0,0,0,0,0,0,0,0,0,0,0
59,0,0,0,7,18,90,68,122,95,98,110,108,67,115,172
62,0,0,0,0,3,25,6,10,7,3,3,0,0,1,10
70,0,0,0,1,0,0,0,1,1,0,1,0,0,0,0
75,0,1,0,0,0,0,0,0,0,0,0,0,0,0,0
76,0,2,7,15,3,5,7,11,1,0,0,2,2,0,0
83,0,1,0,13,1,9,14,9,8,10,3,4,24,6,28
101,0,16,0,0,0,0,0,0,0,0,0,0,0,0,0
105,0,2,2,0,0,0,0,0,0,0,0,0,0,0,0
113,0,0,0,34,7,0,2,3,0,0,0,0,0,0,0
158,0,0,0,0,0,0,11,5,3,1,3,1,0,0,2
160,0,0,0,0,0,0,0,0,0,1,0,0,0,0,0
161,0,1,0,0,0,0,0,0,0,0,0,0,0,0,0
165,0,0,0,0,0,12,75,121,176,147,251,207,227,103,7
176,0,1,0,0,8,4,0,0,0,0,0,0,0,0,0
207,0,2,0,0,0,0,0,0,0,0,0,0,0,0,0
237,0,20,0,224,17,170,307,604,996,699,1319,1513,903,1048,2117
247,0,0,0,0,0,0,0,1,1,0,0,0,0,0,0
261,0,0,0,0,0,0,9,43,17,8,4,19,17,9,60
266,0,1,0,0,0,0,0,0,0,0,0,0,0,0,0
273,0,0,0,0,0,1,3,12,7,11,13,18,8,8,23
281,0,0,0,0,0,0,0,8,0,0,0,0,0,0,0
282,0,0,0,0,0,0,0,0,0,0,0,0,0,9,80
286,0,0,0,0,0,0,0,45,6,7,2,7,0,0,4
289,0,0,0,0,0,0,0,0,0,0,0,0,0,0,18
290,0,0,0,0,0,0,0,0,0,0,0,0,0,0,59
301,0,0,0,0,0,0,0,0,0,0,0,2,5,0,24
316,0,0,0,0,0,0,0,0,0,0,0,205,112,99,227
320,0,0,0,0,0,0,0,85,202,150,335,449,145,85,151
339,0,0,0,0,0,0,0,0,1,0,0,0,0,0,0
341,0,0,0,0,0,0,0,0,4,0,0,0,0,0,0
342,0,0,0,0,0,0,0,0,0,0,0,1,2,2,7
348,0,0,0,0,0,0,0,0,0,0,0,0,0,0,2
349,0,0,0,0,0,0,0,10,4,0,0,0,0,0,15
364,0,0,0,0,0,0,7,7,6,7,4,10,2,0,0
367,0,0,0,0,0,0,0,0,0,0,0,0,26,5,10
368,0,0,0,0,0,0,0,0,0,0,0,0,0,116,370
376,0,0,0,0,0,0,0,0,0,34,31,58,23,19,67
378,0,0,0,0,0,0,0,0,0,0,0,0,0,0,0
400,0,0,0,6,0,0,0,0,0,0,0,0,0,0,0
421,0,0,0,53,22,1,0,2,0,1,0,1,0,3,0
427,0,0,0,0,0,0,0,0,0,0,0,0,0,1,35
430,0,0,0,0,0,0,0,0,35,150,292,634,336,263,741
435,0,0,0,0,0,0,0,0,0,0,0,3,20,8,112
462,0,0,0,0,0,0,0,2,0,0,0,0,0,0,0
489,0,7,2,0,0,0,0,0,0,0,0,0,0,0,0
554,0,0,0,20,0,0,0,0,0,0,0,0,0,0,8
568,0,2,0,0,0,0,0,0,0,0,0,0,0,0,0
593,0,1,0,0,0,0,0,0,0,0,0,0,0,0,0
684,0,0,0,0,0,0,0,0,2,0,5,0,1,1,0
715,0,1,0,0,0,0,0,0,0,0,0,0,0,0,0
841,0,0,0,9,329,838,737,1200,1379,973,1716,1973,682,253,174
900,0,0,0,0,0,0,0,0,0,0,0,0,0,0,1
910,0,0,0,0,0,0,0,1,0,0,0,0,0,0,0
914,0,0,0,0,0,0,0,15,0,0,0,0,0,0,0
916,0,0,0,0,35,0,0,6,0,0,0,0,0,0,0
1472,0,2,0,56,103,116,91,87,182,123,424,485,294,211,360
1568,0,0,0,0,60,277,199,219,355,334,783,881,471,414,1057
1644,0,0,0,0,0,0,0,0,0,0,0,1,0,0,0
1754,0,0,0,47,16,0,0,0,0,1,0,0,0,2,2
1881,0,0,17,0,10,0,0,0,0,0,0,0,0,0,0
1982,0,0,0,23,0,0,0,2,1,0,0,0,0,0,0
2167,0,0,0,28,1,0,0,0,0,0,0,0,0,0,0
2169,0,0,0,171,42,40,3,0,0,0,0,0,0,0,8
3055,0,0,0,17,0,0,2,21,3,9,5,0,0,0,0
3128,0,0,0,0,0,36,6,0,0,0,1,2,0,0,0
3309,0,0,0,14,5,5,0,3,7,7,9,27,10,14,31
3311,0,0,2,11,0,3,8,7,11,3,3,16,9,8,16
3398,0,0,7,92,65,41,16,86,85,54,51,66,51,54,124
3399,0,0,2,0,0,0,0,0,0,0,0,0,0,0,0
3407,0,0,0,0,0,0,0,11,13,27,43,56,19,15,15
3408,0,0,0,0,0,0,0,0,0,0,0,0,0,95,93
3448,0,0,0,0,0,0,0,2,2,0,0,0,0,0,0
3501,0,0,0,0,0,0,0,0,0,0,0,0,0,19,6
3724,0,0,0,0,0,5,0,0,0,0,0,0,0,0,0
3748,0,0,0,30,9,0,0,0,0,0,0,0,0,0,0
4109,0,0,0,0,4,0,0,0,0,0,0,0,0,0,0
4213,0,0,0,59,25,2,0,11,1,3,5,3,0,0,3
4219,0,0,0,8,1,0,0,0,0,0,0,0,0,0,1
4234,0,0,0,0,0,0,1,11,1,0,2,1,0,1,1
4249,0,0,0,0,0,0,0,0,0,0,0,7,14,27,33
4258,0,0,0,0,0,0,0,2,5,0,15,20,1,11,15
4259,0,0,0,0,0,0,8,17,17,2,25,63,22,20,64
4261,0,0,0,0,0,0,0,22,29,4,7,1,5,0,0
4270,0,0,0,0,0,0,0,0,0,0,0,1,12,17,49
4285,0,0,0,0,0,0,0,0,0,0,0,0,0,0,92
4310,0,0,0,0,0,0,0,0,0,0,109,207,98,84,150
4313,0,0,0,0,0,0,0,0,0,0,0,1,0,0,4
4324,0,0,0,0,0,0,5,4,9,3,0,0,0,0,0
4332,0,0,0,0,0,0,0,1,2,3,1,0,0,0,0
4334,0,0,0,0,0,0,0,6,4,0,0,0,0,0,0
4335,0,0,0,0,0,0,0,0,0,0,0,0,0,0,3
4340,0,0,0,0,0,0,0,0,0,0,0,0,0,0,200
4350,0,0,0,0,0,0,0,0,0,0,0,0,0,0,3
4351,0,0,0,0,0,0,0,0,0,5,1,0,0,0,0
4376,0,0,0,0,0,0,0,0,0,0,0,0,0,25,27
4393,0,0,0,1,0,0,0,0,0,0,0,0,0,0,0
4521,0,0,0,0,0,0,2,31,19,25,21,19,15,11,50
4528,0,0,0,0,0,7,6,1,0,0,0,0,0,0,0
4530,0,0,0,0,0,0,0,0,0,3,10,8,1,6,41
4640,0,0,0,0,0,0,0,13,10,22,10,10,1,7,3
4655,0,0,0,0,0,0,0,0,0,0,0,13,10,8,1
4858,0,0,0,0,0,0,0,0,23,9,10,11,0,4,24
4861,0,0,0,0,0,0,0,0,0,0,0,10,0,0,0
4874,0,0,0,0,0,0,0,0,0,0,0,0,0,6,42
4879,0,0,0,0,0,0,0,0,0,0,10,405,220,165,352
4880,0,0,0,0,0,0,0,0,39,31,115,187,76,68,146
4884,0,0,0,0,0,0,0,0,0,0,35,41,37,21,27
4890,0,0,0,0,0,0,0,0,0,0,0,13,33,17,65
4907,0,0,0,0,0,0,0,0,0,0,3,9,16,9,25
4908,0,0,0,0,0,0,0,0,0,0,0,3,1,0,1
4953,0,0,0,0,0,0,0,0,0,0,0,0,0,0,1
4955,0,0,0,0,0,0,0,0,0,0,0,0,1,2,17
4964,0,0,0,0,0,0,0,0,0,0,0,0,0,1,23
5130,0,0,0,0,30,15,12,23,16,27,47,30,14,20,41
5356,0,0,0,0,0,0,0,0,12,29,13,3,12,12,7
5615,0,0,0,0,0,2,1,2,1,0,0,0,0,0,0
5695,0,0,0,0,0,0,0,0,0,0,0,0,0,2,17
5762,0,0,0,0,0,0,0,0,6,0,10,1,0,0,0
5820,0,0,0,0,0,0,0,1,6,3,3,0,0,3,48
5828,0,0,0,0,0,0,0,0,0,0,0,0,0,0,142
5857,0,0,0,0,0,0,0,0,0,0,0,0,1,0,0
5868,0,0,0,0,0,0,0,0,1,0,0,0,0,0,0
6160,0,0,0,2,0,0,0,0,0,0,0,0,0,0,0
6231,0,0,0,0,1,0,0,4,2,0,0,0,0,0,0
6266,0,0,0,0,0,0,0,2,1,8,7,0,0,0,0
6275,0,0,0,0,0,0,0,0,0,0,0,0,0,9,9
6283,0,0,0,0,0,0,0,0,0,0,0,0,0,0,0
6311,0,0,0,0,0,0,0,0,0,1,0,0,0,0,0
6612,0,0,0,0,0,2,0,0,0,0,0,0,0,0,0
6705,0,0,0,0,0,0,0,0,17,34,66,34,20,18,28
6820,0,0,0,5,24,2,0,2,2,0,0,0,0,0,0
6914,0,0,0,0,0,0,0,0,0,0,0,0,0,0,0
6963,0,0,0,0,0,3,0,0,0,0,0,0,0,0,0
7047,0,0,0,1,0,0,0,0,0,0,0,0,0,0,0
7155,0,0,0,0,1,3,3,9,11,2,0,0,0,0,0
7241,0,0,0,0,0,0,0,0,0,0,0,0,0,9,6
7371,0,0,0,0,0,0,0,0,0,0,0,1,0,0,0
7645,0,0,0,0,0,0,0,0,0,0,0,3,0,0,0
7748,0,0,0,0,0,0,0,0,0,4,1,2,0,0,0
7858,0,0,0,0,0,3,0,0,0,0,0,0,0,0,1
7882,0,0,0,0,0,3,0,0,0,0,0,0,0,0,0
7927,0,0,0,0,1,6,0,0,0,0,0,0,0,0,0
7939,0,0,0,0,1,0,0,0,0,0,0,0,0,0,0
7958,0,0,0,0,1,0,0,0,0,0,0,0,0,0,0
8050,0,0,0,0,28,8,13,43,150,82,165,190,55,33,69
8053,0,0,0,0,1,0,0,0,0,0,0,0,0,0,0
8258,0,0,0,0,29,20,4,5,4,13,7,3,0,0,0
8317,0,0,0,0,0,0,0,0,0,0,0,0,0,0,1
8574,0,0,0,0,0,0,4,0,0,0,0,0,0,0,0
8605,0,0,0,0,3,10,7,16,5,7,3,0,0,0,0
8634,0,0,0,0,0,16,40,94,264,250,775,967,522,667,1020
8661,0,0,0,0,16,0,0,0,0,0,0,0,0,0,0
8671,0,0,0,0,0,0,0,1,0,0,0,0,0,0,0
8689,0,0,0,0,5,0,0,0,0,0,2,1,0,1,0
9006,0,0,0,0,10,5,0,0,0,0,0,0,0,0,0
9042,0,0,0,0,0,0,3,0,1,0,0,0,0,0,0
9195,0,0,0,0,0,0,0,0,0,0,0,2,2,0,0
9293,0,0,0,0,2,0,0,0,0,0,0,0,0,0,0
9376,0,0,0,0,12,1,0,2,0,0,0,0,0,0,0
9407,0,0,0,0,0,15,18,1,2,0,0,0,0,0,0
9468,0,0,0,0,1,0,0,0,0,0,0,0,0,0,0
9547,0,0,0,0,69,53,32,71,385,149,366,363,195,102,370
9661,0,0,0,0,0,0,0,1,0,0,0,0,0,0,0
9667,0,0,0,0,0,0,0,0,0,0,0,41,59,29,29
9698,0,0,0,0,0,0,0,2,1,2,0,1,5,0,3
9711,0,0,0,0,37,167,291,277,465,225,251,172,123,62,89
9714,0,0,0,0,0,0,6,16,6,3,10,3,8,1,0
9731,0,0,0,0,0,0,0,1,12,18,61,37,15,19,14
9809,0,0,0,0,0,0,0,5,2,0,0,0,0,0,0
9872,0,0,0,0,0,7,3,5,0,1,7,19,19,3,2
10041,0,0,0,0,1,0,0,0,0,0,0,0,0,0,0
10076,0,0,0,0,0,0,0,0,0,0,0,0,0,0,1
10078,0,0,0,0,0,0,0,0,14,10,0,4,0,0,0
10099,0,0,0,0,0,0,0,15,76,38,35,49,16,21,14
10116,0,0,0,0,0,0,0,0,0,0,0,16,8,5,5
10138,0,0,0,0,0,0,0,8,4,4,2,7,11,8,28
10193,0,0,0,0,0,0,0,0,0,0,0,7,1,0,0
10200,0,0,0,0,0,0,0,15,4,0,0,0,0,0,0
10283,0,0,0,0,0,0,0,0,0,1,0,0,0,0,0
10284,0,0,0,0,0,0,0,0,0,0,0,0,0,4,5
10321,0,0,0,0,0,0,0,0,12,0,0,0,0,0,0
10324,0,0,0,0,0,0,0,0,0,0,0,0,0,3,2
10367,0,0,0,0,0,0,0,0,0,0,0,3,0,3,0
10415,0,0,0,0,0,0,0,0,1,0,0,0,0,0,0
10495,0,0,0,0,0,0,0,0,2,1,1,0,0,0,0
10693,0,0,0,0,0,0,6,5,1,18,4,1,0,0,0
10733,0,0,0,0,0,0,0,0,0,0,0,93,79,73,108
10804,0,0,0,0,0,0,16,18,55,23,61,36,20,32,56
10838,0,0,0,0,0,0,0,0,0,0,0,101,31,17,13
10872,0,0,0,0,0,3,21,95,99,97,175,195,78,19,48
11057,0,0,0,0,0,0,0,2,0,0,0,0,0,0,0
11066,0,0,0,0,0,1,0,1,3,0,0,0,0,0,0
11084,0,0,0,0,0,0,20,16,5,4,29,25,20,5,24
11278,0,0,0,0,0,0,0,0,6,1,2,0,0,0,0
11458,0,0,0,0,0,1,0,0,0,0,0,0,0,0,0
11515,0,0,0,0,0,0,0,0,0,0,0,0,0,0,14
11770,0,0,0,0,0,0,44,78,289,397,555,563,392,199,486
11814,0,0,0,0,0,0,1,6,0,4,1,0,0,0,0
11853,0,0,0,0,0,0,0,0,0,0,0,12,39,89,102
11880,0,0,0,0,0,0,0,0,0,1,61,126,38,7,6
12187,0,0,0,0,0,0,0,0,0,0,0,0,0,16,40
12254,0,0,0,0,0,0,0,0,0,6,0,0,0,1,0
12310,0,0,0,0,0,4,0,0,0,0,0,0,0,0,0
12344,0,0,0,0,0,0,2,0,0,0,0,0,0,0,0
12465,0,0,0,0,0,31,41,73,77,145,137,70,42,30,77
12480,0,0,0,0,0,0,0,9,0,0,0,0,0,0,0
12566,0,0,0,0,0,7,6,12,12,0,0,8,11,0,0
12723,0,0,0,0,0,0,0,2,15,2,8,1,0,0,0
12752,0,0,0,0,0,0,0,0,0,0,0,0,0,1,6
12794,0,0,0,0,0,0,0,0,0,0,11,4,0,0,0
12863,0,0,0,0,0,0,0,2,2,0,0,0,0,0,0
13068,0,0,0,0,0,0,0,0,0,0,0,0,0,0,3
13199,0,0,0,0,0,0,0,0,5,16,13,18,8,7,10
13257,0,0,0,0,0,72,8,53,34,53,129,93,74,15,95
13261,0,0,0,0,0,0,1,4,0,0,0,0,0,0,0
13401,0,0,0,0,0,60,30,18,32,98,474,394,168,41,188
13752,0,0,0,0,0,0,0,0,0,0,0,0,0,0,0
14118,0,0,0,0,0,1,0,0,0,0,0,0,0,0,0
14175,0,0,0,0,0,14,7,2,3,0,0,0,0,0,0
14196,0,0,0,0,0,0,0,0,0,0,0,0,0,0,54
14253,0,0,0,0,0,0,0,0,0,0,0,0,0,0,44
14285,0,0,0,0,0,0,0,0,31,14,5,0,0,0,0
14409,0,0,0,0,0,0,0,0,0,0,0,10,13,2,19
14752,0,0,0,0,0,0,0,0,0,0,0,4,3,0,5
14796,0,0,0,0,0,0,1,0,0,0,0,0,0,0,0
14804,0,0,0,0,0,0,0,0,0,28,51,82,47,27,44
14807,0,0,0,0,0,0,0,0,0,0,0,23,30,33,119
14897,0,0,0,0,0,15,1,49,20,11,69,130,46,53,129
14929,0,0,0,0,0,0,0,2,4,0,0,0,0,0,0
14960,0,0,0,0,0,0,0,0,1,0,0,0,0,0,0
15149,0,0,0,0,0,0,26,96,62,109,55,15,0,2,6
15156,0,0,0,0,0,0,0,0,0,2,0,0,0,0,0
15229,0,0,0,0,0,1,0,0,0,0,0,0,0,0,0
15232,0,0,0,0,0,22,67,14,33,22,26,0,0,0,0
15245,0,0,0,0,0,0,0,0,0,0,1,0,0,0,0
15249,0,0,0,0,0,1,0,0,0,0,0,0,0,0,0
15434,0,0,0,0,0,0,4,10,11,25,37,56,19,23,13
15627,0,0,0,0,0,0,1,6,7,2,0,17,15,0,0
15976,0,0,0,0,0,3,0,0,0,0,0,0,0,0,3
15998,0,0,0,0,0,0,0,0,0,0,17,96,63,41,136
16057,0,0,0,0,0,16,2,0,0,0,0,0,0,0,0
16162,0,0,0,0,0,3,0,0,0,0,0,0,0,0,0
16238,0,0,0,0,0,46,17,17,7,7,7,12,9,3,21
16427,0,0,0,0,0,6,7,0,0,0,0,0,0,0,0
16593,0,0,0,0,0,0,0,0,0,0,0,0,0,0,4
16594,0,0,0,0,0,1,10,0,0,0,0,0,0,0,0
16603,0,0,0,0,0,0,3,0,0,0,0,0,0,0,0
16611,0,0,0,0,0,0,0,5,1,2,5,29,44,8,0
16777,0,0,0,0,0,0,6,11,7,3,7,7,2,3,0
16797,0,0,0,0,0,82,132,202,274,114,124,48,20,28,28
16873,0,0,0,0,0,0,0,0,0,0,11,26,5,9,3
16875,0,0,0,0,0,0,0,0,0,6,55,95,49,34,73
16920,0,0,0,0,0,0,0,0,0,0,0,0,0,2,2
16930,0,0,0,0,0,12,0,0,0,0,0,0,0,0,0
16995,0,0,0,0,0,0,0,6,5,51,346,1336,489,360,985
17008,0,0,0,0,0,0,0,3,0,0,3,9,0,2,1
17046,0,0,0,0,0,0,0,2,1,0,0,0,0,0,0
17059,0,0,0,0,0,0,0,8,1,0,0,0,0,0,0
17095,0,0,0,0,0,178,201,163,236,123,154,141,69,127,398
17113,0,0,0,0,0,0,2,6,0,1,0,0,0,0,0
17174,0,0,0,0,0,0,0,0,0,0,0,0,0,0,59
17212,0,0,0,0,0,0,0,0,2,3,5,0,0,0,0
17287,0,0,0,0,0,0,0,0,0,15,16,10,0,19,9
17383,0,0,0,0,0,0,0,4,6,1,0,0,0,0,0
17391,0,0,0,0,0,0,0,0,0,0,0,0,0,2,19
17394,0,0,0,0,0,0,7,1,0,3,0,0,0,0,0
17523,0,0,0,0,0,0,0,0,0,0,0,0,0,0,20
17560,0,0,0,0,0,0,0,0,0,0,0,0,0,2,2
17682,0,0,0,0,0,0,0,3,5,12,3,0,0,0,0
17716,0,0,0,0,0,3,1,0,0,0,0,0,0,0,0
17870,0,0,0,0,0,0,0,0,0,0,6,0,0,14,83
17925,0,0,0,0,0,0,0,0,1,0,0,0,0,0,0
17970,0,0,0,0,0,0,0,0,9,15,9,4,2,5,0
18027,0,0,0,0,0,1,22,2,1,1,0,0,0,0,1
18107,0,0,0,0,0,0,0,0,0,0,1,0,0,0,0
18147,0,0,0,0,0,9,10,2,2,0,0,0,0,0,0
18171,0,0,0,0,0,0,0,0,0,2,8,1,2,5,33
18199,0,0,0,0,0,0,0,0,15,2,9,30,7,1,4
18228,0,0,0,0,0,0,0,0,2,7,0,2,1,0,0
18271,0,0,0,0,0,0,0,0,0,0,0,0,0,0,1
18373,0,0,0,0,0,54,113,74,35,41,130,84,58,25,89
18422,0,0,0,0,0,0,58,52,92,43,22,13,2,2,4
18433,0,0,0,0,0,0,6,81,20,47,64,97,28,27,51
18474,0,0,0,0,0,0,1,3,10,8,5,9,7,30,8
18497,0,0,0,0,0,0,3,0,0,0,0,0,0,0,0
18586,0,0,0,0,0,0,1,0,0,0,0,0,0,0,0
18720,0,0,0,0,0,0,0,0,0,4,7,4,0,1,2
18817,0,0,0,0,0,0,4,0,0,0,0,0,0,0,0
18822,0,0,0,0,0,0,0,12,11,2,0,0,0,0,0
18964,0,0,0,0,0,0,0,0,0,0,0,0,0,0,175
19050,0,0,0,0,0,2,4,2,8,18,48,34,16,13,25
19053,0,0,0,0,0,0,0,0,0,1,5,3,3,3,5
19090,0,0,0,0,0,0,0,3,4,6,5,1,0,4,5
19092,0,0,0,0,0,5,2,0,0,0,0,0,0,0,0
19394,0,0,0,0,0,0,0,0,0,0,0,0,0,0,2
19420,0,0,0,0,0,0,0,0,0,0,0,0,0,0,5
19464,0,0,0,0,0,0,0,367,708,597,895,1119,930,776,1699
19481,0,0,0,0,0,0,0,0,0,0,0,0,0,1,1
19482,0,0,0,0,0,0,0,0,0,0,0,0,0,0,89
19486,0,0,0,0,0,0,0,0,0,2,5,0,0,0,0
19499,0,0,0,0,0,0,0,0,0,4,4,2,0,0,0
19575,0,0,0,0,0,0,63,205,156,339,434,232,91,139,368
19636,0,0,0,0,0,0,0,25,14,3,8,1,4,2,5
19681,0,0,0,0,0,0,0,2,0,0,0,0,0,0,0
19730,0,0,0,0,0,0,0,0,2,0,0,0,0,0,0
19742,0,0,0,0,0,0,6,6,8,0,1,0,0,0,0
19758,0,0,0,0,0,0,0,1,0,0,0,0,0,0,0
19770,0,0,0,0,0,0,20,0,0,0,0,0,0,0,0
19894,0,0,0,0,0,0,0,0,0,0,0,0,0,0,31
19921,0,0,0,0,0,0,0,0,0,0,0,164,45,85,188
20130,0,0,0,0,0,0,0,0,0,0,0,0,0,0,1
20306,0,0,0,0,0,0,0,0,5,4,12,2,0,0,0
20402,0,0,0,0,0,0,0,1,0,0,0,0,0,0,0
20442,0,0,0,0,0,0,86,442,586,571,1044,1268,746,737,1872
20490,0,0,0,0,0,0,0,2,1,0,0,0,0,0,0
20492,0,0,0,0,0,0,0,0,0,0,0,0,0,0,76
20514,0,0,0,0,0,0,7,3,2,3,3,6,0,1,0
20516,0,0,0,0,0,0,0,0,0,0,0,0,0,13,15
20593,0,0,0,0,0,0,178,233,187,112,238,195,170,184,528
20697,0,0,0,0,0,0,5,23,33,11,27,14,14,25,31
20766,0,0,0,0,0,0,0,0,0,3,4,0,0,0,1
20856,0,0,0,0,0,0,0,0,0,0,0,0,0,0,0
20870,0,0,0,0,0,0,0,0,0,0,0,0,0,0,2
21019,0,0,0,0,0,0,12,45,24,15,11,12,9,12,65
21066,0,0,0,0,0,0,0,0,0,0,1,4,3,0,50
21098,0,0,0,0,0,0,0,2,6,0,0,0,0,0,0
21142,0,0,0,0,0,0,0,0,0,0,0,0,7,10,10
21152,0,0,0,0,0,0,0,2,0,1,0,0,0,0,0
21162,0,0,0,0,0,0,0,0,2,0,0,0,0,33,80
21334,0,0,0,0,0,0,1,0,0,0,0,0,0,0,0
21344,0,0,0,0,0,0,0,0,0,0,0,0,1,0,0
21516,0,0,0,0,0,0,0,0,0,0,2,1,0,0,0
21632,0,0,0,0,0,0,0,0,24,14,28,24,15,24,25
21657,0,0,0,0,0,0,0,0,0,0,0,0,0,0,0
21694,0,0,0,0,0,0,9,49,107,61,27,16,9,24,32
21828,0,0,0,0,0,0,0,0,1,31,7,5,1,1,3
21846,0,0,0,0,0,0,0,0,0,0,0,0,0,15,95
21849,0,0,0,0,0,0,29,63,104,63,64,30,37,12,28
21934,0,0,0,0,0,0,0,0,0,0,0,0,0,0,2
21965,0,0,0,0,0,0,2,6,6,0,0,0,0,0,0
21968,0,0,0,0,0,0,39,138,171,80,155,155,107,50,125
21969,0,0,0,0,0,0,6,0,0,0,0,0,0,0,0
21975,0,0,0,0,0,0,0,0,0,0,0,0,0,0,38
21983,0,0,0,0,0,0,0,8,0,0,0,0,0,0,0
22011,0,0,0,0,0,0,0,1,0,0,0,0,0,0,0
22286,0,0,0,0,0,0,0,0,0,11,0,0,0,0,0
22324,0,0,0,0,0,0,0,10,1,0,0,0,0,0,0
22535,0,0,0,0,0,0,0,0,0,0,0,0,0,0,8
22566,0,0,0,0,0,0,1,4,0,0,0,0,0,0,17
22624,0,0,0,0,0,0,1,5,1,0,0,0,0,0,0
22633,0,0,0,0,0,0,0,0,0,0,0,0,0,0,0
22724,0,0,0,0,0,0,0,0,0,0,0,0,0,0,26
22735,0,0,0,0,0,0,1,6,2,1,1,3,1,0,0
22756,0,0,0,0,0,0,4,2,0,0,0,0,0,0,0
22807,0,0,0,0,0,0,1,0,0,0,0,0,0,0,0
23094,0,0,0,0,0,0,0,0,1,1,6,9,3,2,6
23143,0,0,0,0,0,0,0,0,0,0,0,0,0,0,45
23174,0,0,0,0,0,0,0,0,6,5,1,0,0,0,0
23296,0,0,0,0,0,0,0,0,0,0,0,0,0,0,4
23300,0,0,0,0,0,0,0,0,1,0,0,0,0,0,0
23301,0,0,0,0,0,0,0,0,0,0,0,0,0,0,15
23358,0,0,0,0,0,0,4,1,21,60,47,52,56,19,67
23406,0,0,0,0,0,0,0,0,0,0,0,0,0,0,7
23414,0,0,0,0,0,0,0,0,0,0,19,13,7,12,82
23443,0,0,0,0,0,0,0,27,116,133,184,161,144,49,60
23447,0,0,0,0,0,0,0,14,20,10,17,16,11,1,0
23483,0,0,0,0,0,0,0,0,0,0,0,0,0,0,112
23502,0,0,0,0,0,0,65,147,144,66,50,93,48,31,75
23574,0,0,0,0,0,0,0,4,1,0,0,0,0,0,0
23576,0,0,0,0,0,0,0,0,0,0,0,20,8,18,9
23586,0,0,0,0,0,0,0,0,0,0,0,0,22,4,11
23600,0,0,0,0,0,0,7,67,63,61,8,0,1,0,0
23776,0,0,0,0,0,0,0,52,51,33,21,38,12,25,31
23806,0,0,0,0,0,0,0,0,3,1,4,8,1,4,1
23810,0,0,0,0,0,0,1,0,0,0,0,0,0,0,0
23836,0,0,0,0,0,0,0,0,0,0,0,0,0,0,32
23859,0,0,0,0,0,0,2,0,3,0,0,0,0,0,0
23938,0,0,0,0,0,0,31,43,74,17,14,27,10,10,12
24090,0,0,0,0,0,0,0,0,38,78,205,224,73,76,128
24234,0,0,0,0,0,0,0,8,15,6,3,6,6,15,29
24334,0,0,0,0,0,0,0,0,0,0,0,27,8,0,2
24357,0,0,0,0,0,0,0,0,0,0,4,25,0,1,5
24358,0,0,0,0,0,0,0,2,1,0,0,0,0,0,3
24375,0,0,0,0,0,0,3,5,0,0,0,0,0,0,0
24440,0,0,0,0,0,0,0,0,4,0,1,0,0,0,0
24456,0,0,0,0,0,0,7,0,0,5,6,16,7,2,4
24557,0,0,0,0,0,0,0,0,0,0,0,0,2,0,5
24566,0,0,0,0,0,0,0,0,1,0,0,0,0,0,0
24573,0,0,0,0,0,0,0,1,1,0,0,0,0,0,0
24668,0,0,0,0,0,0,0,0,0,102,450,310,155,95,185
24740,0,0,0,0,0,0,0,0,0,0,0,0,0,23,560
24800,0,0,0,0,0,0,0,0,0,0,26,19,14,13,15
24853,0,0,0,0,0,0,0,0,0,0,0,7,14,9,13
24968,0,0,0,0,0,0,0,1,14,10,16,19,8,5,7
25016,0,0,0,0,0,0,0,0,0,0,0,0,0,4,50
25101,0,0,0,0,0,0,0,0,0,0,1,7,4,0,0
25141,0,0,0,0,0,0,3,28,2,2,4,6,2,0,1
25430,0,0,0,0,0,0,0,2,0,0,0,0,0,0,0
25458,0,0,0,0,0,0,1,13,1,0,0,0,0,0,0
25635,0,0,0,0,0,0,14,94,86,38,137,198,133,151,325
25636,0,0,0,0,0,0,0,0,0,0,3,25,6,2,7
25685,0,0,0,0,0,0,0,0,1,0,0,0,0,0,0
25704,0,0,0,0,0,0,0,0,0,0,0,0,0,3,4
25764,0,0,0,0,0,0,0,2,0,0,0,0,0,0,0
25778,0,0,0,0,0,0,0,0,0,0,0,0,0,0,1
25783,0,0,0,0,0,0,0,0,0,0,2,45,21,7,12
25797,0,0,0,0,0,0,0,0,0,0,0,188,0,0,0
25863,0,0,0,0,0,0,0,0,0,1,0,0,0,0,0
25892,0,0,0,0,0,0,44,63,36,10,12,10,5,11,52
25895,0,0,0,0,0,0,2,14,3,0,0,0,0,0,0
25988,0,0,0,0,0,0,9,25,19,12,10,4,0,3,2
25992,0,0,0,0,0,0,3,1,4,0,0,0,0,0,0
26137,0,0,0,0,0,0,1,4,0,0,0,0,0,0,0
26294,0,0,0,0,0,0,0,0,2,6,1,0,0,0,0
26307,0,0,0,0,0,0,0,0,0,0,0,0,0,0,1
26357,0,0,0,0,0,0,0,0,0,0,41,15,8,6,7
26389,0,0,0,0,0,0,0,0,0,0,0,0,0,0,8
26412,0,0,0,0,0,0,0,0,0,14,31,37,28,12,26
26436,0,0,0,0,0,0,0,11,60,36,46,67,21,35,69
26450,0,0,0,0,0,0,0,10,4,2,0,0,0,0,0
26561,0,0,0,0,0,0,0,0,0,0,1,0,0,0,0
26591,0,0,0,0,0,0,0,0,0,0,0,0,0,0,17
26597,0,0,0,0,0,0,0,3,1,0,0,0,0,0,0
26811,0,0,0,0,0,0,0,0,6,0,0,0,0,0,0
26853,0,0,0,0,0,0,0,0,0,3,0,0,0,0,1
26858,0,0,0,0,0,0,0,5,4,0,0,0,0,0,0
26926,0,0,0,0,0,0,0,3,0,1,1,0,0,0,0
26980,0,0,0,0,0,0,0,0,0,0,0,0,0,0,22
27021,0,0,0,0,0,0,0,0,0,1,0,0,0,0,0
27103,0,0,0,0,0,0,0,0,1,0,0,0,0,0,3
27318,0,0,0,0,0,0,0,0,75,117,40,29,17,17,16
27389,0,0,0,0,0,0,0,0,0,0,0,0,0,0,36
27444,0,0,0,0,0,0,0,0,0,0,0,2,0,0,0
27487,0,0,0,0,0,0,0,6,0,0,0,0,0,0,0
27530,0,0,0,0,0,0,0,0,0,0,0,18,20,7,35
27593,0,0,0,0,0,0,0,0,0,0,0,0,0,0,30
27731,0,0,0,0,0,0,0,0,13,41,20,23,17,4,34
27747,0,0,0,0,0,0,0,1,2,1,0,0,0,0,0
27926,0,0,0,0,0,0,0,50,43,34,56,41,23,7,19
27980,0,0,0,0,0,0,0,0,0,0,0,20,58,160,382
27997,0,0,0,0,0,0,0,2,2,0,47,354,248,334,555
28054,0,0,0,0,0,0,0,4,7,4,1,3,0,1,0
28108,0,0,0,0,0,0,0,0,0,0,0,0,0,0,69
28296,0,0,0,0,0,0,0,0,0,0,0,0,0,0,1
28302,0,0,0,0,0,0,0,13,36,27,34,60,11,15,12
28355,0,0,0,0,0,0,0,0,0,0,0,0,0,0,4
28430,0,0,0,0,0,0,0,21,15,17,15,32,20,15,29
28497,0,0,0,0,0,0,0,0,0,0,0,0,0,0,26
28499,0,0,0,0,0,0,0,0,75,170,170,167,71,35,52
28517,0,0,0,0,0,0,0,0,0,0,0,0,0,0,0
28571,0,0,0,0,0,0,0,1,2,0,0,0,0,0,0
28581,0,0,0,0,0,0,0,0,10,0,0,17,9,5,2
28594,0,0,0,0,0,0,0,1,1,0,0,0,0,0,0
28596,0,0,0,0,0,0,0,0,0,0,0,0,0,0,13
28623,0,0,0,0,0,0,0,2,0,0,0,0,0,0,0
28936,0,0,0,0,0,0,0,8,1,0,0,0,0,0,0
28942,0,0,0,0,0,0,0,0,1,0,0,0,0,0,0
28948,0,0,0,0,0,0,0,231,324,292,419,477,279,191,408
28964,0,0,0,0,0,0,0,5,10,15,22,34,15,15,15
28982,0,0,0,0,0,0,0,1,1,0,0,0,0,0,0
29325,0,0,0,0,0,0,0,4,1,1,0,0,0,0,0
29329,0,0,0,0,0,0,0,3,0,0,0,0,0,0,0
29479,0,0,0,0,0,0,0,0,0,0,0,16,0,0,0
29557,0,0,0,0,0,0,0,0,6,0,0,0,0,0,0
29611,0,0,0,0,0,0,0,0,0,0,0,0,0,0,6
29656,0,0,0,0,0,0,0,20,28,15,53,48,44,81,203
29664,0,0,0,0,0,0,0,0,0,0,0,0,0,0,4
29710,0,0,0,0,0,0,0,0,0,0,0,0,0,0,7
29752,0,0,0,0,0,0,0,5,21,5,3,12,10,2,0
29768,0,0,0,0,0,0,0,7,0,0,0,0,0,0,0
29947,0,0,0,0,0,0,0,5,14,5,8,9,5,1,9
29965,0,0,0,0,0,0,0,0,0,0,1,0,0,0,0
30052,0,0,0,0,0,0,0,0,23,21,49,55,17,9,28
30076,0,0,0,0,0,0,0,0,0,14,3,2,3,0,0
30291,0,0,0,0,0,0,0,25,2,7,1,0,0,0,0
30322,0,0,0,0,0,0,0,2,2,1,1,3,0,0,0
30329,0,0,0,0,0,0,0,0,0,0,0,0,0,4,9
30383,0,0,0,0,0,0,0,2,0,0,0,0,0,0,0
30401,0,0,0,0,0,0,0,0,5,0,0,0,0,0,0
30445,0,0,0,0,0,0,0,0,0,6,2,6,6,10,10
30628,0,0,0,0,0,0,0,0,0,0,0,42,18,7,8
30717,0,0,0,0,0,0,0,0,5,6,13,4,7,4,11
30839,0,0,0,0,0,0,0,0,0,0,0,0,0,18,3
30935,0,0,0,0,0,0,0,0,2,0,0,0,0,0,0
30948,0,0,0,0,0,0,0,0,0,3,0,0,0,0,0
31014,0,0,0,0,0,0,0,0,19,17,31,2,4,0,0
31119,0,0,0,0,0,0,0,0,0,0,0,0,0,0,0
31171,0,0,0,0,0,0,0,0,0,0,0,0,2,3,2
31204,0,0,0,0,0,0,0,0,0,0,0,0,0,0,50
31356,0,0,0,0,0,0,0,0,0,0,0,35,14,11,61
31385,0,0,0,0,0,0,0,2,0,0,0,0,0,0,0
31426,0,0,0,0,0,0,0,0,0,0,0,0,0,0,118
31427,0,0,0,0,0,0,0,0,0,0,0,0,0,0,25
31433,0,0,0,0,0,0,0,0,0,0,0,0,0,41,89
31437,0,0,0,0,0,0,0,0,7,0,3,2,0,2,1
31505,0,0,0,0,0,0,0,3,4,0,0,0,0,0,0
31546,0,0,0,0,0,0,0,0,0,0,4,11,0,0,0
31580,0,0,0,0,0,0,0,5,13,5,7,6,5,6,4
31628,0,0,0,0,0,0,0,2,3,0,1,7,4,3,4
31630,0,0,0,0,0,0,0,2,0,0,0,0,0,0,0
31634,0,0,0,0,0,0,0,2,0,0,0,0,0,0,0
31687,0,0,0,0,0,0,0,0,0,0,0,25,8,3,46
31729,0,0,0,0,0,0,0,0,0,0,0,0,0,0,1
31735,0,0,0,0,0,0,0,0,2,3,0,0,0,0,0
31793,0,0,0,0,0,0,0,0,0,12,15,23,11,13,22
31831,0,0,0,0,0,0,0,0,0,31,521,714,441,286,921
31848,0,0,0,0,0,0,0,0,0,0,0,17,5,6,9
31906,0,0,0,0,0,0,0,0,0,0,0,4,3,1,0
31926,0,0,0,0,0,0,0,5,9,22,35,19,6,3,4
32251,0,0,0,0,0,0,0,0,45,183,319,203,77,39,84
32382,0,0,0,0,0,0,0,0,0,0,0,0,0,0,11
32449,0,0,0,0,0,0,0,3,0,7,4,3,5,2,0
32499,0,0,0,0,0,0,0,1,10,4,5,3,2,2,1
32745,0,0,0,0,0,0,0,0,2,1,0,0,0,0,0
32944,0,0,0,0,0,0,0,0,0,0,0,6,0,0,1
32976,0,0,0,0,0,0,0,0,2,7,41,20,14,13,0
33248,0,0,0,0,0,0,0,0,0,0,0,0,0,1,21
33250,0,0,0,0,0,0,0,0,0,0,0,0,0,0,1
33281,0,0,0,0,0,0,0,0,0,0,56,160,136,184,339
33334,0,0,0,0,0,0,0,0,0,2,0,0,0,0,0
33433,0,0,0,0,0,0,0,0,0,0,0,0,0,0,34
33439,0,0,0,0,0,0,0,0,0,0,25,222,45,49,139
33461,0,0,0,0,0,0,0,0,0,1,0,0,0,0,0
33478,0,0,0,0,0,0,0,7,72,21,17,35,21,13,26
33561,0,0,0,0,0,0,0,0,0,0,3,28,30,3,5
33731,0,0,0,0,0,0,0,0,0,0,0,1,18,4,9
33895,0,0,0,0,0,0,0,5,15,0,0,0,0,0,0
34139,0,0,0,0,0,0,0,0,0,1,0,0,0,0,0
34245,0,0,0,0,0,0,0,6,0,0,0,0,0,0,0
34568,0,0,0,0,0,0,0,0,8,16,37,55,9,27,76
34732,0,0,0,0,0,0,0,0,0,0,0,0,0,0,6
34746,0,0,0,0,0,0,0,0,0,0,0,0,3,1,0
34844,0,0,0,0,0,0,0,3,14,0,2,0,0,0,0
35015,0,0,0,0,0,0,0,0,1,0,0,0,0,0,0
35035,0,0,0,0,0,0,0,0,7,12,3,2,1,3,10
35093,0,0,0,0,0,0,0,0,0,0,0,0,0,0,11
35293,0,0,0,0,0,0,0,0,16,4,0,2,0,0,0
35453,0,0,0,0,0,0,0,1,0,0,0,0,0,0,0
35507,0,0,0,0,0,0,0,0,0,0,0,0,0,53,170
35538,0,0,0,0,0,0,0,0,0,0,42,14,2,7,6
35668,0,0,0,0,0,0,0,0,0,0,0,19,2,2,0
35681,0,0,0,0,0,0,0,0,0,0,0,0,0,0,3
35928,0,0,0,0,0,0,0,2,20,24,21,50,15,4,11
35987,0,0,0,0,0,0,0,43,243,445,639,1004,728,540,954
36030,0,0,0,0,0,0,0,5,96,137,212,377,223,215,394
36037,0,0,0,0,0,0,0,5,253,327,494,769,436,248,447
36054,0,0,0,0,0,0,0,0,4,0,0,0,0,0,0
36092,0,0,0,0,0,0,0,0,12,2,6,0,0,0,0
36176,0,0,0,0,0,0,0,0,1,0,0,0,0,0,0
36202,0,0,0,0,0,0,0,0,0,0,212,261,161,198,342
36304,0,0,0,0,0,0,0,0,6,11,5,5,2,0,0
36475,0,0,0,0,0,0,0,0,10,10,10,10,8,6,6
36480,0,0,0,0,0,0,0,0,0,0,0,0,0,5,34
36640,0,0,0,0,0,0,0,0,1,17,14,14,2,2,8
36646,0,0,0,0,0,0,0,0,1,0,0,0,0,0,0
36703,0,0,0,0,0,0,0,0,0,0,37,70,26,21,52
36755,0,0,0,0,0,0,0,0,0,0,0,0,0,0,2
36776,0,0,0,0,0,0,0,0,0,0,0,0,0,0,51
36797,0,0,0,0,0,0,0,0,2,0,14,1,0,0,0
36906,0,0,0,0,0,0,0,5,65,4,2,1,2,0,0
36914,0,0,0,0,0,0,0,0,0,0,0,0,0,0,5
36945,0,0,0,0,0,0,0,0,0,0,0,5,0,0,0
36960,0,0,0,0,0,0,0,0,3,0,0,0,0,0,0
36994,0,0,0,0,0,0,0,0,0,0,0,0,0,0,0
37058,0,0,0,0,0,0,0,0,19,12,4,4,0,4,6
37185,0,0,0,0,0,0,0,2,17,9,19,18,2,2,5
37207,0,0,0,0,0,0,0,0,1,10,13,0,1,0,0
37210,0,0,0,0,0,0,0,0,4,1,2,1,0,0,0
37299,0,0,0,0,0,0,0,0,0,0,0,0,0,0,20
37433,0,0,0,0,0,0,0,1,6,64,89,160,69,87,446
37434,0,0,0,0,0,0,0,6,13,7,2,4,0,2,3
37447,0,0,0,0,0,0,0,9,151,115,371,513,293,211,493
37457,0,0,0,0,0,0,0,0,0,0,0,0,0,0,1
37480,0,0,0,0,0,0,0,0,0,21,8,7,2,31,174
37536,0,0,0,0,0,0,0,0,3,1,0,0,0,0,2
37561,0,0,0,0,0,0,0,0,2,0,0,0,0,0,0
37570,0,0,0,0,0,0,0,0,0,0,0,58,31,35,62
37641,0,0,0,0,0,0,0,1,0,0,0,0,0,0,0
37659,0,0,0,0,0,0,0,0,34,21,34,21,20,6,14
37670,0,0,0,0,0,0,0,0,1,0,0,0,0,0,0
37694,0,0,0,0,0,0,0,2,0,0,0,0,0,0,0
37728,0,0,0,0,0,0,0,0,1,0,0,0,0,0,0
37744,0,0,0,0,0,0,0,0,3,4,6,6,1,0,1
37767,0,0,0,0,0,0,0,0,0,0,0,0,0,0,18
37786,0,0,0,0,0,0,0,0,0,0,1,0,0,0,0
37801,0,0,0,0,0,0,0,0,32,10,6,3,0,0,0
37879,0,0,0,0,0,0,0,0,0,0,79,340,60,46,95
37896,0,0,0,0,0,0,0,0,0,0,0,0,0,0,32
37906,0,0,0,0,0,0,0,0,10,6,5,13,9,0,6
37910,0,0,0,0,0,0,0,1,21,24,29,72,26,25,51
37929,0,0,0,0,0,0,0,2,4,0,0,0,0,0,0
38205,0,0,0,0,0,0,0,0,0,0,0,19,4,3,0
38287,0,0,0,0,0,0,0,0,0,3,4,1,0,0,0
38341,0,0,0,0,0,0,0,0,4,0,0,0,0,0,0
38388,0,0,0,0,0,0,0,0,0,0,0,0,4,0,1
38442,0,0,0,0,0,0,0,0,0,0,1,0,0,0,0
38506,0,0,0,0,0,0,0,0,1,0,0,0,0,0,0
38574,0,0,0,0,0,0,0,0,0,0,0,0,0,0,5
38617,0,0,0,0,0,0,0,0,53,81,337,772,309,261,727
38638,0,0,0,0,0,0,0,0,0,0,0,0,0,2,4
38643,0,0,0,0,0,0,0,0,0,0,0,1,1,1,2
38645,0,0,0,0,0,0,0,0,7,5,0,0,0,1,0
38710,0,0,0,0,0,0,0,0,0,5,28,45,16,13,22
38749,0,0,0,0,0,0,0,0,1,2,5,0,0,0,0
38911,0,0,0,0,0,0,0,0,0,0,0,0,0,0,64
39030,0,0,0,0,0,0,0,0,0,0,0,0,0,0,61
39066,0,0,0,0,0,0,0,0,9,5,0,0,0,0,0
39163,0,0,0,0,0,0,0,0,0,46,85,139,69,32,63
39182,0,0,0,0,0,0,0,0,0,0,0,0,0,0,4
39196,0,0,0,0,0,0,0,0,10,20,29,29,7,9,6
39488,0,0,0,0,0,0,0,0,0,0,0,0,0,0,1
39499,0,0,0,0,0,0,0,0,0,0,0,8,5,0,1
39501,0,0,0,0,0,0,0,0,0,0,2,3,2,4,1
39546,0,0,0,0,0,0,0,0,36,12,38,61,25,10,12
39564,0,0,0,0,0,0,0,0,2,0,0,0,0,0,0
39692,0,0,0,0,0,0,0,0,5,3,4,5,5,3,14
39717,0,0,0,0,0,0,0,0,0,0,0,0,2,0,3
39760,0,0,0,0,0,0,0,0,6,2,0,0,0,0,0
39831,0,0,0,0,0,0,0,0,56,32,132,153,37,40,74
39840,0,0,0,0,0,0,0,0,0,0,10,21,19,12,15
39885,0,0,0,0,0,0,0,0,0,0,26,36,19,5,16
39901,0,0,0,0,0,0,0,0,1,0,0,0,0,0,0
39925,0,0,0,0,0,0,0,0,0,0,0,0,0,1,1
40101,0,0,0,0,0,0,0,0,0,0,0,0,0,0,26
40112,0,0,0,0,0,0,0,0,0,0,8,7,7,0,0
40218,0,0,0,0,0,0,0,0,0,0,0,5,17,6,38
40405,0,0,0,0,0,0,0,0,0,0,0,0,2,0,0
40604,0,0,0,0,0,0,0,0,0,0,16,23,12,7,39
40623,0,0,0,0,0,0,0,0,1,1,1,0,0,0,0
40628,0,0,0,0,0,0,0,0,0,0,0,0,0,6,49
40673,0,0,0,0,0,0,0,0,0,0,0,1,0,2,1
40751,0,0,0,0,0,0,0,0,19,0,0,0,0,0,0
40805,0,0,0,0,0,0,0,0,101,131,84,93,42,32,319
40819,0,0,0,0,0,0,0,0,4,1,0,0,0,0,0
40839,0,0,0,0,0,0,0,0,0,0,0,2,0,0,0
40858,0,0,0,0,0,0,0,0,0,316,737,426,121,136,201
40862,0,0,0,0,0,0,0,0,0,1,0,0,0,0,0
40988,0,0,0,0,0,0,0,0,0,0,0,0,0,0,106
41061,0,0,0,0,0,0,0,0,3,4,0,0,0,0,0
41087,0,0,0,0,0,0,0,0,0,0,0,0,0,0,0
41290,0,0,0,0,0,0,0,0,0,0,64,80,53,120,252
41339,0,0,0,0,0,0,0,0,0,0,0,9,9,10,25
41471,0,0,0,0,0,0,0,0,5,1,0,0,0,0,0
41513,0,0,0,0,0,0,0,0,0,0,0,0,1,0,0
41584,0,0,0,0,0,0,0,0,19,49,39,60,21,4,96
41775,0,0,0,0,0,0,0,0,1,0,0,0,0,0,0
41867,0,0,0,0,0,0,0,0,0,0,8,95,18,28,50
41891,0,0,0,0,0,0,0,0,0,0,0,5,0,0,0
41905,0,0,0,0,0,0,0,0,0,5,34,20,8,6,6
41907,0,0,0,0,0,0,0,0,2,1,1,0,0,0,0
42079,0,0,0,0,0,0,0,0,19,0,0,0,0,0,0
42147,0,0,0,0,0,0,0,0,2,0,0,0,0,0,0
42158,0,0,0,0,0,0,0,0,0,0,0,0,0,0,151
42419,0,0,0,0,0,0,0,0,1,2,4,0,0,0,0
42544,0,0,0,0,0,0,0,0,0,0,0,0,0,0,50
42546,0,0,0,0,0,0,0,0,9,18,35,25,3,15,7
42598,0,0,0,0,0,0,0,0,0,0,0,0,0,0,0
42743,0,0,0,0,0,0,0,0,0,0,0,28,82,47,87
42744,0,0,0,0,0,0,0,0,0,0,0,0,38,1,100
42829,0,0,0,0,0,0,0,0,3,1,0,0,0,0,0
42900,0,0,0,0,0,0,0,0,7,413,333,244,82,56,208
42902,0,0,0,0,0,0,0,0,0,0,0,0,65,125,282
42914,0,0,0,0,0,0,0,0,4,10,7,0,0,0,0
42996,0,0,0,0,0,0,0,0,0,48,25,11,2,0,10
43018,0,0,0,0,0,0,0,0,34,9,6,2,0,0,8
43035,0,0,0,0,0,0,0,0,0,18,30,46,4,1,7
43076,0,0,0,0,0,0,0,0,0,0,0,0,0,0,14
43118,0,0,0,0,0,0,0,0,0,0,0,11,10,3,3
43151,0,0,0,0,0,0,0,0,0,2,13,1,0,0,0
43230,0,0,0,0,0,0,0,0,0,0,0,0,0,2,4
43238,0,0,0,0,0,0,0,0,0,0,9,5,0,1,15
43271,0,0,0,0,0,0,0,0,0,0,1,4,0,0,0
43287,0,0,0,0,0,0,0,0,0,0,0,0,0,70,178
43293,0,0,0,0,0,0,0,0,4,0,0,0,0,0,0
43351,0,0,0,0,0,0,0,0,0,0,101,182,92,82,214
43375,0,0,0,0,0,0,0,0,0,0,0,16,4,0,0
43464,0,0,0,0,0,0,0,0,0,1,2,0,0,0,0
43517,0,0,0,0,0,0,0,0,0,20,156,176,119,70,158
43519,0,0,0,0,0,0,0,0,19,18,40,18,11,7,10
43590,0,0,0,0,0,0,0,0,0,5,4,0,0,0,0
43651,0,0,0,0,0,0,0,0,0,0,0,0,0,0,3
43788,0,0,0,0,0,0,0,0,0,0,0,30,22,34,50
43923,0,0,0,0,0,0,0,0,0,0,0,0,0,0,45
43936,0,0,0,0,0,0,0,0,0,0,0,0,0,0,113
43968,0,0,0,0,0,0,0,0,0,0,0,1,3,0,0
44035,0,0,0,0,0,0,0,0,22,19,15,8,7,2,0
44053,0,0,0,0,0,0,0,0,0,16,1,0,0,0,0
44081,0,0,0,0,0,0,0,0,0,0,5,0,1,0,0
44186,0,0,0,0,0,0,0,0,0,7,0,0,0,0,182
44233,0,0,0,0,0,0,0,0,0,1,0,0,0,0,0
44248,0,0,0,0,0,0,0,0,1,9,2,6,1,1,0
44360,0,0,0,0,0,0,0,0,0,0,0,0,0,1,129
44390,0,0,0,0,0,0,0,0,0,0,2,7,4,2,5
44525,0,0,0,0,0,0,0,0,1,0,0,0,0,0,0
44549,0,0,0,0,0,0,0,0,0,2,1,4,1,0,0
44611,0,0,0,0,0,0,0,0,4,0,0,0,0,0,0
44640,0,0,0,0,0,0,0,0,0,0,0,0,0,0,1
44706,0,0,0,0,0,0,0,0,9,7,2,0,0,0,0
44735,0,0,0,0,0,0,0,0,0,3,1,0,0,0,0
44836,0,0,0,0,0,0,0,0,1,2,0,0,0,0,0
44851,0,0,0,0,0,0,0,0,0,0,1,4,1,0,0
45009,0,0,0,0,0,0,0,0,0,0,0,0,0,0,73
45015,0,0,0,0,0,0,0,0,30,27,38,59,26,12,61
45027,0,0,0,0,0,0,0,0,0,2,1,0,0,0,0
45140,0,0,0,0,0,0,0,0,0,0,0,0,0,0,5
45179,0,0,0,0,0,0,0,0,0,10,0,0,0,0,0
45269,0,0,0,0,0,0,0,0,0,0,0,0,1,0,4
45335,0,0,0,0,0,0,0,0,0,0,0,55,30,43,72
45391,0,0,0,0,0,0,0,0,8,6,3,2,0,0,0
45396,0,0,0,0,0,0,0,0,6,22,13,4,0,1,3
45427,0,0,0,0,0,0,0,0,1,45,172,282,137,56,114
45461,0,0,0,0,0,0,0,0,8,4,0,0,0,0,0
45463,0,0,0,0,0,0,0,0,1,0,0,0,0,0,0
45472,0,0,0,0,0,0,0,0,0,0,0,3,2,4,3
45520,0,0,0,0,0,0,0,0,0,0,0,6,6,12,12
45547,0,0,0,0,0,0,0,0,0,0,12,4,0,3,1
45571,0,0,0,0,0,0,0,0,0,1,2,0,0,0,6
45789,0,0,0,0,0,0,0,0,0,1,2,0,0,0,0
46085,0,0,0,0,0,0,0,0,0,0,0,58,231,94,471
46105,0,0,0,0,0,0,0,0,0,0,1,0,0,0,0
46159,0,0,0,0,0,0,0,0,0,14,6,7,1,0,0
46164,0,0,0,0,0,0,0,0,1,6,1,0,0,0,0
46176,0,0,0,0,0,0,0,0,0,0,0,1,0,0,0
46233,0,0,0,0,0,0,0,0,1,17,5,0,0,1,0
46271,0,0,0,0,0,0,0,0,1,0,0,0,0,0,0
46325,0,0,0,0,0,0,0,0,0,0,0,0,0,12,102
46338,0,0,0,0,0,0,0,0,3,3,0,0,0,0,0
46392,0,0,0,0,0,0,0,0,0,0,6,4,2,0,0
46395,0,0,0,0,0,0,0,0,0,0,0,18,8,5,9
46405,0,0,0,0,0,0,0,0,3,0,0,0,0,0,0
46664,0,0,0,0,0,0,0,0,0,0,0,0,0,0,11
46679,0,0,0,0,0,0,0,0,0,0,0,0,0,0,1
46833,0,0,0,0,0,0,0,0,22,27,29,51,28,4,114
46841,0,0,0,0,0,0,0,0,0,0,0,0,0,0,2
46852,0,0,0,0,0,0,0,0,2,1,9,5,5,3,0
46929,0,0,0,0,0,0,0,0,0,0,0,0,0,6,34
46952,0,0,0,0,0,0,0,0,0,0,2,1,0,0,0
47057,0,0,0,0,0,0,0,0,0,0,5,11,1,9,27
47094,0,0,0,0,0,0,0,0,0,6,0,5,3,1,2
47190,0,0,0,0,0,0,0,0,0,0,0,0,0,0,197
47208,0,0,0,0,0,0,0,0,0,0,0,0,8,0,2
47219,0,0,0,0,0,0,0,0,0,0,0,2,4,1,1
47291,0,0,0,0,0,0,0,0,0,0,0,0,0,0,4
47328,0,0,0,0,0,0,0,0,1,0,0,0,0,0,0
47661,0,0,0,0,0,0,0,0,0,11,14,24,8,34,50
47755,0,0,0,0,0,0,0,0,0,0,113,211,91,56,199
47794,0,0,0,0,0,0,0,0,0,0,0,3,1,1,1
47845,0,0,0,0,0,0,0,0,0,8,1,0,0,0,0
47866,0,0,0,0,0,0,0,0,0,0,0,0,1,2,0
47991,0,0,0,0,0,0,0,0,0,0,0,0,0,0,83
48238,0,0,0,0,0,0,0,0,0,0,0,2,3,1,1
48381,0,0,0,0,0,0,0,0,0,1,4,0,0,2,0
48464,0,0,0,0,0,0,0,0,0,0,15,0,17,1,91
48565,0,0,0,0,0,0,0,0,0,0,0,72,77,18,24
48849,0,0,0,0,0,0,0,0,0,0,0,48,21,13,37
48870,0,0,0,0,0,0,0,0,0,3,0,0,0,0,0
49169,0,0,0,0,0,0,0,0,0,0,56,42,14,6,33
49616,0,0,0,0,0,0,0,0,0,0,0,0,0,5,10
49633,0,0,0,0,0,0,0,0,0,0,0,0,0,0,11
50000,0,0,0,0,0,0,0,0,0,0,0,5,1,0,0
50063,0,0,0,0,0,0,0,0,0,0,0,0,0,0,1
50112,0,0,0,0,0,0,0,0,0,4,10,17,9,1,0
50198,0,0,0,0,0,0,0,0,0,1,0,0,0,0,0
50332,0,0,0,0,0,0,0,0,0,4,6,0,0,0,0
50389,0,0,0,0,0,0,0,0,0,0,0,0,0,0,1
50413,0,0,0,0,0,0,0,0,0,8,3,7,2,1,5
50424,0,0,0,0,0,0,0,0,0,0,0,0,0,0,1
50483,0,0,0,0,0,0,0,0,0,0,0,69,25,14,9
50755,0,0,0,0,0,0,0,0,0,3,0,0,0,0,0
50817,0,0,0,0,0,0,0,0,0,0,0,0,1,0,0
50818,0,0,0,0,0,0,0,0,0,0,0,0,1,0,0
50872,0,0,0,0,0,0,0,0,1,0,0,0,0,0,0
50924,0,0,0,0,0,0,0,0,0,0,0,0,0,0,99
51036,0,0,0,0,0,0,0,0,0,120,178,94,27,11,65
51049,0,0,0,0,0,0,0,0,0,90,230,276,146,87,221
51059,0,0,0,0,0,0,0,0,0,0,0,1,0,0,0
51117,0,0,0,0,0,0,0,0,0,12,16,14,6,2,11
51193,0,0,0,0,0,0,0,0,0,11,2,0,0,0,0
51233,0,0,0,0,0,0,0,0,0,21,52,53,19,5,14
51472,0,0,0,0,0,0,0,0,0,0,2,26,1,0,1
51484,0,0,0,0,0,0,0,0,0,0,0,1,0,0,0
51516,0,0,0,0,0,0,0,0,0,5,11,1,3,0,1
51741,0,0,0,0,0,0,0,0,0,26,56,52,15,9,10
52007,0,0,0,0,0,0,0,0,0,169,153,22,1,5,17
52118,0,0,0,0,0,0,0,0,0,0,0,0,0,0,3
52470,0,0,0,0,0,0,0,0,0,15,8,7,2,2,4
52641,0,0,0,0,0,0,0,0,0,3,0,0,0,0,0
52672,0,0,0,0,0,0,0,0,0,21,12,0,0,0,0
52717,0,0,0,0,0,0,0,0,0,0,0,1,0,0,0
52718,0,0,0,0,0,0,0,0,0,33,223,343,107,23,62
52832,0,0,0,0,0,0,0,0,0,0,0,0,1,0,0
53068,0,0,0,0,0,0,0,0,0,4,1,0,8,0,0
53143,0,0,0,0,0,0,0,0,0,0,0,0,0,0,212
53175,0,0,0,0,0,0,0,0,0,0,1,0,0,0,0
53183,0,0,0,0,0,0,0,0,0,5,18,6,1,1,0
53232,0,0,0,0,0,0,0,0,0,25,33,26,3,1,7
53233,0,0,0,0,0,0,0,0,0,0,16,31,9,2,3
53356,0,0,0,0,0,0,0,0,0,0,0,0,0,1,50
53459,0,0,0,0,0,0,0,0,0,1,0,0,0,0,0
53568,0,0,0,0,0,0,0,0,0,0,0,29,4,10,5
53603,0,0,0,0,0,0,0,0,0,0,0,9,0,0,0
53849,0,0,0,0,0,0,0,0,0,0,101,220,153,52,151
53996,0,0,0,0,0,0,0,0,0,0,0,0,1,0,0
54209,0,0,0,0,0,0,0,0,0,3,4,0,0,0,0
54388,0,0,0,0,0,0,0,0,0,1,0,0,0,0,0
54408,0,0,0,0,0,0,0,0,0,1,0,0,0,0,0
54696,0,0,0,0,0,0,0,0,0,0,0,2,0,0,0
54775,0,0,0,0,0,0,0,0,0,30,74,203,116,98,190
55370,0,0,0,0,0,0,0,0,0,0,0,3,1,5,13
55572,0,0,0,0,0,0,0,0,0,0,5,0,0,0,0
55612,0,0,0,0,0,0,0,0,0,4,17,15,17,0,7
55854,0,0,0,0,0,0,0,0,0,2,2,0,0,0,0
56532,0,0,0,0,0,0,0,0,0,0,0,2,0,0,0
56684,0,0,0,0,0,0,0,0,0,0,0,0,0,0,1
56716,0,0,0,0,0,0,0,0,0,0,16,17,12,10,7
56826,0,0,0,0,0,0,0,0,0,0,0,8,5,1,0
56881,0,0,0,0,0,0,0,0,0,0,0,2,0,0,0
56968,0,0,0,0,0,0,0,0,0,14,17,21,7,8,9
57037,0,0,0,0,0,0,0,0,0,0,5,8,0,0,0
57058,0,0,0,0,0,0,0,0,0,0,5,0,0,0,0
57311,0,0,0,0,0,0,0,0,0,0,0,9,2,9,1
57355,0,0,0,0,0,0,0,0,0,13,1,1,0,1,3
57391,0,0,0,0,0,0,0,0,0,0,0,2,7,3,1
57512,0,0,0,0,0,0,0,0,0,0,9,43,9,2,5
57580,0,0,0,0,0,0,0,0,0,60,584,1343,520,537,1414
57612,0,0,0,0,0,0,0,0,0,0,235,222,90,96,136
57673,0,0,0,0,0,0,0,0,0,15,19,6,0,1,0
57711,0,0,0,0,0,0,0,0,0,0,0,0,0,8,2
57879,0,0,0,0,0,0,0,0,0,0,0,1,0,0,0
58074,0,0,0,0,0,0,0,0,0,3,0,0,0,0,0
58096,0,0,0,0,0,0,0,0,0,0,12,0,0,0,0
58281,0,0,0,0,0,0,0,0,0,0,1,31,5,0,0
58314,0,0,0,0,0,0,0,0,0,2,6,2,0,0,0
58579,0,0,0,0,0,0,0,0,0,13,10,2,8,17,0
58766,0,0,0,0,0,0,0,0,0,0,0,4,0,1,0
58767,0,0,0,0,0,0,0,0,0,0,0,9,23,5,0
58960,0,0,0,0,0,0,0,0,0,0,22,6,0,0,0
59420,0,0,0,0,0,0,0,0,0,0,0,0,0,0,10
59435,0,0,0,0,0,0,0,0,0,0,12,0,0,1,0
59537,0,0,0,0,0,0,0,0,0,0,0,0,9,4,78
59554,0,0,0,0,0,0,0,0,0,0,0,0,0,0,45
59562,0,0,0,0,0,0,0,0,0,6,25,16,11,1,5
59622,0,0,0,0,0,0,0,0,0,0,4,40,37,11,15
59683,0,0,0,0,0,0,0,0,0,0,0,0,0,0,0
59985,0,0,0,0,0,0,0,0,0,4,5,6,2,0,0
60027,0,0,0,0,0,0,0,0,0,16,35,48,43,17,23
60036,0,0,0,0,0,0,0,0,0,0,47,87,66,22,75
60125,0,0,0,0,0,0,0,0,0,0,7,0,0,0,0
60141,0,0,0,0,0,0,0,0,0,0,86,196,178,97,325
60144,0,0,0,0,0,0,0,0,0,0,0,5,0,0,0
60158,0,0,0,0,0,0,0,0,0,0,10,7,7,12,8
60407,0,0,0,0,0,0,0,0,0,0,16,30,10,15,14
60557,0,0,0,0,0,0,0,0,0,0,0,0,0,0,0
60584,0,0,0,0,0,0,0,0,0,0,0,0,0,0,16
60627,0,0,0,0,0,0,0,0,0,0,0,0,9,0,0
60763,0,0,0,0,0,0,0,0,0,0,0,17,11,12,25
60787,0,0,0,0,0,0,0,0,0,0,21,95,76,29,76
60821,0,0,0,0,0,0,0,0,0,0,3,6,1,0,0
60867,0,0,0,0,0,0,0,0,0,0,0,0,0,0,62
60873,0,0,0,0,0,0,0,0,0,0,0,44,17,12,42
60949,0,0,0,0,0,0,0,0,0,0,0,6,0,0,0
60999,0,0,0,0,0,0,0,0,0,18,19,5,3,1,5
61232,0,0,0,0,0,0,0,0,0,0,6,37,16,20,24
61361,0,0,0,0,0,0,0,0,0,0,33,17,5,7,21
61406,0,0,0,0,0,0,0,0,0,0,0,0,0,0,11
61458,0,0,0,0,0,0,0,0,0,1,7,4,0,0,0
61463,0,0,0,0,0,0,0,0,0,0,5,1,1,0,0
61496,0,0,0,0,0,0,0,0,0,1,31,32,28,7,22
61711,0,0,0,0,0,0,0,0,0,0,0,0,0,0,4
61769,0,0,0,0,0,0,0,0,0,0,2,1,0,0,0
62150,0,0,0,0,0,0,0,0,0,0,0,42,65,23,25
62219,0,0,0,0,0,0,0,0,0,0,41,106,46,10,34
62251,0,0,0,0,0,0,0,0,0,0,0,20,27,5,4
62301,0,0,0,0,0,0,0,0,0,0,0,17,2,0,1
62482,0,0,0,0,0,0,0,0,0,0,0,0,0,0,2
62496,0,0,0,0,0,0,0,0,0,0,10,0,0,0,0
62588,0,0,0,0,0,0,0,0,0,0,0,30,15,1,34
62689,0,0,0,0,0,0,0,0,0,0,0,5,4,6,5
62708,0,0,0,0,0,0,0,0,0,0,0,0,1,0,0
62726,0,0,0,0,0,0,0,0,0,0,1,0,0,0,0
62732,0,0,0,0,0,0,0,0,0,0,3,5,0,0,1
62895,0,0,0,0,0,0,0,0,0,0,40,70,16,11,7
62914,0,0,0,0,0,0,0,0,0,5,60,48,21,15,52
62951,0,0,0,0,0,0,0,0,0,0,0,0,5,7,23
62980,0,0,0,0,0,0,0,0,0,0,127,91,42,39,81
63015,0,0,0,0,0,0,0,0,0,0,0,39,20,6,0
63159,0,0,0,0,0,0,0,0,0,0,0,0,1,0,0
63293,0,0,0,0,0,0,0,0,0,0,0,0,4,3,12
63387,0,0,0,0,0,0,0,0,0,0,113,240,90,30,92
63409,0,0,0,0,0,0,0,0,0,0,28,7,0,0,0
63502,0,0,0,0,0,0,0,0,0,0,7,2,1,2,3
63973,0,0,0,0,0,0,0,0,0,0,0,1,1,5,8
64328,0,0,0,0,0,0,0,0,0,0,9,3,0,2,0
64333,0,0,0,0,0,0,0,0,0,0,0,0,0,0,1
64512,0,0,0,0,0,0,0,0,0,0,6,51,17,5,15
64608,0,0,0,0,0,0,0,0,0,0,1,2,2,3,1
64614,0,0,0,0,0,0,0,0,0,0,0,0,0,0,9
64671,0,0,0,0,0,0,0,0,0,0,13,6,1,6,4
64734,0,0,0,0,0,0,0,0,0,0,23,9,1,2,1
64736,0,0,0,0,0,0,0,0,0,0,8,1,0,0,3
64995,0,0,0,0,0,0,0,0,0,0,2,2,0,0,0
64996,0,0,0,0,0,0,0,0,0,0,0,4,0,5,0
65028,0,0,0,0,0,0,0,0,0,0,170,240,92,53,82
65177,0,0,0,0,0,0,0,0,0,0,0,0,0,0,50
65501,0,0,0,0,0,0,0,0,0,0,1,21,0,8,3
65654,0,0,0,0,0,0,0,0,0,0,0,20,10,4,22
65705,0,0,0,0,0,0,0,0,0,0,108,139,45,13,20
65819,0,0,0,0,0,0,0,0,0,0,10,24,19,5,11
65878,0,0,0,0,0,0,0,0,0,0,49,15,2,1,15
65887,0,0,0,0,0,0,0,0,0,0,0,6,0,0,0
65905,0,0,0,0,0,0,0,0,0,0,42,49,28,37,77
66025,0,0,0,0,0,0,0,0,0,0,1,4,0,0,0
66105,0,0,0,0,0,0,0,0,0,0,0,0,0,29,37
66156,0,0,0,0,0,0,0,0,0,0,1,0,0,0,0
66213,0,0,0,0,0,0,0,0,0,0,1,3,0,0,0
66306,0,0,0,0,0,0,0,0,0,0,4,0,0,0,0
66334,0,0,0,0,0,0,0,0,0,0,0,2,4,0,0
66355,0,0,0,0,0,0,0,0,0,0,0,0,0,0,1
66402,0,0,0,0,0,0,0,0,0,0,3,12,0,1,0
66473,0,0,0,0,0,0,0,0,0,0,0,3,1,3,0
66500,0,0,0,0,0,0,0,0,0,0,0,0,0,0,5
66665,0,0,0,0,0,0,0,0,0,0,0,3,3,1,0
66877,0,0,0,0,0,0,0,0,0,0,0,1,0,0,0
66913,0,0,0,0,0,0,0,0,0,0,1,0,0,0,0
66919,0,0,0,0,0,0,0,0,0,0,0,8,3,3,4
66953,0,0,0,0,0,0,0,0,0,0,0,0,22,28,25
67048,0,0,0,0,0,0,0,0,0,0,0,16,34,29,49
67079,0,0,0,0,0,0,0,0,0,0,2,0,0,0,0
67280,0,0,0,0,0,0,0,0,0,0,15,171,104,58,107
67309,0,0,0,0,0,0,0,0,0,0,0,0,0,0,1
67413,0,0,0,0,0,0,0,0,0,0,0,23,383,256,329
67479,0,0,0,0,0,0,0,0,0,0,4,0,0,0,0
67527,0,0,0,0,0,0,0,0,0,0,96,271,129,82,178
67537,0,0,0,0,0,0,0,0,0,0,0,7,8,4,6
67603,0,0,0,0,0,0,0,0,0,0,0,7,1,8,11
67604,0,0,0,0,0,0,0,0,0,0,0,0,0,7,143
67623,0,0,0,0,0,0,0,0,0,0,0,0,0,1,0
67730,0,0,0,0,0,0,0,0,0,0,35,4,0,2,0
67813,0,0,0,0,0,0,0,0,0,0,3,1,5,1,0
67858,0,0,0,0,0,0,0,0,0,0,0,0,18,0,4
67861,0,0,0,0,0,0,0,0,0,0,2,2,2,0,0
67879,0,0,0,0,0,0,0,0,0,0,0,0,0,5,0
67895,0,0,0,0,0,0,0,0,0,0,0,4,5,0,0
67902,0,0,0,0,0,0,0,0,0,0,0,76,44,60,130
67957,0,0,0,0,0,0,0,0,0,0,13,40,6,2,0
67969,0,0,0,0,0,0,0,0,0,0,0,3,4,1,0
67980,0,0,0,0,0,0,0,0,0,0,56,37,27,2,3
68059,0,0,0,0,0,0,0,0,0,0,1,0,0,0,0
68103,0,0,0,0,0,0,0,0,0,0,10,5,0,0,0
68149,0,0,0,0,0,0,0,0,0,0,0,0,0,1,0
68266,0,0,0,0,0,0,0,0,0,0,0,0,0,0,0
68523,0,0,0,0,0,0,0,0,0,0,0,0,0,0,2
68868,0,0,0,0,0,0,0,0,0,0,0,0,0,19,44
68880,0,0,0,0,0,0,0,0,0,0,0,1,0,0,0
68926,0,0,0,0,0,0,0,0,0,0,2,8,5,6,18
68931,0,0,0,0,0,0,0,0,0,0,16,1,1,2,0
68959,0,0,0,0,0,0,0,0,0,0,7,18,4,0,2
69431,0,0,0,0,0,0,0,0,0,0,2,1,0,0,11
69440,0,0,0,0,0,0,0,0,0,0,6,19,13,12,22
69534,0,0,0,0,0,0,0,0,0,0,28,77,51,25,28
69544,0,0,0,0,0,0,0,0,0,0,17,24,8,14,22
69571,0,0,0,0,0,0,0,0,0,0,3,0,0,0,0
69611,0,0,0,0,0,0,0,0,0,0,18,1,6,0,4
69624,0,0,0,0,0,0,0,0,0,0,0,141,94,89,61
69775,0,0,0,0,0,0,0,0,0,0,0,1,2,4,6
69999,0,0,0,0,0,0,0,0,0,0,12,1,1,1,0
70016,0,0,0,0,0,0,0,0,0,0,0,0,0,0,8
70087,0,0,0,0,0,0,0,0,0,0,16,42,17,8,19
70133,0,0,0,0,0,0,0,0,0,0,0,74,44,13,27
70136,0,0,0,0,0,0,0,0,0,0,0,0,6,0,0
70173,0,0,0,0,0,0,0,0,0,0,0,0,6,4,8
70178,0,0,0,0,0,0,0,0,0,0,0,2,0,0,0
70207,0,0,0,0,0,0,0,0,0,0,1,10,8,5,2
70264,0,0,0,0,0,0,0,0,0,0,0,33,94,59,154
70405,0,0,0,0,0,0,0,0,0,0,25,18,1,2,0
70436,0,0,0,0,0,0,0,0,0,0,0,1,2,0,1
70586,0,0,0,0,0,0,0,0,0,0,0,0,0,2,4
70591,0,0,0,0,0,0,0,0,0,0,0,0,0,0,13
70604,0,0,0,0,0,0,0,0,0,0,6,9,5,5,7
70814,0,0,0,0,0,0,0,0,0,0,3,16,32,10,14
70878,0,0,0,0,0,0,0,0,0,0,12,5,1,9,2
70927,0,0,0,0,0,0,0,0,0,0,307,690,263,143,259
70944,0,0,0,0,0,0,0,0,0,0,0,51,2,2,6
71059,0,0,0,0,0,0,0,0,0,0,0,0,0,0,4
71120,0,0,0,0,0,0,0,0,0,0,0,3,0,0,0
71183,0,0,0,0,0,0,0,0,0,0,0,0,66,35,27
71189,0,0,0,0,0,0,0,0,0,0,0,5,8,1,11
71495,0,0,0,0,0,0,0,0,0,0,0,0,0,0,16
71500,0,0,0,0,0,0,0,0,0,0,0,0,0,26,252
71509,0,0,0,0,0,0,0,0,0,0,0,0,0,0,91
71632,0,0,0,0,0,0,0,0,0,0,0,0,18,15,4
71674,0,0,0,0,0,0,0,0,0,0,0,2,11,17,89
71685,0,0,0,0,0,0,0,0,0,0,0,0,0,2,3
71721,0,0,0,0,0,0,0,0,0,0,0,0,0,0,146
71753,0,0,0,0,0,0,0,0,0,0,0,21,12,1,35
71759,0,0,0,0,0,0,0,0,0,0,15,24,13,1,12
71800,0,0,0,0,0,0,0,0,0,0,2,5,1,0,3
71811,0,0,0,0,0,0,0,0,0,0,0,0,0,0,203
71961,0,0,0,0,0,0,0,0,0,0,0,0,0,0,1
71962,0,0,0,0,0,0,0,0,0,0,2,2,0,0,0
71988,0,0,0,0,0,0,0,0,0,0,0,1,0,0,0
71989,0,0,0,0,0,0,0,0,0,0,5,12,0,0,0
72127,0,0,0,0,0,0,0,0,0,0,0,6,30,30,66
72134,0,0,0,0,0,0,0,0,0,0,0,1,0,0,2
72136,0,0,0,0,0,0,0,0,0,0,2,0,0,0,0
72139,0,0,0,0,0,0,0,0,0,0,0,0,15,5,16
72170,0,0,0,0,0,0,0,0,0,0,0,0,0,0,12
72247,0,0,0,0,0,0,0,0,0,0,1,13,5,5,1
72335,0,0,0,0,0,0,0,0,0,0,2,0,0,0,0
72393,0,0,0,0,0,0,0,0,0,0,0,0,1,1,3
72410,0,0,0,0,0,0,0,0,0,0,1,2,0,1,0
72510,0,0,0,0,0,0,0,0,0,0,0,0,1,11,4
72557,0,0,0,0,0,0,0,0,0,0,3,0,0,0,0
72577,0,0,0,0,0,0,0,0,0,0,0,9,0,13,14
72709,0,0,0,0,0,0,0,0,0,0,0,2,2,2,0
72833,0,0,0,0,0,0,0,0,0,0,18,0,0,0,0
72834,0,0,0,0,0,0,0,0,0,0,0,63,21,13,27
72849,0,0,0,0,0,0,0,0,0,0,8,11,4,1,8
72896,0,0,0,0,0,0,0,0,0,0,1,0,0,0,0
72928,0,0,0,0,0,0,0,0,0,0,0,20,1,1,0
72945,0,0,0,0,0,0,0,0,0,0,0,1,0,0,0
72949,0,0,0,0,0,0,0,0,0,0,37,24,3,3,5
72979,0,0,0,0,0,0,0,0,0,0,0,6,0,7,6
72981,0,0,0,0,0,0,0,0,0,0,0,0,0,0,11
72993,0,0,0,0,0,0,0,0,0,0,50,56,41,27,52
72998,0,0,0,0,0,0,0,0,0,0,0,0,0,0,1
73020,0,0,0,0,0,0,0,0,0,0,0,78,34,18,39
73132,0,0,0,0,0,0,0,0,0,0,0,0,0,0,0
73190,0,0,0,0,0,0,0,0,0,0,7,4,0,0,0
73198,0,0,0,0,0,0,0,0,0,0,74,140,142,92,154
73249,0,0,0,0,0,0,0,0,0,0,2,8,8,3,9
73280,0,0,0,0,0,0,0,0,0,0,0,1,1,0,0
73591,0,0,0,0,0,0,0,0,0,0,60,84,66,11,48
73629,0,0,0,0,0,0,0,0,0,0,0,0,10,6,2
73644,0,0,0,0,0,0,0,0,0,0,0,12,28,0,0
73671,0,0,0,0,0,0,0,0,0,0,0,12,2,0,0
73692,0,0,0,0,0,0,0,0,0,0,8,7,1,0,3
73697,0,0,0,0,0,0,0,0,0,0,26,139,58,25,30
73707,0,0,0,0,0,0,0,0,0,0,0,4,0,0,0
73741,0,0,0,0,0,0,0,0,0,0,5,521,565,225,455
73801,0,0,0,0,0,0,0,0,0,0,3,0,0,0,0
73844,0,0,0,0,0,0,0,0,0,0,0,0,20,15,11
73887,0,0,0,0,0,0,0,0,0,0,4,5,3,5,0
74099,0,0,0,0,0,0,0,0,0,0,0,0,1,4,0
74156,0,0,0,0,0,0,0,0,0,0,0,0,0,0,2
74201,0,0,0,0,0,0,0,0,0,0,2,0,0,0,0
74484,0,0,0,0,0,0,0,0,0,0,26,15,0,3,7
74498,0,0,0,0,0,0,0,0,0,0,21,43,17,11,129
74503,0,0,0,0,0,0,0,0,0,0,0,0,0,0,4
74536,0,0,0,0,0,0,0,0,0,0,0,0,1,0,9
74593,0,0,0,0,0,0,0,0,0,0,0,1,0,0,0
74731,0,0,0,0,0,0,0,0,0,0,2,6,3,0,3
74778,0,0,0,0,0,0,0,0,0,0,8,2,0,0,0
74859,0,0,0,0,0,0,0,0,0,0,0,4,1,0,0
74874,0,0,0,0,0,0,0,0,0,0,13,21,6,1,0
75094,0,0,0,0,0,0,0,0,0,0,0,27,15,1,3
75098,0,0,0,0,0,0,0,0,0,0,18,42,32,10,7
75130,0,0,0,0,0,0,0,0,0,0,0,204,138,201,350
75215,0,0,0,0,0,0,0,0,0,0,1,0,0,0,0
75517,0,0,0,0,0,0,0,0,0,0,0,4,0,0,0
75543,0,0,0,0,0,0,0,0,0,0,7,4,0,0,1
75560,0,0,0,0,0,0,0,0,0,0,0,0,54,83,371
75600,0,0,0,0,0,0,0,0,0,0,0,3,1,0,0
75742,0,0,0,0,0,0,0,0,0,0,1,0,0,0,0
75757,0,0,0,0,0,0,0,0,0,0,0,0,10,5,12
75872,0,0,0,0,0,0,0,0,0,0,0,4,12,0,12
76033,0,0,0,0,0,0,0,0,0,0,0,9,5,3,5
76042,0,0,0,0,0,0,0,0,0,0,0,0,1,0,0
76403,0,0,0,0,0,0,0,0,0,0,3,12,3,2,2
76596,0,0,0,0,0,0,0,0,0,0,0,24,12,16,21
76775,0,0,0,0,0,0,0,0,0,0,0,0,1,1,0
76777,0,0,0,0,0,0,0,0,0,0,0,1,0,0,0
76848,0,0,0,0,0,0,0,0,0,0,10,15,0,0,0
77005,0,0,0,0,0,0,0,0,0,0,4,4,4,2,0
77077,0,0,0,0,0,0,0,0,0,0,3,25,12,0,0
77083,0,0,0,0,0,0,0,0,0,0,0,20,5,0,2
77161,0,0,0,0,0,0,0,0,0,0,0,0,0,0,0
77226,0,0,0,0,0,0,0,0,0,0,0,0,0,0,3
77545,0,0,0,0,0,0,0,0,0,0,0,19,15,4,10
77582,0,0,0,0,0,0,0,0,0,0,0,0,0,0,12
77669,0,0,0,0,0,0,0,0,0,0,0,2,0,2,0
77726,0,0,0,0,0,0,0,0,0,0,2,19,4,108,114
77988,0,0,0,0,0,0,0,0,0,0,0,0,0,0,37
78033,0,0,0,0,0,0,0,0,0,0,0,0,3,0,5
78080,0,0,0,0,0,0,0,0,0,0,0,12,6,2,4
78161,0,0,0,0,0,0,0,0,0,0,14,8,17,0,0
78279,0,0,0,0,0,0,0,0,0,0,0,0,2,1,3
78297,0,0,0,0,0,0,0,0,0,0,8,10,2,3,0
78479,0,0,0,0,0,0,0,0,0,0,0,1,0,0,0
78480,0,0,0,0,0,0,0,0,0,0,0,0,0,0,2
78548,0,0,0,0,0,0,0,0,0,0,0,1,14,1,8
78778,0,0,0,0,0,0,0,0,0,0,0,0,1,1,0
78808,0,0,0,0,0,0,0,0,0,0,0,1,0,0,0
78882,0,0,0,0,0,0,0,0,0,0,0,3,4,0,0
78927,0,0,0,0,0,0,0,0,0,0,0,0,0,0,1
78947,0,0,0,0,0,0,0,0,0,0,0,34,1,0,6
78984,0,0,0,0,0,0,0,0,0,0,0,190,282,59,372
79122,0,0,0,0,0,0,0,0,0,0,0,0,0,0,12
79191,0,0,0,0,0,0,0,0,0,0,5,18,4,1,0
79394,0,0,0,0,0,0,0,0,0,0,0,0,0,0,2
79570,0,0,0,0,0,0,0,0,0,0,0,0,0,0,0
79590,0,0,0,0,0,0,0,0,0,0,0,0,28,14,20
79609,0,0,0,0,0,0,0,0,0,0,2,1,0,0,0
79879,0,0,0,0,0,0,0,0,0,0,2,18,2,3,1
80017,0,0,0,0,0,0,0,0,0,0,0,74,58,29,75
80125,0,0,0,0,0,0,0,0,0,0,0,0,7,4,26
80295,0,0,0,0,0,0,0,0,0,0,0,1,7,11,11
80404,0,0,0,0,0,0,0,0,0,0,0,0,20,4,10
80538,0,0,0,0,0,0,0,0,0,0,0,1,0,0,0
80546,0,0,0,0,0,0,0,0,0,0,7,34,14,8,6
80575,0,0,0,0,0,0,0,0,0,0,0,7,2,0,0
80725,0,0,0,0,0,0,0,0,0,0,0,8,19,0,13
80846,0,0,0,0,0,0,0,0,0,0,0,0,0,0,7
81068,0,0,0,0,0,0,0,0,0,0,0,34,7,3,10
81094,0,0,0,0,0,0,0,0,0,0,0,0,2,0,0
81136,0,0,0,0,0,0,0,0,0,0,0,1,0,0,0
81255,0,0,0,0,0,0,0,0,0,0,0,55,25,26,94
81423,0,0,0,0,0,0,0,0,0,0,0,27,3,1,0
81556,0,0,0,0,0,0,0,0,0,0,0,0,0,3,0
81560,0,0,0,0,0,0,0,0,0,0,0,0,0,0,822
81649,0,0,0,0,0,0,0,0,0,0,6,3,0,0,2
81773,0,0,0,0,0,0,0,0,0,0,0,0,1,0,0
81860,0,0,0,0,0,0,0,0,0,0,0,0,57,71,147
82081,0,0,0,0,0,0,0,0,0,0,0,0,0,0,187
82130,0,0,0,0,0,0,0,0,0,0,1,9,32,2,0
82158,0,0,0,0,0,0,0,0,0,0,0,36,21,1,17
82179,0,0,0,0,0,0,0,0,0,0,0,28,19,7,28
82193,0,0,0,0,0,0,0,0,0,0,0,1,1,0,646
82251,0,0,0,0,0,0,0,0,0,0,0,6,6,2,2
82281,0,0,0,0,0,0,0,0,0,0,0,5,0,4,4
82380,0,0,0,0,0,0,0,0,0,0,0,1,1,0,0
82397,0,0,0,0,0,0,0,0,0,0,0,24,6,1,0
82413,0,0,0,0,0,0,0,0,0,0,0,35,17,8,21
82481,0,0,0,0,0,0,0,0,0,0,0,0,0,12,30
82514,0,0,0,0,0,0,0,0,0,0,3,15,0,1,14
82525,0,0,0,0,0,0,0,0,0,0,0,3,44,17,10
82788,0,0,0,0,0,0,0,0,0,0,0,1,7,1,1
82932,0,0,0,0,0,0,0,0,0,0,0,9,0,0,0
83043,0,0,0,0,0,0,0,0,0,0,0,0,0,0,3
83047,0,0,0,0,0,0,0,0,0,0,0,0,0,0,0
83479,0,0,0,0,0,0,0,0,0,0,0,0,10,1,1
83495,0,0,0,0,0,0,0,0,0,0,0,7,0,0,0
83502,0,0,0,0,0,0,0,0,0,0,0,70,25,3,10
83556,0,0,0,0,0,0,0,0,0,0,0,0,0,0,1
83635,0,0,0,0,0,0,0,0,0,0,0,0,0,0,9
83727,0,0,0,0,0,0,0,0,0,0,0,9,1,0,0
83740,0,0,0,0,0,0,0,0,0,0,0,23,12,5,10
83771,0,0,0,0,0,0,0,0,0,0,0,0,0,0,6
83843,0,0,0,0,0,0,0,0,0,0,0,2,2,3,0
83911,0,0,0,0,0,0,0,0,0,0,0,16,4,4,0
83923,0,0,0,0,0,0,0,0,0,0,0,0,3,0,0
83947,0,0,0,0,0,0,0,0,0,0,0,0,0,0,80
83993,0,0,0,0,0,0,0,0,0,0,0,16,5,3,37
84031,0,0,0,0,0,0,0,0,0,0,0,0,0,0,12
84143,0,0,0,0,0,0,0,0,0,0,0,1,0,0,0
84154,0,0,0,0,0,0,0,0,0,0,0,3,0,0,0
84249,0,0,0,0,0,0,0,0,0,0,0,1,0,0,0
84265,0,0,0,0,0,0,0,0,0,0,0,0,0,0,12
84282,0,0,0,0,0,0,0,0,0,0,0,0,2,2,0
84290,0,0,0,0,0,0,0,0,0,0,0,0,0,0,23
84459,0,0,0,0,0,0,0,0,0,0,0,0,0,44,110
84694,0,0,0,0,0,0,0,0,0,0,0,24,58,21,75
84751,0,0,0,0,0,0,0,0,0,0,0,8,21,4,7
84920,0,0,0,0,0,0,0,0,0,0,0,16,0,0,9
84960,0,0,0,0,0,0,0,0,0,0,0,0,0,0,1
85077,0,0,0,0,0,0,0,0,0,0,0,124,68,13,9
85184,0,0,0,0,0,0,0,0,0,0,0,184,202,47,160
85195,0,0,0,0,0,0,0,0,0,0,0,1,0,0,0
85210,0,0,0,0,0,0,0,0,0,0,0,0,29,27,12
85229,0,0,0,0,0,0,0,0,0,0,0,0,13,12,48
85403,0,0,0,0,0,0,0,0,0,0,0,5,0,0,0
85865,0,0,0,0,0,0,0,0,0,0,0,6,0,0,0
85919,0,0,0,0,0,0,0,0,0,0,0,0,0,0,1
86021,0,0,0,0,0,0,0,0,0,0,0,0,0,0,54
86045,0,0,0,0,0,0,0,0,0,0,0,0,2,2,1
86114,0,0,0,0,0,0,0,0,0,0,0,4,1,2,0
86119,0,0,0,0,0,0,0,0,0,0,0,22,1,8,22
86141,0,0,0,0,0,0,0,0,0,0,0,10,2,0,9
86204,0,0,0,0,0,0,0,0,0,0,0,8,6,0,1
86257,0,0,0,0,0,0,0,0,0,0,0,0,0,1,0
86463,0,0,0,0,0,0,0,0,0,0,0,0,0,2,55
86474,0,0,0,0,0,0,0,0,0,0,0,3,6,1,0
86907,0,0,0,0,0,0,0,0,0,0,0,0,0,0,7
86947,0,0,0,0,0,0,0,0,0,0,0,1,0,0,0
87262,0,0,0,0,0,0,0,0,0,0,0,8,3,0,0
87302,0,0,0,0,0,0,0,0,0,0,0,0,6,0,0
87405,0,0,0,0,0,0,0,0,0,0,0,0,0,0,1
87802,0,0,0,0,0,0,0,0,0,0,0,5,0,0,0
87831,0,0,0,0,0,0,0,0,0,0,0,6,1,10,4
87951,0,0,0,0,0,0,0,0,0,0,0,5,0,0,0
88209,0,0,0,0,0,0,0,0,0,0,0,74,27,29,69
88242,0,0,0,0,0,0,0,0,0,0,0,1,0,0,0
88505,0,0,0,0,0,0,0,0,0,0,0,0,0,2,15
88623,0,0,0,0,0,0,0,0,0,0,0,0,0,0,18
88821,0,0,0,0,0,0,0,0,0,0,0,4,21,1,6
88862,0,0,0,0,0,0,0,0,0,0,0,0,0,0,1
88950,0,0,0,0,0,0,0,0,0,0,0,0,4,0,0
89032,0,0,0,0,0,0,0,0,0,0,0,4,0,0,0
89317,0,0,0,0,0,0,0,0,0,0,0,14,17,29,23
89409,0,0,0,0,0,0,0,0,0,0,0,0,1,0,0
89491,0,0,0,0,0,0,0,0,0,0,0,3,0,2,4
89655,0,0,0,0,0,0,0,0,0,0,0,27,9,23,71
89657,0,0,0,0,0,0,0,0,0,0,0,1,0,0,0
89811,0,0,0,0,0,0,0,0,0,0,0,0,0,1,0
89874,0,0,0,0,0,0,0,0,0,0,0,23,124,49,35
89968,0,0,0,0,0,0,0,0,0,0,0,0,14,17,48
90003,0,0,0,0,0,0,0,0,0,0,0,0,91,39,201
90070,0,0,0,0,0,0,0,0,0,0,0,3,0,0,0
90293,0,0,0,0,0,0,0,0,0,0,0,0,0,0,5
90300,0,0,0,0,0,0,0,0,0,0,0,0,0,0,1
90423,0,0,0,0,0,0,0,0,0,0,0,3,0,0,0
90425,0,0,0,0,0,0,0,0,0,0,0,0,0,0,6
90441,0,0,0,0,0,0,0,0,0,0,0,0,1,0,0
90471,0,0,0,0,0,0,0,0,0,0,0,1,0,0,0
90485,0,0,0,0,0,0,0,0,0,0,0,77,56,25,81
90498,0,0,0,0,0,0,0,0,0,0,0,0,78,34,28
90506,0,0,0,0,0,0,0,0,0,0,0,29,41,16,27
90656,0,0,0,0,0,0,0,0,0,0,0,6,4,1,2
90739,0,0,0,0,0,0,0,0,0,0,0,0,0,0,13
90759,0,0,0,0,0,0,0,0,0,0,0,1,0,0,0
90816,0,0,0,0,0,0,0,0,0,0,0,1,5,4,10
90863,0,0,0,0,0,0,0,0,0,0,0,0,0,0,2
90878,0,0,0,0,0,0,0,0,0,0,0,13,26,10,26
90884,0,0,0,0,0,0,0,0,0,0,0,8,29,17,33
90939,0,0,0,0,0,0,0,0,0,0,0,0,29,10,20
91192,0,0,0,0,0,0,0,0,0,0,0,149,152,48,210
91225,0,0,0,0,0,0,0,0,0,0,0,1,4,0,0
91274,0,0,0,0,0,0,0,0,0,0,0,4,31,16,142
91357,0,0,0,0,0,0,0,0,0,0,0,1,0,0,0
91625,0,0,0,0,0,0,0,0,0,0,0,6,4,1,0
91683,0,0,0,0,0,0,0,0,0,0,0,0,14,3,16
91692,0,0,0,0,0,0,0,0,0,0,0,0,0,10,18
91899,0,0,0,0,0,0,0,0,0,0,0,0,0,0,6
92000,0,0,0,0,0,0,0,0,0,0,0,5,86,21,44
92104,0,0,0,0,0,0,0,0,0,0,0,0,0,0,12
92122,0,0,0,0,0,0,0,0,0,0,0,0,0,0,29
92291,0,0,0,0,0,0,0,0,0,0,0,0,0,4,1
92292,0,0,0,0,0,0,0,0,0,0,0,0,0,0,1
92363,0,0,0,0,0,0,0,0,0,0,0,0,0,2,3
92384,0,0,0,0,0,0,0,0,0,0,0,66,42,13,47
92482,0,0,0,0,0,0,0,0,0,0,0,6,1,6,3
92518,0,0,0,0,0,0,0,0,0,0,0,0,0,0,0
92579,0,0,0,0,0,0,0,0,0,0,0,0,15,11,15
92742,0,0,0,0,0,0,0,0,0,0,0,14,8,1,1
92837,0,0,0,0,0,0,0,0,0,0,0,0,0,0,2
93285,0,0,0,0,0,0,0,0,0,0,0,2,0,0,0
93294,0,0,0,0,0,0,0,0,0,0,0,23,21,19,34
93333,0,0,0,0,0,0,0,0,0,0,0,5,5,10,40
93387,0,0,0,0,0,0,0,0,0,0,0,0,0,0,1
93433,0,0,0,0,0,0,0,0,0,0,0,0,0,16,77
93506,0,0,0,0,0,0,0,0,0,0,0,0,0,0,8
93595,0,0,0,0,0,0,0,0,0,0,0,0,0,0,0
93697,0,0,0,0,0,0,0,0,0,0,0,1,8,8,8
93715,0,0,0,0,0,0,0,0,0,0,0,19,9,3,0
93850,0,0,0,0,0,0,0,0,0,0,0,45,73,24,53
93878,0,0,0,0,0,0,0,0,0,0,0,0,0,0,5
94013,0,0,0,0,0,0,0,0,0,0,0,0,9,0,0
94034,0,0,0,0,0,0,0,0,0,0,0,3,3,0,0
94098,0,0,0,0,0,0,0,0,0,0,0,0,0,0,4
94250,0,0,0,0,0,0,0,0,0,0,0,0,0,0,24
94397,0,0,0,0,0,0,0,0,0,0,0,21,27,2,18
94522,0,0,0,0,0,0,0,0,0,0,0,20,2,0,0
94555,0,0,0,0,0,0,0,0,0,0,0,13,8,4,7
94689,0,0,0,0,0,0,0,0,0,0,0,0,62,75,163
94744,0,0,0,0,0,0,0,0,0,0,0,7,3,5,5
94890,0,0,0,0,0,0,0,0,0,0,0,1,0,0,0
94999,0,0,0,0,0,0,0,0,0,0,0,1,0,0,0
95039,0,0,0,0,0,0,0,0,0,0,0,0,7,2,1
95386,0,0,0,0,0,0,0,0,0,0,0,2,1,0,0
95445,0,0,0,0,0,0,0,0,0,0,0,46,99,79,151
95600,0,0,0,0,0,0,0,0,0,0,0,9,0,6,1
95620,0,0,0,0,0,0,0,0,0,0,0,0,0,1,39
95673,0,0,0,0,0,0,0,0,0,0,0,0,0,0,16
95820,0,0,0,0,0,0,0,0,0,0,0,2,0,1,0
95894,0,0,0,0,0,0,0,0,0,0,0,0,0,0,32
95948,0,0,0,0,0,0,0,0,0,0,0,41,116,89,157
95989,0,0,0,0,0,0,0,0,0,0,0,0,0,1,9
96059,0,0,0,0,0,0,0,0,0,0,0,2,9,3,5
96112,0,0,0,0,0,0,0,0,0,0,0,0,5,4,6
96114,0,0,0,0,0,0,0,0,0,0,0,191,243,112,466
96155,0,0,0,0,0,0,0,0,0,0,0,1,1,0,0
96192,0,0,0,0,0,0,0,0,0,0,0,0,0,0,344
96276,0,0,0,0,0,0,0,0,0,0,0,0,0,0,3
96354,0,0,0,0,0,0,0,0,0,0,0,0,11,0,0
96494,0,0,0,0,0,0,0,0,0,0,0,0,0,2,4
96572,0,0,0,0,0,0,0,0,0,0,0,5,0,0,0
96669,0,0,0,0,0,0,0,0,0,0,0,64,105,47,122
96677,0,0,0,0,0,0,0,0,0,0,0,36,16,3,4
97027,0,0,0,0,0,0,0,0,0,0,0,0,0,0,17
97065,0,0,0,0,0,0,0,0,0,0,0,0,0,0,0
97076,0,0,0,0,0,0,0,0,0,0,0,1,0,0,0
97099,0,0,0,0,0,0,0,0,0,0,0,7,6,1,2
97213,0,0,0,0,0,0,0,0,0,0,0,20,34,11,29
97293,0,0,0,0,0,0,0,0,0,0,0,0,28,22,24
97305,0,0,0,0,0,0,0,0,0,0,0,0,9,7,5
97356,0,0,0,0,0,0,0,0,0,0,0,0,0,0,2
97387,0,0,0,0,0,0,0,0,0,0,0,0,0,16,14
97673,0,0,0,0,0,0,0,0,0,0,0,13,1,0,0
97676,0,0,0,0,0,0,0,0,0,0,0,7,17,2,1
97719,0,0,0,0,0,0,0,0,0,0,0,12,5,0,3
97724,0,0,0,0,0,0,0,0,0,0,0,0,0,18,33
97748,0,0,0,0,0,0,0,0,0,0,0,13,6,21,28
98078,0,0,0,0,0,0,0,0,0,0,0,0,0,1,16
98096,0,0,0,0,0,0,0,0,0,0,0,37,14,2,8
98294,0,0,0,0,0,0,0,0,0,0,0,0,26,0,1
98648,0,0,0,0,0,0,0,0,0,0,0,1,2,0,0
98670,0,0,0,0,0,0,0,0,0,0,0,18,112,81,112
98736,0,0,0,0,0,0,0,0,0,0,0,0,3,23,53
98885,0,0,0,0,0,0,0,0,0,0,0,0,0,0,1
98923,0,0,0,0,0,0,0,0,0,0,0,1,15,7,0
98976,0,0,0,0,0,0,0,0,0,0,0,0,28,4,4
99004,0,0,0,0,0,0,0,0,0,0,0,16,6,0,0
99008,0,0,0,0,0,0,0,0,0,0,0,0,0,0,2
99127,0,0,0,0,0,0,0,0,0,0,0,3,1,14,14
99140,0,0,0,0,0,0,0,0,0,0,0,11,4,0,0
99315,0,0,0,0,0,0,0,0,0,0,0,12,2,5,2
99331,0,0,0,0,0,0,0,0,0,0,0,0,2,2,9
99431,0,0,0,0,0,0,0,0,0,0,0,0,0,0,0
99481,0,0,0,0,0,0,0,0,0,0,0,0,0,0,29
99516,0,0,0,0,0,0,0,0,0,0,0,3,0,0,0
99535,0,0,0,0,0,0,0,0,0,0,0,0,128,48,65
99709,0,0,0,0,0,0,0,0,0,0,0,0,0,10,12
99878,0,0,0,0,0,0,0,0,0,0,0,4,9,0,0
99997,0,0,0,0,0,0,0,0,0,0,0,0,0,2,1
100230,0,0,0,0,0,0,0,0,0,0,0,0,50,2,3
100521,0,0,0,0,0,0,0,0,0,0,0,56,67,103,255
100569,0,0,0,0,0,0,0,0,0,0,0,0,0,0,1
100625,0,0,0,0,0,0,0,0,0,0,0,6,10,16,85
100649,0,0,0,0,0,0,0,0,0,0,0,25,4,0,12
100655,0,0,0,0,0,0,0,0,0,0,0,0,8,2,3
100854,0,0,0,0,0,0,0,0,0,0,0,0,0,0,7
100885,0,0,0,0,0,0,0,0,0,0,0,0,1,0,0
100921,0,0,0,0,0,0,0,0,0,0,0,0,2,5,2
100935,0,0,0,0,0,0,0,0,0,0,0,0,0,0,2
101075,0,0,0,0,0,0,0,0,0,0,0,0,0,0,10
101207,0,0,0,0,0,0,0,0,0,0,0,1,145,81,158
101334,0,0,0,0,0,0,0,0,0,0,0,0,0,1,0
101369,0,0,0,0,0,0,0,0,0,0,0,0,0,0,50
101401,0,0,0,0,0,0,0,0,0,0,0,0,0,1,0
101453,0,0,0,0,0,0,0,0,0,0,0,0,0,1,0
101570,0,0,0,0,0,0,0,0,0,0,0,0,5,3,4
101665,0,0,0,0,0,0,0,0,0,0,0,9,1,0,0
101666,0,0,0,0,0,0,0,0,0,0,0,8,7,17,18
101798,0,0,0,0,0,0,0,0,0,0,0,1,4,0,0
101926,0,0,0,0,0,0,0,0,0,0,0,0,4,4,10
101932,0,0,0,0,0,0,0,0,0,0,0,1,0,0,0
101946,0,0,0,0,0,0,0,0,0,0,0,1,4,4,0
101963,0,0,0,0,0,0,0,0,0,0,0,2,2,7,23
102043,0,0,0,0,0,0,0,0,0,0,0,0,1,2,0
102107,0,0,0,0,0,0,0,0,0,0,0,0,0,0,27
102151,0,0,0,0,0,0,0,0,0,0,0,0,0,0,3
102219,0,0,0,0,0,0,0,0,0,0,0,15,2,3,0
102252,0,0,0,0,0,0,0,0,0,0,0,14,4,0,0
102438,0,0,0,0,0,0,0,0,0,0,0,0,0,0,25
102460,0,0,0,0,0,0,0,0,0,0,0,0,0,0,5
102476,0,0,0,0,0,0,0,0,0,0,0,4,1,4,2
102502,0,0,0,0,0,0,0,0,0,0,0,0,2,4,2
102570,0,0,0,0,0,0,0,0,0,0,0,0,0,0,0
102580,0,0,0,0,0,0,0,0,0,0,0,0,116,39,85
102645,0,0,0,0,0,0,0,0,0,0,0,0,0,4,18
102839,0,0,0,0,0,0,0,0,0,0,0,0,0,1,0
102891,0,0,0,0,0,0,0,0,0,0,0,0,0,0,8
103027,0,0,0,0,0,0,0,0,0,0,0,0,0,0,10
103068,0,0,0,0,0,0,0,0,0,0,0,0,0,0,12
103115,0,0,0,0,0,0,0,0,0,0,0,2,0,0,0
103120,0,0,0,0,0,0,0,0,0,0,0,0,92,175,450
103142,0,0,0,0,0,0,0,0,0,0,0,0,0,0,20
103222,0,0,0,0,0,0,0,0,0,0,0,0,0,0,0
103314,0,0,0,0,0,0,0,0,0,0,0,0,17,17,12
103471,0,0,0,0,0,0,0,0,0,0,0,0,0,0,11
103502,0,0,0,0,0,0,0,0,0,0,0,1,0,0,0
103505,0,0,0,0,0,0,0,0,0,0,0,0,28,6,52
103520,0,0,0,0,0,0,0,0,0,0,0,0,0,0,351
103556,0,0,0,0,0,0,0,0,0,0,0,0,0,0,4
103861,0,0,0,0,0,0,0,0,0,0,0,0,0,4,61
103886,0,0,0,0,0,0,0,0,0,0,0,0,0,0,11
103899,0,0,0,0,0,0,0,0,0,0,0,0,0,1,3
103901,0,0,0,0,0,0,0,0,0,0,0,2,2,0,1
104119,0,0,0,0,0,0,0,0,0,0,0,4,0,0,0
104172,0,0,0,0,0,0,0,0,0,0,0,4,0,0,0
104352,0,0,0,0,0,0,0,0,0,0,0,3,21,2,2
104506,0,0,0,0,0,0,0,0,0,0,0,0,0,7,93
104858,0,0,0,0,0,0,0,0,0,0,0,0,0,0,0
104873,0,0,0,0,0,0,0,0,0,0,0,0,12,98,299
104980,0,0,0,0,0,0,0,0,0,0,0,0,0,1,0
105387,0,0,0,0,0,0,0,0,0,0,0,0,0,0,1
105432,0,0,0,0,0,0,0,0,0,0,0,28,90,80,256
105496,0,0,0,0,0,0,0,0,0,0,0,0,0,0,82
105761,0,0,0,0,0,0,0,0,0,0,0,0,0,0,17
105799,0,0,0,0,0,0,0,0,0,0,0,0,1,0,0
105820,0,0,0,0,0,0,0,0,0,0,0,0,23,11,98
105849,0,0,0,0,0,0,0,0,0,0,0,0,0,0,1
105920,0,0,0,0,0,0,0,0,0,0,0,0,0,0,50
106013,0,0,0,0,0,0,0,0,0,0,0,3,1,0,2
106061,0,0,0,0,0,0,0,0,0,0,0,0,2,0,0
106140,0,0,0,0,0,0,0,0,0,0,0,7,19,17,21
106725,0,0,0,0,0,0,0,0,0,0,0,0,10,31,130
106761,0,0,0,0,0,0,0,0,0,0,0,0,0,0,3
106853,0,0,0,0,0,0,0,0,0,0,0,0,0,1,8
106870,0,0,0,0,0,0,0,0,0,0,0,0,0,0,1
106903,0,0,0,0,0,0,0,0,0,0,0,0,10,0,0
106966,0,0,0,0,0,0,0,0,0,0,0,1,0,0,0
106984,0,0,0,0,0,0,0,0,0,0,0,0,0,5,4
107013,0,0,0,0,0,0,0,0,0,0,0,0,1,0,0
107165,0,0,0,0,0,0,0,0,0,0,0,0,0,0,4
107293,0,0,0,0,0,0,0,0,0,0,0,0,3,1,0
107346,0,0,0,0,0,0,0,0,0,0,0,0,0,11,142
107397,0,0,0,0,0,0,0,0,0,0,0,0,0,0,3
107545,0,0,0,0,0,0,0,0,0,0,0,0,0,9,27
107551,0,0,0,0,0,0,0,0,0,0,0,1,1,0,0
107747,0,0,0,0,0,0,0,0,0,0,0,0,7,2,2
107782,0,0,0,0,0,0,0,0,0,0,0,1,1,0,0
107989,0,0,0,0,0,0,0,0,0,0,0,0,13,10,11
108000,0,0,0,0,0,0,0,0,0,0,0,0,3,0,0
108429,0,0,0,0,0,0,0,0,0,0,0,0,0,0,2
108477,0,0,0,0,0,0,0,0,0,0,0,0,0,8,76
108746,0,0,0,0,0,0,0,0,0,0,0,2,7,6,4
108822,0,0,0,0,0,0,0,0,0,0,0,0,0,2,2
108919,0,0,0,0,0,0,0,0,0,0,0,0,11,1,6
108949,0,0,0,0,0,0,0,0,0,0,0,0,0,0,18
109273,0,0,0,0,0,0,0,0,0,0,0,0,17,9,10
109390,0,0,0,0,0,0,0,0,0,0,0,0,0,4,6
109405,0,0,0,0,0,0,0,0,0,0,0,0,1,0,0
109462,0,0,0,0,0,0,0,0,0,0,0,0,0,4,24
109560,0,0,0,0,0,0,0,0,0,0,0,0,5,13,29
109562,0,0,0,0,0,0,0,0,0,0,0,0,13,4,4
109587,0,0,0,0,0,0,0,0,0,0,0,0,0,0,16
109724,0,0,0,0,0,0,0,0,0,0,0,0,18,4,15
109732,0,0,0,0,0,0,0,0,0,0,0,0,1,0,0
109774,0,0,0,0,0,0,0,0,0,0,0,0,2,18,10
109799,0,0,0,0,0,0,0,0,0,0,0,0,14,2,0
109811,0,0,0,0,0,0,0,0,0,0,0,0,5,10,0
109825,0,0,0,0,0,0,0,0,0,0,0,0,9,30,45
110101,0,0,0,0,0,0,0,0,0,0,0,0,0,0,0
110143,0,0,0,0,0,0,0,0,0,0,0,0,0,0,44
110221,0,0,0,0,0,0,0,0,0,0,0,0,0,0,39
110550,0,0,0,0,0,0,0,0,0,0,0,0,10,16,25
110552,0,0,0,0,0,0,0,0,0,0,0,0,0,35,204
110588,0,0,0,0,0,0,0,0,0,0,0,0,0,0,95
110641,0,0,0,0,0,0,0,0,0,0,0,0,8,5,4
110660,0,0,0,0,0,0,0,0,0,0,0,0,0,0,1
110666,0,0,0,0,0,0,0,0,0,0,0,0,0,1,0
110676,0,0,0,0,0,0,0,0,0,0,0,0,3,4,2
110766,0,0,0,0,0,0,0,0,0,0,0,0,9,4,5
110808,0,0,0,0,0,0,0,0,0,0,0,0,0,0,59
110839,0,0,0,0,0,0,0,0,0,0,0,0,29,12,103
110848,0,0,0,0,0,0,0,0,0,0,0,0,0,0,4
110936,0,0,0,0,0,0,0,0,0,0,0,0,1,27,87
111039,0,0,0,0,0,0,0,0,0,0,0,0,0,0,253
111072,0,0,0,0,0,0,0,0,0,0,0,0,6,0,0
111138,0,0,0,0,0,0,0,0,0,0,0,0,0,0,14
111312,0,0,0,0,0,0,0,0,0,0,0,0,2,0,1
111374,0,0,0,0,0,0,0,0,0,0,0,0,2,0,0
111390,0,0,0,0,0,0,0,0,0,0,0,0,49,15,32
111401,0,0,0,0,0,0,0,0,0,0,0,0,0,0,23
111493,0,0,0,0,0,0,0,0,0,0,0,0,122,60,223
111809,0,0,0,0,0,0,0,0,0,0,0,0,2,15,12
111948,0,0,0,0,0,0,0,0,0,0,0,0,0,0,7
112343,0,0,0,0,0,0,0,0,0,0,0,0,0,4,62
112525,0,0,0,0,0,0,0,0,0,0,0,0,2,0,2
112532,0,0,0,0,0,0,0,0,0,0,0,0,2,0,1
112533,0,0,0,0,0,0,0,0,0,0,0,0,1,0,0
112801,0,0,0,0,0,0,0,0,0,0,0,0,102,28,84
112949,0,0,0,0,0,0,0,0,0,0,0,0,8,2,1
113101,0,0,0,0,0,0,0,0,0,0,0,0,0,0,25
113131,0,0,0,0,0,0,0,0,0,0,0,0,1,0,0
113329,0,0,0,0,0,0,0,0,0,0,0,0,0,0,25
113383,0,0,0,0,0,0,0,0,0,0,0,0,7,10,4
113415,0,0,0,0,0,0,0,0,0,0,0,0,4,14,8
113543,0,0,0,0,0,0,0,0,0,0,0,0,0,0,1
113552,0,0,0,0,0,0,0,0,0,0,0,0,0,0,3
113573,0,0,0,0,0,0,0,0,0,0,0,0,0,0,2
113584,0,0,0,0,0,0,0,0,0,0,0,0,0,0,0
113653,0,0,0,0,0,0,0,0,0,0,0,0,32,21,85
113672,0,0,0,0,0,0,0,0,0,0,0,0,0,0,14
113860,0,0,0,0,0,0,0,0,0,0,0,0,13,0,0
113865,0,0,0,0,0,0,0,0,0,0,0,0,15,20,35
113951,0,0,0,0,0,0,0,0,0,0,0,0,0,0,1
113974,0,0,0,0,0,0,0,0,0,0,0,0,2,5,8
113988,0,0,0,0,0,0,0,0,0,0,0,0,5,19,27
113996,0,0,0,0,0,0,0,0,0,0,0,0,0,0,3
114019,0,0,0,0,0,0,0,0,0,0,0,0,0,0,2
114049,0,0,0,0,0,0,0,0,0,0,0,0,0,0,51
114066,0,0,0,0,0,0,0,0,0,0,0,0,15,1,4
114069,0,0,0,0,0,0,0,0,0,0,0,0,6,4,11
114090,0,0,0,0,0,0,0,0,0,0,0,0,0,0,19
114338,0,0,0,0,0,0,0,0,0,0,0,0,41,25,43
114385,0,0,0,0,0,0,0,0,0,0,0,0,1,0,8
114594,0,0,0,0,0,0,0,0,0,0,0,0,0,2,6
114673,0,0,0,0,0,0,0,0,0,0,0,0,0,0,0
114680,0,0,0,0,0,0,0,0,0,0,0,0,2,0,0
114765,0,0,0,0,0,0,0,0,0,0,0,0,0,0,23
114969,0,0,0,0,0,0,0,0,0,0,0,0,15,1,10
115100,0,0,0,0,0,0,0,0,0,0,0,0,0,0,67
115156,0,0,0,0,0,0,0,0,0,0,0,0,6,11,15
115184,0,0,0,0,0,0,0,0,0,0,0,0,1,0,0
115266,0,0,0,0,0,0,0,0,0,0,0,0,0,0,20
115529,0,0,0,0,0,0,0,0,0,0,0,0,4,1,1
115569,0,0,0,0,0,0,0,0,0,0,0,0,2,0,0
115763,0,0,0,0,0,0,0,0,0,0,0,0,0,0,1
115795,0,0,0,0,0,0,0,0,0,0,0,0,9,0,0
115840,0,0,0,0,0,0,0,0,0,0,0,0,12,4,0
116000,0,0,0,0,0,0,0,0,0,0,0,0,0,0,22
116226,0,0,0,0,0,0,0,0,0,0,0,0,0,0,2
116249,0,0,0,0,0,0,0,0,0,0,0,0,1,1,2
116502,0,0,0,0,0,0,0,0,0,0,0,0,2,0,0
116553,0,0,0,0,0,0,0,0,0,0,0,0,2,8,2
116607,0,0,0,0,0,0,0,0,0,0,0,0,0,3,2
116609,0,0,0,0,0,0,0,0,0,0,0,0,0,4,0
116646,0,0,0,0,0,0,0,0,0,0,0,0,16,10,18
116692,0,0,0,0,0,0,0,0,0,0,0,0,1,0,0
116719,0,0,0,0,0,0,0,0,0,0,0,0,1,0,0
116848,0,0,0,0,0,0,0,0,0,0,0,0,24,0,0
116955,0,0,0,0,0,0,0,0,0,0,0,0,0,0,25
116959,0,0,0,0,0,0,0,0,0,0,0,0,0,0,111
117116,0,0,0,0,0,0,0,0,0,0,0,0,0,0,23
117177,0,0,0,0,0,0,0,0,0,0,0,0,3,0,1
117369,0,0,0,0,0,0,0,0,0,0,0,0,1,1,5
117442,0,0,0,0,0,0,0,0,0,0,0,0,0,0,13
117524,0,0,0,0,0,0,0,0,0,0,0,0,2,0,0
117765,0,0,0,0,0,0,0,0,0,0,0,0,12,11,67
117880,0,0,0,0,0,0,0,0,0,0,0,0,0,0,3
117952,0,0,0,0,0,0,0,0,0,0,0,0,0,0,8
118239,0,0,0,0,0,0,0,0,0,0,0,0,0,1,2
118242,0,0,0,0,0,0,0,0,0,0,0,0,0,0,83
118363,0,0,0,0,0,0,0,0,0,0,0,0,0,2,2
118644,0,0,0,0,0,0,0,0,0,0,0,0,1,7,2
118647,0,0,0,0,0,0,0,0,0,0,0,0,0,9,15
118675,0,0,0,0,0,0,0,0,0,0,0,0,0,0,1
118726,0,0,0,0,0,0,0,0,0,0,0,0,0,0,3
118729,0,0,0,0,0,0,0,0,0,0,0,0,0,6,26
118735,0,0,0,0,0,0,0,0,0,0,0,0,0,1,1
118779,0,0,0,0,0,0,0,0,0,0,0,0,0,1,0
119207,0,0,0,0,0,0,0,0,0,0,0,0,0,3,2
119214,0,0,0,0,0,0,0,0,0,0,0,0,0,0,72
119420,0,0,0,0,0,0,0,0,0,0,0,0,0,0,10
119443,0,0,0,0,0,0,0,0,0,0,0,0,23,61,67
119468,0,0,0,0,0,0,0,0,0,0,0,0,10,3,8
119537,0,0,0,0,0,0,0,0,0,0,0,0,4,1,1
119824,0,0,0,0,0,0,0,0,0,0,0,0,0,0,21
119850,0,0,0,0,0,0,0,0,0,0,0,0,0,11,5
120057,0,0,0,0,0,0,0,0,0,0,0,0,0,4,10
120079,0,0,0,0,0,0,0,0,0,0,0,0,2,6,4
120106,0,0,0,0,0,0,0,0,0,0,0,0,0,1,0
120243,0,0,0,0,0,0,0,0,0,0,0,0,0,0,3
120308,0,0,0,0,0,0,0,0,0,0,0,0,0,0,0
120391,0,0,0,0,0,0,0,0,0,0,0,0,0,1,0
120418,0,0,0,0,0,0,0,0,0,0,0,0,0,2,68
120534,0,0,0,0,0,0,0,0,0,0,0,0,6,15,52
120571,0,0,0,0,0,0,0,0,0,0,0,0,1,1,1
120601,0,0,0,0,0,0,0,0,0,0,0,0,0,0,4
120622,0,0,0,0,0,0,0,0,0,0,0,0,0,0,10
120659,0,0,0,0,0,0,0,0,0,0,0,0,0,0,0
120702,0,0,0,0,0,0,0,0,0,0,0,0,0,6,37
120751,0,0,0,0,0,0,0,0,0,0,0,0,2,1,3
120763,0,0,0,0,0,0,0,0,0,0,0,0,0,0,16
120770,0,0,0,0,0,0,0,0,0,0,0,0,0,0,253
120952,0,0,0,0,0,0,0,0,0,0,0,0,0,0,91
121059,0,0,0,0,0,0,0,0,0,0,0,0,0,0,4
121234,0,0,0,0,0,0,0,0,0,0,0,0,0,1,8
121387,0,0,0,0,0,0,0,0,0,0,0,0,1,7,24
121463,0,0,0,0,0,0,0,0,0,0,0,0,0,0,6
121674,0,0,0,0,0,0,0,0,0,0,0,0,0,1,2
121790,0,0,0,0,0,0,0,0,0,0,0,0,0,2,1
121791,0,0,0,0,0,0,0,0,0,0,0,0,0,0,33
121830,0,0,0,0,0,0,0,0,0,0,0,0,0,59,113
121831,0,0,0,0,0,0,0,0,0,0,0,0,1,0,34
121843,0,0,0,0,0,0,0,0,0,0,0,0,0,31,73
121922,0,0,0,0,0,0,0,0,0,0,0,0,0,0,59
121939,0,0,0,0,0,0,0,0,0,0,0,0,2,0,0
122114,0,0,0,0,0,0,0,0,0,0,0,0,0,2,1
122342,0,0,0,0,0,0,0,0,0,0,0,0,0,0,23
122401,0,0,0,0,0,0,0,0,0,0,0,0,0,0,6
122445,0,0,0,0,0,0,0,0,0,0,0,0,4,0,0
122524,0,0,0,0,0,0,0,0,0,0,0,0,0,4,5
122543,0,0,0,0,0,0,0,0,0,0,0,0,5,3,3
122583,0,0,0,0,0,0,0,0,0,0,0,0,0,0,425
122668,0,0,0,0,0,0,0,0,0,0,0,0,1,0,0
122865,0,0,0,0,0,0,0,0,0,0,0,0,0,0,2
122973,0,0,0,0,0,0,0,0,0,0,0,0,2,12,10
123031,0,0,0,0,0,0,0,0,0,0,0,0,0,7,17
123134,0,0,0,0,0,0,0,0,0,0,0,0,0,0,13
123170,0,0,0,0,0,0,0,0,0,0,0,0,0,0,0
123171,0,0,0,0,0,0,0,0,0,0,0,0,0,3,5
123299,0,0,0,0,0,0,0,0,0,0,0,0,2,1,0
123390,0,0,0,0,0,0,0,0,0,0,0,0,0,3,0
123650,0,0,0,0,0,0,0,0,0,0,0,0,0,10,9
123665,0,0,0,0,0,0,0,0,0,0,0,0,0,0,7
123688,0,0,0,0,0,0,0,0,0,0,0,0,0,0,24
123705,0,0,0,0,0,0,0,0,0,0,0,0,0,0,24
123714,0,0,0,0,0,0,0,0,0,0,0,0,1,0,0
123774,0,0,0,0,0,0,0,0,0,0,0,0,0,1,0
123783,0,0,0,0,0,0,0,0,0,0,0,0,0,3,34
123814,0,0,0,0,0,0,0,0,0,0,0,0,0,0,89
123900,0,0,0,0,0,0,0,0,0,0,0,0,2,11,53
124016,0,0,0,0,0,0,0,0,0,0,0,0,0,64,434
124145,0,0,0,0,0,0,0,0,0,0,0,0,0,0,7
124274,0,0,0,0,0,0,0,0,0,0,0,0,0,1,0
124447,0,0,0,0,0,0,0,0,0,0,0,0,0,1,10
124496,0,0,0,0,0,0,0,0,0,0,0,0,0,2,0
124656,0,0,0,0,0,0,0,0,0,0,0,0,0,5,10
124664,0,0,0,0,0,0,0,0,0,0,0,0,0,1,0
124998,0,0,0,0,0,0,0,0,0,0,0,0,0,10,25
125139,0,0,0,0,0,0,0,0,0,0,0,0,0,0,30
125237,0,0,0,0,0,0,0,0,0,0,0,0,0,0,1
125276,0,0,0,0,0,0,0,0,0,0,0,0,0,0,2
125288,0,0,0,0,0,0,0,0,0,0,0,0,0,0,9
125292,0,0,0,0,0,0,0,0,0,0,0,0,0,0,117
125416,0,0,0,0,0,0,0,0,0,0,0,0,0,1,19
125536,0,0,0,0,0,0,0,0,0,0,0,0,0,0,15
125978,0,0,0,0,0,0,0,0,0,0,0,0,0,5,5
126012,0,0,0,0,0,0,0,0,0,0,0,0,0,37,155
126268,0,0,0,0,0,0,0,0,0,0,0,0,0,0,176
126313,0,0,0,0,0,0,0,0,0,0,0,0,0,1,0
126319,0,0,0,0,0,0,0,0,0,0,0,0,0,1,0
126338,0,0,0,0,0,0,0,0,0,0,0,0,0,0,2
126407,0,0,0,0,0,0,0,0,0,0,0,0,0,4,0
126502,0,0,0,0,0,0,0,0,0,0,0,0,0,2,0
126594,0,0,0,0,0,0,0,0,0,0,0,0,0,0,59
126821,0,0,0,0,0,0,0,0,0,0,0,0,0,0,18
126856,0,0,0,0,0,0,0,0,0,0,0,0,0,8,34
126865,0,0,0,0,0,0,0,0,0,0,0,0,0,15,23
127083,0,0,0,0,0,0,0,0,0,0,0,0,0,2,2
127103,0,0,0,0,0,0,0,0,0,0,0,0,0,3,3
127139,0,0,0,0,0,0,0,0,0,0,0,0,0,0,13
127154,0,0,0,0,0,0,0,0,0,0,0,0,0,1,0
127278,0,0,0,0,0,0,0,0,0,0,0,0,0,2,0
127302,0,0,0,0,0,0,0,0,0,0,0,0,0,2,20
127435,0,0,0,0,0,0,0,0,0,0,0,0,0,2,10
127511,0,0,0,0,0,0,0,0,0,0,0,0,0,2,0
127540,0,0,0,0,0,0,0,0,0,0,0,0,0,40,341
127542,0,0,0,0,0,0,0,0,0,0,0,0,0,0,4
127566,0,0,0,0,0,0,0,0,0,0,0,0,0,2,0
127614,0,0,0,0,0,0,0,0,0,0,0,0,0,3,7
128203,0,0,0,0,0,0,0,0,0,0,0,0,0,5,122
128204,0,0,0,0,0,0,0,0,0,0,0,0,0,1,0
128208,0,0,0,0,0,0,0,0,0,0,0,0,0,1,1
128225,0,0,0,0,0,0,0,0,0,0,0,0,0,7,10
128248,0,0,0,0,0,0,0,0,0,0,0,0,0,0,7
128249,0,0,0,0,0,0,0,0,0,0,0,0,0,0,24
128384,0,0,0,0,0,0,0,0,0,0,0,0,0,4,9
128416,0,0,0,0,0,0,0,0,0,0,0,0,0,0,20
128446,0,0,0,0,0,0,0,0,0,0,0,0,0,0,355
128552,0,0,0,0,0,0,0,0,0,0,0,0,0,2,14
128584,0,0,0,0,0,0,0,0,0,0,0,0,0,0,8
128606,0,0,0,0,0,0,0,0,0,0,0,0,0,5,3
128610,0,0,0,0,0,0,0,0,0,0,0,0,0,0,8
128620,0,0,0,0,0,0,0,0,0,0,0,0,0,0,89
128626,0,0,0,0,0,0,0,0,0,0,0,0,0,0,0
128733,0,0,0,0,0,0,0,0,0,0,0,0,0,0,3
128803,0,0,0,0,0,0,0,0,0,0,0,0,0,3,24
128878,0,0,0,0,0,0,0,0,0,0,0,0,0,0,5
129025,0,0,0,0,0,0,0,0,0,0,0,0,0,0,3
129113,0,0,0,0,0,0,0,0,0,0,0,0,0,9,4
129206,0,0,0,0,0,0,0,0,0,0,0,0,0,0,17
129266,0,0,0,0,0,0,0,0,0,0,0,0,0,63,121
129320,0,0,0,0,0,0,0,0,0,0,0,0,0,13,43
129416,0,0,0,0,0,0,0,0,0,0,0,0,0,0,15
129570,0,0,0,0,0,0,0,0,0,0,0,0,0,1,1
129615,0,0,0,0,0,0,0,0,0,0,0,0,0,0,23
129718,0,0,0,0,0,0,0,0,0,0,0,0,0,0,1
129752,0,0,0,0,0,0,0,0,0,0,0,0,0,0,398
130100,0,0,0,0,0,0,0,0,0,0,0,0,0,0,4
130256,0,0,0,0,0,0,0,0,0,0,0,0,0,0,0
130302,0,0,0,0,0,0,0,0,0,0,0,0,0,0,112
130383,0,0,0,0,0,0,0,0,0,0,0,0,0,0,39
130454,0,0,0,0,0,0,0,0,0,0,0,0,0,0,0
130455,0,0,0,0,0,0,0,0,0,0,0,0,0,1,10
130735,0,0,0,0,0,0,0,0,0,0,0,0,0,0,5
130752,0,0,0,0,0,0,0,0,0,0,0,0,0,0,5
130820,0,0,0,0,0,0,0,0,0,0,0,0,0,4,0
130857,0,0,0,0,0,0,0,0,0,0,0,0,0,10,30
130914,0,0,0,0,0,0,0,0,0,0,0,0,0,0,15
131206,0,0,0,0,0,0,0,0,0,0,0,0,0,6,34
131208,0,0,0,0,0,0,0,0,0,0,0,0,0,2,2
131234,0,0,0,0,0,0,0,0,0,0,0,0,0,170,684
131427,0,0,0,0,0,0,0,0,0,0,0,0,0,0,2
131428,0,0,0,0,0,0,0,0,0,0,0,0,0,0,24
131437,0,0,0,0,0,0,0,0,0,0,0,0,0,6,4
131458,0,0,0,0,0,0,0,0,0,0,0,0,0,0,5
131496,0,0,0,0,0,0,0,0,0,0,0,0,0,0,0
131521,0,0,0,0,0,0,0,0,0,0,0,0,0,6,59
131541,0,0,0,0,0,0,0,0,0,0,0,0,0,0,23
131550,0,0,0,0,0,0,0,0,0,0,0,0,0,0,0
131579,0,0,0,0,0,0,0,0,0,0,0,0,0,0,7
131701,0,0,0,0,0,0,0,0,0,0,0,0,0,3,22
131754,0,0,0,0,0,0,0,0,0,0,0,0,0,5,47
131779,0,0,0,0,0,0,0,0,0,0,0,0,0,4,6
131877,0,0,0,0,0,0,0,0,0,0,0,0,0,0,219
131966,0,0,0,0,0,0,0,0,0,0,0,0,0,2,12
132011,0,0,0,0,0,0,0,0,0,0,0,0,0,2,2
132013,0,0,0,0,0,0,0,0,0,0,0,0,0,4,40
132099,0,0,0,0,0,0,0,0,0,0,0,0,0,0,8
132130,0,0,0,0,0,0,0,0,0,0,0,0,0,4,1
132142,0,0,0,0,0,0,0,0,0,0,0,0,0,5,0
132161,0,0,0,0,0,0,0,0,0,0,0,0,0,0,6
132167,0,0,0,0,0,0,0,0,0,0,0,0,0,0,12
132187,0,0,0,0,0,0,0,0,0,0,0,0,0,0,3
132218,0,0,0,0,0,0,0,0,0,0,0,0,0,0,3
132242,0,0,0,0,0,0,0,0,0,0,0,0,0,0,4
132292,0,0,0,0,0,0,0,0,0,0,0,0,0,0,2
132306,0,0,0,0,0,0,0,0,0,0,0,0,0,0,116
132325,0,0,0,0,0,0,0,0,0,0,0,0,0,0,3
132436,0,0,0,0,0,0,0,0,0,0,0,0,0,0,2
132551,0,0,0,0,0,0,0,0,0,0,0,0,0,0,1
132737,0,0,0,0,0,0,0,0,0,0,0,0,0,1,0
132752,0,0,0,0,0,0,0,0,0,0,0,0,0,0,2
132755,0,0,0,0,0,0,0,0,0,0,0,0,0,0,6
132885,0,0,0,0,0,0,0,0,0,0,0,0,0,2,1
133350,0,0,0,0,0,0,0,0,0,0,0,0,0,0,47
133430,0,0,0,0,0,0,0,0,0,0,0,0,0,0,7
133483,0,0,0,0,0,0,0,0,0,0,0,0,0,0,36
133571,0,0,0,0,0,0,0,0,0,0,0,0,0,0,27
133838,0,0,0,0,0,0,0,0,0,0,0,0,0,0,6
133840,0,0,0,0,0,0,0,0,0,0,0,0,0,4,479
133846,0,0,0,0,0,0,0,0,0,0,0,0,0,5,25
133883,0,0,0,0,0,0,0,0,0,0,0,0,0,0,5
133937,0,0,0,0,0,0,0,0,0,0,0,0,0,0,11
133976,0,0,0,0,0,0,0,0,0,0,0,0,0,0,6
134009,0,0,0,0,0,0,0,0,0,0,0,0,0,1,0
134012,0,0,0,0,0,0,0,0,0,0,0,0,0,0,8
134037,0,0,0,0,0,0,0,0,0,0,0,0,0,0,1
134097,0,0,0,0,0,0,0,0,0,0,0,0,0,0,2
134102,0,0,0,0,0,0,0,0,0,0,0,0,0,1,1
134160,0,0,0,0,0,0,0,0,0,0,0,0,0,0,0
134264,0,0,0,0,0,0,0,0,0,0,0,0,0,0,13
134289,0,0,0,0,0,0,0,0,0,0,0,0,0,0,83
134483,0,0,0,0,0,0,0,0,0,0,0,0,0,0,181
134510,0,0,0,0,0,0,0,0,0,0,0,0,0,0,28
134619,0,0,0,0,0,0,0,0,0,0,0,0,0,0,2
134621,0,0,0,0,0,0,0,0,0,0,0,0,0,4,12
134664,0,0,0,0,0,0,0,0,0,0,0,0,0,0,3
134940,0,0,0,0,0,0,0,0,0,0,0,0,0,2,16
135063,0,0,0,0,0,0,0,0,0,0,0,0,0,0,25
135068,0,0,0,0,0,0,0,0,0,0,0,0,0,0,15
135071,0,0,0,0,0,0,0,0,0,0,0,0,0,0,13
135093,0,0,0,0,0,0,0,0,0,0,0,0,0,0,2
135225,0,0,0,0,0,0,0,0,0,0,0,0,0,0,81
135334,0,0,0,0,0,0,0,0,0,0,0,0,0,0,7
135390,0,0,0,0,0,0,0,0,0,0,0,0,0,0,16
135444,0,0,0,0,0,0,0,0,0,0,0,0,0,0,1
135529,0,0,0,0,0,0,0,0,0,0,0,0,0,0,114
135568,0,0,0,0,0,0,0,0,0,0,0,0,0,0,1
135586,0,0,0,0,0,0,0,0,0,0,0,0,0,0,1
135723,0,0,0,0,0,0,0,0,0,0,0,0,0,0,34
135755,0,0,0,0,0,0,0,0,0,0,0,0,0,0,2
135759,0,0,0,0,0,0,0,0,0,0,0,0,0,5,112
135884,0,0,0,0,0,0,0,0,0,0,0,0,0,26,357
135916,0,0,0,0,0,0,0,0,0,0,0,0,0,0,2
136082,0,0,0,0,0,0,0,0,0,0,0,0,0,3,161
136162,0,0,0,0,0,0,0,0,0,0,0,0,0,0,8
136189,0,0,0,0,0,0,0,0,0,0,0,0,0,0,3
136350,0,0,0,0,0,0,0,0,0,0,0,0,0,0,1
136516,0,0,0,0,0,0,0,0,0,0,0,0,0,0,63
136682,0,0,0,0,0,0,0,0,0,0,0,0,0,0,81
136755,0,0,0,0,0,0,0,0,0,0,0,0,0,0,0
136788,0,0,0,0,0,0,0,0,0,0,0,0,0,0,2
136815,0,0,0,0,0,0,0,0,0,0,0,0,0,0,5
136820,0,0,0,0,0,0,0,0,0,0,0,0,0,0,2
136828,0,0,0,0,0,0,0,0,0,0,0,0,0,1,0
136906,0,0,0,0,0,0,0,0,0,0,0,0,0,0,15
136994,0,0,0,0,0,0,0,0,0,0,0,0,0,0,4
136997,0,0,0,0,0,0,0,0,0,0,0,0,0,0,30
137065,0,0,0,0,0,0,0,0,0,0,0,0,0,0,3
137261,0,0,0,0,0,0,0,0,0,0,0,0,0,0,3
137377,0,0,0,0,0,0,0,0,0,0,0,0,0,0,84
137381,0,0,0,0,0,0,0,0,0,0,0,0,0,0,8
137404,0,0,0,0,0,0,0,0,0,0,0,0,0,7,12
137432,0,0,0,0,0,0,0,0,0,0,0,0,0,0,13
137434,0,0,0,0,0,0,0,0,0,0,0,0,0,0,4
137476,0,0,0,0,0,0,0,0,0,0,0,0,0,0,18
137489,0,0,0,0,0,0,0,0,0,0,0,0,0,0,25
137548,0,0,0,0,0,0,0,0,0,0,0,0,0,0,29
137720,0,0,0,0,0,0,0,0,0,0,0,0,0,0,2
137733,0,0,0,0,0,0,0,0,0,0,0,0,0,0,15
137785,0,0,0,0,0,0,0,0,0,0,0,0,0,0,21
137854,0,0,0,0,0,0,0,0,0,0,0,0,0,0,10
137958,0,0,0,0,0,0,0,0,0,0,0,0,0,0,2
138259,0,0,0,0,0,0,0,0,0,0,0,0,0,0,51
138270,0,0,0,0,0,0,0,0,0,0,0,0,0,0,5
138274,0,0,0,0,0,0,0,0,0,0,0,0,0,0,4
138283,0,0,0,0,0,0,0,0,0,0,0,0,0,0,12
138364,0,0,0,0,0,0,0,0,0,0,0,0,0,0,24
138370,0,0,0,0,0,0,0,0,0,0,0,0,0,0,2
138391,0,0,0,0,0,0,0,0,0,0,0,0,0,0,1
138395,0,0,0,0,0,0,0,0,0,0,0,0,0,0,28
138402,0,0,0,0,0,0,0,0,0,0,0,0,0,0,13
138658,0,0,0,0,0,0,0,0,0,0,0,0,0,0,350
138691,0,0,0,0,0,0,0,0,0,0,0,0,0,0,1
138702,0,0,0,0,0,0,0,0,0,0,0,0,0,0,23
139056,0,0,0,0,0,0,0,0,0,0,0,0,0,0,257
139126,0,0,0,0,0,0,0,0,0,0,0,0,0,0,11
139370,0,0,0,0,0,0,0,0,0,0,0,0,0,0,6
139421,0,0,0,0,0,0,0,0,0,0,0,0,0,0,0
139489,0,0,0,0,0,0,0,0,0,0,0,0,0,0,26
139492,0,0,0,0,0,0,0,0,0,0,0,0,0,0,1
139570,0,0,0,0,0,0,0,0,0,0,0,0,0,0,2
139584,0,0,0,0,0,0,0,0,0,0,0,0,0,0,5
139586,0,0,0,0,0,0,0,0,0,0,0,0,0,0,3
139597,0,0,0,0,0,0,0,0,0,0,0,0,0,0,3
139598,0,0,0,0,0,0,0,0,0,0,0,0,0,0,7
139648,0,0,0,0,0,0,0,0,0,0,0,0,0,0,11
139654,0,0,0,0,0,0,0,0,0,0,0,0,0,0,17
139665,0,0,0,0,0,0,0,0,0,0,0,0,0,0,3
139861,0,0,0,0,0,0,0,0,0,0,0,0,0,0,15
139918,0,0,0,0,0,0,0,0,0,0,0,0,0,0,12
140011,0,0,0,0,0,0,0,0,0,0,0,0,0,0,87
140063,0,0,0,0,0,0,0,0,0,0,0,0,0,0,5
140113,0,0,0,0,0,0,0,0,0,0,0,0,0,0,5
140133,0,0,0,0,0,0,0,0,0,0,0,0,0,0,18
140173,0,0,0,0,0,0,0,0,0,0,0,0,0,0,1
140291,0,0,0,0,0,0,0,0,0,0,0,0,0,0,40
140321,0,0,0,0,0,0,0,0,0,0,0,0,0,0,41
140340,0,0,0,0,0,0,0,0,0,0,0,0,0,0,23
140367,0,0,0,0,0,0,0,0,0,0,0,0,0,0,51
140375,0,0,0,0,0,0,0,0,0,0,0,0,0,0,3
140431,0,0,0,0,0,0,0,0,0,0,0,0,0,0,6
140436,0,0,0,0,0,0,0,0,0,0,0,0,0,0,18
140472,0,0,0,0,0,0,0,0,0,0,0,0,0,0,31
140902,0,0,0,0,0,0,0,0,0,0,0,0,0,0,27
140983,0,0,0,0,0,0,0,0,0,0,0,0,0,0,310
141017,0,0,0,0,0,0,0,0,0,0,0,0,0,0,6
141025,0,0,0,0,0,0,0,0,0,0,0,0,0,0,6
141424,0,0,0,0,0,0,0,0,0,0,0,0,0,0,23
141486,0,0,0,0,0,0,0,0,0,0,0,0,0,0,5
141531,0,0,0,0,0,0,0,0,0,0,0,0,0,0,10
141644,0,0,0,0,0,0,0,0,0,0,0,0,0,0,6
141661,0,0,0,0,0,0,0,0,0,0,0,0,0,0,3
141789,0,0,0,0,0,0,0,0,0,0,0,0,0,0,0
141902,0,0,0,0,0,0,0,0,0,0,0,0,0,0,1
142119,0,0,0,0,0,0,0,0,0,0,0,0,0,0,10
142240,0,0,0,0,0,0,0,0,0,0,0,0,0,0,118
142274,0,0,0,0,0,0,0,0,0,0,0,0,0,0,6
142286,0,0,0,0,0,0,0,0,0,0,0,0,0,0,16
142295,0,0,0,0,0,0,0,0,0,0,0,0,0,0,40
142338,0,0,0,0,0,0,0,0,0,0,0,0,0,0,35
142440,0,0,0,0,0,0,0,0,0,0,0,0,0,0,0
142466,0,0,0,0,0,0,0,0,0,0,0,0,0,0,7
142637,0,0,0,0,0,0,0,0,0,0,0,0,0,0,9
142715,0,0,0,0,0,0,0,0,0,0,0,0,0,0,2
142831,0,0,0,0,0,0,0,0,0,0,0,0,0,0,1
142966,0,0,0,0,0,0,0,0,0,0,0,0,0,0,4
142982,0,0,0,0,0,0,0,0,0,0,0,0,0,0,48
143014,0,0,0,0,0,0,0,0,0,0,0,0,0,0,22
143054,0,0,0,0,0,0,0,0,0,0,0,0,0,0,2
143145,0,0,0,0,0,0,0,0,0,0,0,0,0,0,61
143152,0,0,0,0,0,0,0,0,0,0,0,0,0,0,2
143267,0,0,0,0,0,0,0,0,0,0,0,0,0,0,1
143390,0,0,0,0,0,0,0,0,0,0,0,0,0,0,19
143402,0,0,0,0,0,0,0,0,0,0,0,0,0,0,7
143452,0,0,0,0,0,0,0,0,0,0,0,0,0,0,4
143462,0,0,0,0,0,0,0,0,0,0,0,0,0,0,2
143604,0,0,0,0,0,0,0,0,0,0,0,0,0,0,190
143918,0,0,0,0,0,0,0,0,0,0,0,0,0,0,2
144063,0,0,0,0,0,0,0,0,0,0,0,0,0,0,283
144117,0,0,0,0,0,0,0,0,0,0,0,0,0,0,2
144218,0,0,0,0,0,0,0,0,0,0,0,0,0,0,87
144236,0,0,0,0,0,0,0,0,0,0,0,0,0,0,21
144361,0,0,0,0,0,0,0,0,0,0,0,0,0,0,1
144383,0,0,0,0,0,0,0,0,0,0,0,0,0,0,27
144501,0,0,0,0,0,0,0,0,0,0,0,0,0,0,15
144536,0,0,0,0,0,0,0,0,0,0,0,0,0,0,115
144604,0,0,0,0,0,0,0,0,0,0,0,0,0,0,38
144612,0,0,0,0,0,0,0,0,0,0,0,0,0,0,144
144689,0,0,0,0,0,0,0,0,0,0,0,0,0,0,47
144695,0,0,0,0,0,0,0,0,0,0,0,0,0,0,17
144841,0,0,0,0,0,0,0,0,0,0,0,0,0,0,25
144857,0,0,0,0,0,0,0,0,0,0,0,0,0,0,48
145080,0,0,0,0,0,0,0,0,0,0,0,0,0,0,22
145089,0,0,0,0,0,0,0,0,0,0,0,0,0,0,13
145120,0,0,0,0,0,0,0,0,0,0,0,0,0,0,1
145124,0,0,0,0,0,0,0,0,0,0,0,0,0,0,3
145169,0,0,0,0,0,0,0,0,0,0,0,0,0,0,8
145201,0,0,0,0,0,0,0,0,0,0,0,0,0,0,53
145390,0,0,0,0,0,0,0,0,0,0,0,0,0,0,11
145393,0,0,0,0,0,0,0,0,0,0,0,0,0,0,0
145431,0,0,0,0,0,0,0,0,0,0,0,0,0,0,44
145519,0,0,0,0,0,0,0,0,0,0,0,0,0,0,0
145527,0,0,0,0,0,0,0,0,0,0,0,0,0,0,5
145542,0,0,0,0,0,0,0,0,0,0,0,0,0,0,2
145553,0,0,0,0,0,0,0,0,0,0,0,0,0,0,7
145697,0,0,0,0,0,0,0,0,0,0,0,0,0,0,9
145699,0,0,0,0,0,0,0,0,0,0,0,0,0,0,1
145839,0,0,0,0,0,0,0,0,0,0,0,0,0,0,1
146058,0,0,0,0,0,0,0,0,0,0,0,0,0,0,7
146093,0,0,0,0,0,0,0,0,0,0,0,0,0,0,30
146119,0,0,0,0,0,0,0,0,0,0,0,0,0,0,37
146279,0,0,0,0,0,0,0,0,0,0,0,0,0,0,7
146356,0,0,0,0,0,0,0,0,0,0,0,0,0,0,5
146565,0,0,0,0,0,0,0,0,0,0,0,0,0,0,9
146568,0,0,0,0,0,0,0,0,0,0,0,0,0,0,1
146583,0,0,0,0,0,0,0,0,0,0,0,0,0,0,1
146730,0,0,0,0,0,0,0,0,0,0,0,0,0,0,37
146755,0,0,0,0,0,0,0,0,0,0,0,0,0,0,4
146896,0,0,0,0,0,0,0,0,0,0,0,0,0,0,2
146925,0,0,0,0,0,0,0,0,0,0,0,0,0,0,3
146955,0,0,0,0,0,0,0,0,0,0,0,0,0,0,2
147001,0,0,0,0,0,0,0,0,0,0,0,0,0,0,27
147176,0,0,0,0,0,0,0,0,0,0,0,0,0,0,7
147220,0,0,0,0,0,0,0,0,0,0,0,0,0,0,7
147225,0,0,0,0,0,0,0,0,0,0,0,0,0,0,16
147276,0,0,0,0,0,0,0,0,0,0,0,0,0,0,0
147560,0,0,0,0,0,0,0,0,0,0,0,0,0,0,17
147562,0,0,0,0,0,0,0,0,0,0,0,0,0,0,52
147619,0,0,0,0,0,0,0,0,0,0,0,0,0,0,2
147650,0,0,0,0,0,0,0,0,0,0,0,0,0,0,18
147664,0,0,0,0,0,0,0,0,0,0,0,0,0,0,8
147706,0,0,0,0,0,0,0,0,0,0,0,0,0,0,106
147890,0,0,0,0,0,0,0,0,0,0,0,0,0,0,3
147901,0,0,0,0,0,0,0,0,0,0,0,0,0,0,28
147902,0,0,0,0,0,0,0,0,0,0,0,0,0,0,0
147910,0,0,0,0,0,0,0,0,0,0,0,0,0,0,2
147931,0,0,0,0,0,0,0,0,0,0,0,0,0,0,1
148012,0,0,0,0,0,0,0,0,0,0,0,0,0,0,1
148092,0,0,0,0,0,0,0,0,0,0,0,0,0,0,4
148123,0,0,0,0,0,0,0,0,0,0,0,0,0,0,137
148142,0,0,0,0,0,0,0,0,0,0,0,0,0,0,0
148205,0,0,0,0,0,0,0,0,0,0,0,0,0,0,3
148346,0,0,0,0,0,0,0,0,0,0,0,0,0,0,1
148392,0,0,0,0,0,0,0,0,0,0,0,0,0,0,61
148503,0,0,0,0,0,0,0,0,0,0,0,0,0,0,12
148665,0,0,0,0,0,0,0,0,0,0,0,0,0,0,6
148726,0,0,0,0,0,0,0,0,0,0,0,0,0,0,61
148751,0,0,0,0,0,0,0,0,0,0,0,0,0,0,11
149364,0,0,0,0,0,0,0,0,0,0,0,0,0,0,12
149395,0,0,0,0,0,0,0,0,0,0,0,0,0,0,75
149470,0,0,0,0,0,0,0,0,0,0,0,0,0,0,7
149565,0,0,0,0,0,0,0,0,0,0,0,0,0,0,38
149594,0,0,0,0,0,0,0,0,0,0,0,0,0,0,7
149663,0,0,0,0,0,0,0,0,0,0,0,0,0,0,5
149666,0,0,0,0,0,0,0,0,0,0,0,0,0,0,40
149849,0,0,0,0,0,0,0,0,0,0,0,0,0,0,2
149863,0,0,0,0,0,0,0,0,0,0,0,0,0,0,11
149887,0,0,0,0,0,0,0,0,0,0,0,0,0,0,10
149934,0,0,0,0,0,0,0,0,0,0,0,0,0,0,77
150129,0,0,0,0,0,0,0,0,0,0,0,0,0,0,9
150342,0,0,0,0,0,0,0,0,0,0,0,0,0,0,26
150370,0,0,0,0,0,0,0,0,0,0,0,0,0,0,13
150439,0,0,0,0,0,0,0,0,0,0,0,0,0,0,7
150549,0,0,0,0,0,0,0,0,0,0,0,0,0,0,12
150553,0,0,0,0,0,0,0,0,0,0,0,0,0,0,32
150710,0,0,0,0,0,0,0,0,0,0,0,0,0,0,4
150913,0,0,0,0,0,0,0,0,0,0,0,0,0,0,0
151001,0,0,0,0,0,0,0,0,0,0,0,0,0,0,15
151140,0,0,0,0,0,0,0,0,0,0,0,0,0,0,27
151281,0,0,0,0,0,0,0,0,0,0,0,0,0,0,3
151493,0,0,0,0,0,0,0,0,0,0,0,0,0,0,8
151552,0,0,0,0,0,0,0,0,0,0,0,0,0,0,2
151573,0,0,0,0,0,0,0,0,0,0,0,0,0,0,33
151701,0,0,0,0,0,0,0,0,0,0,0,0,0,0,1
151740,0,0,0,0,0,0,0,0,0,0,0,0,0,0,6
151766,0,0,0,0,0,0,0,0,0,0,0,0,0,0,12
151972,0,0,0,0,0,0,0,0,0,0,0,0,0,0,12
152050,0,0,0,0,0,0,0,0,0,0,0,0,0,0,26
152075,0,0,0,0,0,0,0,0,0,0,0,0,0,0,9
152146,0,0,0,0,0,0,0,0,0,0,0,0,0,0,1
152235,0,0,0,0,0,0,0,0,0,0,0,0,0,0,22
152284,0,0,0,0,0,0,0,0,0,0,0,0,0,0,51
152288,0,0,0,0,0,0,0,0,0,0,0,0,0,0,4
152445,0,0,0,0,0,0,0,0,0,0,0,0,0,0,736
152461,0,0,0,0,0,0,0,0,0,0,0,0,0,0,8
152740,0,0,0,0,0,0,0,0,0,0,0,0,0,0,12
152799,0,0,0,0,0,0,0,0,0,0,0,0,0,0,4
152920,0,0,0,0,0,0,0,0,0,0,0,0,0,0,11
152937,0,0,0,0,0,0,0,0,0,0,0,0,0,0,27
153023,0,0,0,0,0,0,0,0,0,0,0,0,0,0,19
153046,0,0,0,0,0,0,0,0,0,0,0,0,0,0,5
153078,0,0,0,0,0,0,0,0,0,0,0,0,0,0,4
153229,0,0,0,0,0,0,0,0,0,0,0,0,0,0,7
153258,0,0,0,0,0,0,0,0,0,0,0,0,0,0,18
153343,0,0,0,0,0,0,0,0,0,0,0,0,0,0,7
153375,0,0,0,0,0,0,0,0,0,0,0,0,0,0,1
153399,0,0,0,0,0,0,0,0,0,0,0,0,0,0,1
153445,0,0,0,0,0,0,0,0,0,0,0,0,0,0,1
153526,0,0,0,0,0,0,0,0,0,0,0,0,0,0,4
153573,0,0,0,0,0,0,0,0,0,0,0,0,0,0,2
153699,0,0,0,0,0,0,0,0,0,0,0,0,0,0,36
153707,0,0,0,0,0,0,0,0,0,0,0,0,0,0,11
153725,0,0,0,0,0,0,0,0,0,0,0,0,0,0,23
153971,0,0,0,0,0,0,0,0,0,0,0,0,0,0,2
153985,0,0,0,0,0,0,0,0,0,0,0,0,0,0,2
153988,0,0,0,0,0,0,0,0,0,0,0,0,0,0,1
154012,0,0,0,0,0,0,0,0,0,0,0,0,0,0,2
154020,0,0,0,0,0,0,0,0,0,0,0,0,0,0,7
154068,0,0,0,0,0,0,0,0,0,0,0,0,0,0,4
154187,0,0,0,0,0,0,0,0,0,0,0,0,0,0,2
154229,0,0,0,0,0,0,0,0,0,0,0,0,0,0,14
154259,0,0,0,0,0,0,0,0,0,0,0,0,0,0,3
154272,0,0,0,0,0,0,0,0,0,0,0,0,0,0,6
154293,0,0,0,0,0,0,0,0,0,0,0,0,0,0,2
154351,0,0,0,0,0,0,0,0,0,0,0,0,0,0,134
154595,0,0,0,0,0,0,0,0,0,0,0,0,0,0,8
154610,0,0,0,0,0,0,0,0,0,0,0,0,0,0,9
154717,0,0,0,0,0,0,0,0,0,0,0,0,0,0,0
154726,0,0,0,0,0,0,0,0,0,0,0,0,0,0,10
154769,0,0,0,0,0,0,0,0,0,0,0,0,0,0,4
154775,0,0,0,0,0,0,0,0,0,0,0,0,0,0,8
154870,0,0,0,0,0,0,0,0,0,0,0,0,0,0,1
154929,0,0,0,0,0,0,0,0,0,0,0,0,0,0,3
154946,0,0,0,0,0,0,0,0,0,0,0,0,0,0,4
155192,0,0,0,0,0,0,0,0,0,0,0,0,0,0,5
155343,0,0,0,0,0,0,0,0,0,0,0,0,0,0,2
155461,0,0,0,0,0,0,0,0,0,0,0,0,0,0,9
155463,0,0,0,0,0,0,0,0,0,0,0,0,0,0,6
155468,0,0,0,0,0,0,0,0,0,0,0,0,0,0,7
155580,0,0,0,0,0,0,0,0,0,0,0,0,0,0,76
155675,0,0,0,0,0,0,0,0,0,0,0,0,0,0,6
155705,0,0,0,0,0,0,0,0,0,0,0,0,0,0,4
155811,0,0,0,0,0,0,0,0,0,0,0,0,0,0,4
156055,0,0,0,0,0,0,0,0,0,0,0,0,0,0,23
156188,0,0,0,0,0,0,0,0,0,0,0,0,0,0,292
156270,0,0,0,0,0,0,0,0,0,0,0,0,0,0,9
156301,0,0,0,0,0,0,0,0,0,0,0,0,0,0,31
156405,0,0,0,0,0,0,0,0,0,0,0,0,0,0,0
156605,0,0,0,0,0,0,0,0,0,0,0,0,0,0,90
156609,0,0,0,0,0,0,0,0,0,0,0,0,0,0,21
156622,0,0,0,0,0,0,0,0,0,0,0,0,0,0,5
156673,0,0,0,0,0,0,0,0,0,0,0,0,0,0,1
156721,0,0,0,0,0,0,0,0,0,0,0,0,0,0,16
156825,0,0,0,0,0,0,0,0,0,0,0,0,0,0,6
156976,0,0,0,0,0,0,0,0,0,0,0,0,0,0,2
156981,0,0,0,0,0,0,0,0,0,0,0,0,0,0,111
157149,0,0,0,0,0,0,0,0,0,0,0,0,0,0,0
157284,0,0,0,0,0,0,0,0,0,0,0,0,0,0,8
157405,0,0,0,0,0,0,0,0,0,0,0,0,0,0,286
157465,0,0,0,0,0,0,0,0,0,0,0,0,0,0,3
157744,0,0,0,0,0,0,0,0,0,0,0,0,0,0,4
157754,0,0,0,0,0,0,0,0,0,0,0,0,0,0,0
157986,0,0,0,0,0,0,0,0,0,0,0,0,0,0,4
158222,0,0,0,0,0,0,0,0,0,0,0,0,0,0,4
158241,0,0,0,0,0,0,0,0,0,0,0,0,0,0,2
158300,0,0,0,0,0,0,0,0,0,0,0,0,0,0,7
158330,0,0,0,0,0,0,0,0,0,0,0,0,0,0,1
158331,0,0,0,0,0,0,0,0,0,0,0,0,0,0,0
158343,0,0,0,0,0,0,0,0,0,0,0,0,0,0,12
158379,0,0,0,0,0,0,0,0,0,0,0,0,0,0,1
158458,0,0,0,0,0,0,0,0,0,0,0,0,0,0,12
158502,0,0,0,0,0,0,0,0,0,0,0,0,0,0,13
158575,0,0,0,0,0,0,0,0,0,0,0,0,0,0,2
158615,0,0,0,0,0,0,0,0,0,0,0,0,0,0,6
158753,0,0,0,0,0,0,0,0,0,0,0,0,0,0,6
158869,0,0,0,0,0,0,0,0,0,0,0,0,0,0,3
158883,0,0,0,0,0,0,0,0,0,0,0,0,0,0,24
158902,0,0,0,0,0,0,0,0,0,0,0,0,0,0,5
158904,0,0,0,0,0,0,0,0,0,0,0,0,0,0,5
158955,0,0,0,0,0,0,0,0,0,0,0,0,0,0,1
159411,0,0,0,0,0,0,0,0,0,0,0,0,0,0,7
159490,0,0,0,0,0,0,0,0,0,0,0,0,0,0,11
159604,0,0,0,0,0,0,0,0,0,0,0,0,0,0,0
159810,0,0,0,0,0,0,0,0,0,0,0,0,0,0,0
159829,0,0,0,0,0,0,0,0,0,0,0,0,0,0,25
159858,0,0,0,0,0,0,0,0,0,0,0,0,0,0,1
159978,0,0,0,0,0,0,0,0,0,0,0,0,0,0,0
160017,0,0,0,0,0,0,0,0,0,0,0,0,0,0,7
160030,0,0,0,0,0,0,0,0,0,0,0,0,0,0,1
160042,0,0,0,0,0,0,0,0,0,0,0,0,0,0,9
160063,0,0,0,0,0,0,0,0,0,0,0,0,0,0,1
160083,0,0,0,0,0,0,0,0,0,0,0,0,0,0,1
160262,0,0,0,0,0,0,0,0,0,0,0,0,0,0,44
160346,0,0,0,0,0,0,0,0,0,0,0,0,0,0,3
160412,0,0,0,0,0,0,0,0,0,0,0,0,0,0,7
160431,0,0,0,0,0,0,0,0,0,0,0,0,0,0,0
160432,0,0,0,0,0,0,0,0,0,0,0,0,0,0,3
160458,0,0,0,0,0,0,0,0,0,0,0,0,0,0,8
160526,0,0,0,0,0,0,0,0,0,0,0,0,0,0,2
160528,0,0,0,0,0,0,0,0,0,0,0,0,0,0,1
160537,0,0,0,0,0,0,0,0,0,0,0,0,0,0,6
160541,0,0,0,0,0,0,0,0,0,0,0,0,0,0,2
160555,0,0,0,0,0,0,0,0,0,0,0,0,0,0,0
160567,0,0,0,0,0,0,0,0,0,0,0,0,0,0,1
160848,0,0,0,0,0,0,0,0,0,0,0,0,0,0,37
160896,0,0,0,0,0,0,0,0,0,0,0,0,0,0,3
161030,0,0,0,0,0,0,0,0,0,0,0,0,0,0,1
161117,0,0,0,0,0,0,0,0,0,0,0,0,0,0,9
161276,0,0,0,0,0,0,0,0,0,0,0,0,0,0,0
161292,0,0,0,0,0,0,0,0,0,0,0,0,0,0,14
161294,0,0,0,0,0,0,0,0,0,0,0,0,0,0,37
161311,0,0,0,0,0,0,0,0,0,0,0,0,0,0,42
161324,0,0,0,0,0,0,0,0,0,0,0,0,0,0,1
161402,0,0,0,0,0,0,0,0,0,0,0,0,0,0,10
161473,0,0,0,0,0,0,0,0,0,0,0,0,0,0,1
161500,0,0,0,0,0,0,0,0,0,0,0,0,0,0,1
161530,0,0,0,0,0,0,0,0,0,0,0,0,0,0,4
161595,0,0,0,0,0,0,0,0,0,0,0,0,0,0,1
161631,0,0,0,0,0,0,0,0,0,0,0,0,0,0,2
161643,0,0,0,0,0,0,0,0,0,0,0,0,0,0,22
161797,0,0,0,0,0,0,0,0,0,0,0,0,0,0,3
161809,0,0,0,0,0,0,0,0,0,0,0,0,0,0,62
161813,0,0,0,0,0,0,0,0,0,0,0,0,0,0,13
161834,0,0,0,0,0,0,0,0,0,0,0,0,0,0,19
161999,0,0,0,0,0,0,0,0,0,0,0,0,0,0,22
162157,0,0,0,0,0,0,0,0,0,0,0,0,0,0,10
162213,0,0,0,0,0,0,0,0,0,0,0,0,0,0,4
162247,0,0,0,0,0,0,0,0,0,0,0,0,0,0,0
162261,0,0,0,0,0,0,0,0,0,0,0,0,0,0,1
162313,0,0,0,0,0,0,0,0,0,0,0,0,0,0,1
162709,0,0,0,0,0,0,0,0,0,0,0,0,0,0,27
162730,0,0,0,0,0,0,0,0,0,0,0,0,0,0,1
162794,0,0,0,0,0,0,0,0,0,0,0,0,0,0,4
162925,0,0,0,0,0,0,0,0,0,0,0,0,0,0,18
163115,0,0,0,0,0,0,0,0,0,0,0,0,0,0,2
163154,0,0,0,0,0,0,0,0,0,0,0,0,0,0,4
163251,0,0,0,0,0,0,0,0,0,0,0,0,0,0,12
163319,0,0,0,0,0,0,0,0,0,0,0,0,0,0,4
163621,0,0,0,0,0,0,0,0,0,0,0,0,0,0,7
163850,0,0,0,0,0,0,0,0,0,0,0,0,0,0,6
163899,0,0,0,0,0,0,0,0,0,0,0,0,0,0,0
164104,0,0,0,0,0,0,0,0,0,0,0,0,0,0,5
164311,0,0,0,0,0,0,0,0,0,0,0,0,0,0,12
164443,0,0,0,0,0,0,0,0,0,0,0,0,0,0,3
164479,0,0,0,0,0,0,0,0,0,0,0,0,0,0,2
164799,0,0,0,0,0,0,0,0,0,0,0,0,0,0,1
164853,0,0,0,0,0,0,0,0,0,0,0,0,0,0,2
164871,0,0,0,0,0,0,0,0,0,0,0,0,0,0,8
164881,0,0,0,0,0,0,0,0,0,0,0,0,0,0,5
164915,0,0,0,0,0,0,0,0,0,0,0,0,0,0,1
165137,0,0,0,0,0,0,0,0,0,0,0,0,0,0,18
165315,0,0,0,0,0,0,0,0,0,0,0,0,0,0,5
165411,0,0,0,0,0,0,0,0,0,0,0,0,0,0,0
165421,0,0,0,0,0,0,0,0,0,0,0,0,0,0,0
165548,0,0,0,0,0,0,0,0,0,0,0,0,0,0,1
165699,0,0,0,0,0,0,0,0,0,0,0,0,0,0,11
165901,0,0,0,0,0,0,0,0,0,0,0,0,0,0,0
165933,0,0,0,0,0,0,0,0,0,0,0,0,0,0,8
165945,0,0,0,0,0,0,0,0,0,0,0,0,0,0,3
166094,0,0,0,0,0,0,0,0,0,0,0,0,0,0,2
166167,0,0,0,0,0,0,0,0,0,0,0,0,0,0,1
166188,0,0,0,0,0,0,0,0,0,0,0,0,0,0,6
166270,0,0,0,0,0,0,0,0,0,0,0,0,0,0,0
166405,0,0,0,0,0,0,0,0,0,0,0,0,0,0,6
166411,0,0,0,0,0,0,0,0,0,0,0,0,0,0,1
166471,0,0,0,0,0,0,0,0,0,0,0,0,0,0,0
166853,0,0,0,0,0,0,0,0,0,0,0,0,0,0,0
166878,0,0,0,0,0,0,0,0,0,0,0,0,0,0,0
167128,0,0,0,0,0,0,0,0,0,0,0,0,0,0,0
167135,0,0,0,0,0,0,0,0,0,0,0,0,0,0,2
167189,0,0,0,0,0,0,0,0,0,0,0,0,0,0,0
167213,0,0,0,0,0,0,0,0,0,0,0,0,0,0,0
167232,0,0,0,0,0,0,0,0,0,0,0,0,0,0,5
167304,0,0,0,0,0,0,0,0,0,0,0,0,0,0,1
167319,0,0,0,0,0,0,0,0,0,0,0,0,0,0,211
167338,0,0,0,0,0,0,0,0,0,0,0,0,0,0,7
167358,0,0,0,0,0,0,0,0,0,0,0,0,0,0,32
167382,0,0,0,0,0,0,0,0,0,0,0,0,0,0,0
167402,0,0,0,0,0,0,0,0,0,0,0,0,0,0,4
167480,0,0,0,0,0,0,0,0,0,0,0,0,0,0,1
167607,0,0,0,0,0,0,0,0,0,0,0,0,0,0,8
167743,0,0,0,0,0,0,0,0,0,0,0,0,0,0,5
167852,0,0,0,0,0,0,0,0,0,0,0,0,0,0,5
167898,0,0,0,0,0,0,0,0,0,0,0,0,0,0,7
168019,0,0,0,0,0,0,0,0,0,0,0,0,0,0,67
168023,0,0,0,0,0,0,0,0,0,0,0,0,0,0,28
168122,0,0,0,0,0,0,0,0,0,0,0,0,0,0,1
168185,0,0,0,0,0,0,0,0,0,0,0,0,0,0,0
168380,0,0,0,0,0,0,0,0,0,0,0,0,0,0,6
168896,0,0,0,0,0,0,0,0,0,0,0,0,0,0,1
168989,0,0,0,0,0,0,0,0,0,0,0,0,0,0,0
169064,0,0,0,0,0,0,0,0,0,0,0,0,0,0,4
169085,0,0,0,0,0,0,0,0,0,0,0,0,0,0,1
169137,0,0,0,0,0,0,0,0,0,0,0,0,0,0,2
169162,0,0,0,0,0,0,0,0,0,0,0,0,0,0,0
169170,0,0,0,0,0,0,0,0,0,0,0,0,0,0,2
169174,0,0,0,0,0,0,0,0,0,0,0,0,0,0,21
169520,0,0,0,0,0,0,0,0,0,0,0,0,0,0,1
169602,0,0,0,0,0,0,0,0,0,0,0,0,0,0,2
169724,0,0,0,0,0,0,0,0,0,0,0,0,0,0,0
169864,0,0,0,0,0,0,0,0,0,0,0,0,0,0,20
169907,0,0,0,0,0,0,0,0,0,0,0,0,0,0,7
169923,0,0,0,0,0,0,0,0,0,0,0,0,0,0,26
169931,0,0,0,0,0,0,0,0,0,0,0,0,0,0,7
170027,0,0,0,0,0,0,0,0,0,0,0,0,0,0,0
170028,0,0,0,0,0,0,0,0,0,0,0,0,0,0,2
170062,0,0,0,0,0,0,0,0,0,0,0,0,0,0,0
170104,0,0,0,0,0,0,0,0,0,0,0,0,0,0,0
170109,0,0,0,0,0,0,0,0,0,0,0,0,0,0,0
170144,0,0,0,0,0,0,0,0,0,0,0,0,0,0,29
170153,0,0,0,0,0,0,0,0,0,0,0,0,0,0,2
170281,0,0,0,0,0,0,0,0,0,0,0,0,0,0,6
170317,0,0,0,0,0,0,0,0,0,0,0,0,0,0,5
170377,0,0,0,0,0,0,0,0,0,0,0,0,0,0,15
170406,0,0,0,0,0,0,0,0,0,0,0,0,0,0,3
170443,0,0,0,0,0,0,0,0,0,0,0,0,0,0,5
170525,0,0,0,0,0,0,0,0,0,0,0,0,0,0,2
170557,0,0,0,0,0,0,0,0,0,0,0,0,0,0,1
170639,0,0,0,0,0,0,0,0,0,0,0,0,0,0,13
170661,0,0,0,0,0,0,0,0,0,0,0,0,0,0,17
170714,0,0,0,0,0,0,0,0,0,0,0,0,0,0,7
170796,0,0,0,0,0,0,0,0,0,0,0,0,0,0,0
170806,0,0,0,0,0,0,0,0,0,0,0,0,0,0,0
170856,0,0,0,0,0,0,0,0,0,0,0,0,0,0,1
170882,0,0,0,0,0,0,0,0,0,0,0,0,0,0,4
171026,0,0,0,0,0,0,0,0,0,0,0,0,0,0,333
171076,0,0,0,0,0,0,0,0,0,0,0,0,0,0,2
171097,0,0,0,0,0,0,0,0,0,0,0,0,0,0,2
171136,0,0,0,0,0,0,0,0,0,0,0,0,0,0,3
171144,0,0,0,0,0,0,0,0,0,0,0,0,0,0,0
171195,0,0,0,0,0,0,0,0,0,0,0,0,0,0,1
171212,0,0,0,0,0,0,0,0,0,0,0,0,0,0,0
171362,0,0,0,0,0,0,0,0,0,0,0,0,0,0,9
171363,0,0,0,0,0,0,0,0,0,0,0,0,0,0,3
171468,0,0,0,0,0,0,0,0,0,0,0,0,0,0,21
171491,0,0,0,0,0,0,0,0,0,0,0,0,0,0,4
171536,0,0,0,0,0,0,0,0,0,0,0,0,0,0,2
171547,0,0,0,0,0,0,0,0,0,0,0,0,0,0,0
171566,0,0,0,0,0,0,0,0,0,0,0,0,0,0,0
171574,0,0,0,0,0,0,0,0,0,0,0,0,0,0,0
171576,0,0,0,0,0,0,0,0,0,0,0,0,0,0,1
171601,0,0,0,0,0,0,0,0,0,0,0,0,0,0,15
171613,0,0,0,0,0,0,0,0,0,0,0,0,0,0,2
171644,0,0,0,0,0,0,0,0,0,0,0,0,0,0,4
171677,0,0,0,0,0,0,0,0,0,0,0,0,0,0,9
171686,0,0,0,0,0,0,0,0,0,0,0,0,0,0,1
171699,0,0,0,0,0,0,0,0,0,0,0,0,0,0,1
171765,0,0,0,0,0,0,0,0,0,0,0,0,0,0,2
171790,0,0,0,0,0,0,0,0,0,0,0,0,0,0,26
171941,0,0,0,0,0,0,0,0,0,0,0,0,0,0,1
171960,0,0,0,0,0,0,0,0,0,0,0,0,0,0,8
171998,0,0,0,0,0,0,0,0,0,0,0,0,0,0,16
172013,0,0,0,0,0,0,0,0,0,0,0,0,0,0,3
172038,0,0,0,0,0,0,0,0,0,0,0,0,0,0,0
172056,0,0,0,0,0,0,0,0,0,0,0,0,0,0,1
172060,0,0,0,0,0,0,0,0,0,0,0,0,0,0,1
172081,0,0,0,0,0,0,0,0,0,0,0,0,0,0,6
172084,0,0,0,0,0,0,0,0,0,0,0,0,0,0,0
172186,0,0,0,0,0,0,0,0,0,0,0,0,0,0,4
172454,0,0,0,0,0,0,0,0,0,0,0,0,0,0,0
172571,0,0,0,0,0,0,0,0,0,0,0,0,0,0,0
172599,0,0,0,0,0,0,0,0,0,0,0,0,0,0,2
172604,0,0,0,0,0,0,0,0,0,0,0,0,0,0,14
172658,0,0,0,0,0,0,0,0,0,0,0,0,0,0,21
172742,0,0,0,0,0,0,0,0,0,0,0,0,0,0,1
172779,0,0,0,0,0,0,0,0,0,0,0,0,0,0,10
172829,0,0,0,0,0,0,0,0,0,0,0,0,0,0,4
172860,0,0,0,0,0,0,0,0,0,0,0,0,0,0,0
173007,0,0,0,0,0,0,0,0,0,0,0,0,0,0,1
173064,0,0,0,0,0,0,0,0,0,0,0,0,0,0,0
173193,0,0,0,0,0,0,0,0,0,0,0,0,0,0,5
173212,0,0,0,0,0,0,0,0,0,0,0,0,0,0,15
173391,0,0,0,0,0,0,0,0,0,0,0,0,0,0,1
173647,0,0,0,0,0,0,0,0,0,0,0,0,0,0,2
173758,0,0,0,0,0,0,0,0,0,0,0,0,0,0,1
173797,0,0,0,0,0,0,0,0,0,0,0,0,0,0,5
173822,0,0,0,0,0,0,0,0,0,0,0,0,0,0,0
174019,0,0,0,0,0,0,0,0,0,0,0,0,0,0,12
174043,0,0,0,0,0,0,0,0,0,0,0,0,0,0,1
174050,0,0,0,0,0,0,0,0,0,0,0,0,0,0,0
174104,0,0,0,0,0,0,0,0,0,0,0,0,0,0,1
174190,0,0,0,0,0,0,0,0,0,0,0,0,0,0,2
174330,0,0,0,0,0,0,0,0,0,0,0,0,0,0,1
174365,0,0,0,0,0,0,0,0,0,0,0,0,0,0,10
174369,0,0,0,0,0,0,0,0,0,0,0,0,0,0,10
174641,0,0,0,0,0,0,0,0,0,0,0,0,0,0,8
174675,0,0,0,0,0,0,0,0,0,0,0,0,0,0,0
174704,0,0,0,0,0,0,0,0,0,0,0,0,0,0,20
174791,0,0,0,0,0,0,0,0,0,0,0,0,0,0,2
174843,0,0,0,0,0,0,0,0,0,0,0,0,0,0,0
174855,0,0,0,0,0,0,0,0,0,0,0,0,0,0,1
174866,0,0,0,0,0,0,0,0,0,0,0,0,0,0,4
174874,0,0,0,0,0,0,0,0,0,0,0,0,0,0,1
174990,0,0,0,0,0,0,0,0,0,0,0,0,0,0,2
175030,0,0,0,0,0,0,0,0,0,0,0,0,0,0,1
175197,0,0,0,0,0,0,0,0,0,0,0,0,0,0,1
175216,0,0,0,0,0,0,0,0,0,0,0,0,0,0,14
175266,0,0,0,0,0,0,0,0,0,0,0,0,0,0,1
175319,0,0,0,0,0,0,0,0,0,0,0,0,0,0,2
175320,0,0,0,0,0,0,0,0,0,0,0,0,0,0,4
175581,0,0,0,0,0,0,0,0,0,0,0,0,0,0,0
175585,0,0,0,0,0,0,0,0,0,0,0,0,0,0,8
175615,0,0,0,0,0,0,0,0,0,0,0,0,0,0,0
175623,0,0,0,0,0,0,0,0,0,0,0,0,0,0,1
175641,0,0,0,0,0,0,0,0,0,0,0,0,0,0,1
175817,0,0,0,0,0,0,0,0,0,0,0,0,0,0,1
175825,0,0,0,0,0,0,0,0,0,0,0,0,0,0,1
175880,0,0,0,0,0,0,0,0,0,0,0,0,0,0,0
176017,0,0,0,0,0,0,0,0,0,0,0,0,0,0,0
176087,0,0,0,0,0,0,0,0,0,0,0,0,0,0,1
176102,0,0,0,0,0,0,0,0,0,0,0,0,0,0,5
176205,0,0,0,0,0,0,0,0,0,0,0,0,0,0,1
176457,0,0,0,0,0,0,0,0,0,0,0,0,0,0,14
176576,0,0,0,0,0,0,0,0,0,0,0,0,0,0,1
176584,0,0,0,0,0,0,0,0,0,0,0,0,0,0,1
176630,0,0,0,0,0,0,0,0,0,0,0,0,0,0,1
176785,0,0,0,0,0,0,0,0,0,0,0,0,0,0,1
176867,0,0,0,0,0,0,0,0,0,0,0,0,0,0,5
176908,0,0,0,0,0,0,0,0,0,0,0,0,0,0,2
177235,0,0,0,0,0,0,0,0,0,0,0,0,0,0,2
177475,0,0,0,0,0,0,0,0,0,0,0,0,0,0,2
177589,0,0,0,0,0,0,0,0,0,0,0,0,0,0,5
177704,0,0,0,0,0,0,0,0,0,0,0,0,0,0,0
177828,0,0,0,0,0,0,0,0,0,0,0,0,0,0,0
178238,0,0,0,0,0,0,0,0,0,0,0,0,0,0,4
178526,0,0,0,0,0,0,0,0,0,0,0,0,0,0,9
178538,0,0,0,0,0,0,0,0,0,0,0,0,0,0,0
178647,0,0,0,0,0,0,0,0,0,0,0,0,0,0,9
178703,0,0,0,0,0,0,0,0,0,0,0,0,0,0,5
178750,0,0,0,0,0,0,0,0,0,0,0,0,0,0,0
178764,0,0,0,0,0,0,0,0,0,0,0,0,0,0,0
178957,0,0,0,0,0,0,0,0,0,0,0,0,0,0,20
179238,0,0,0,0,0,0,0,0,0,0,0,0,0,0,11
179273,0,0,0,0,0,0,0,0,0,0,0,0,0,0,2
179425,0,0,0,0,0,0,0,0,0,0,0,0,0,0,0
179469,0,0,0,0,0,0,0,0,0,0,0,0,0,0,2
179535,0,0,0,0,0,0,0,0,0,0,0,0,0,0,1
180075,0,0,0,0,0,0,0,0,0,0,0,0,0,0,7
180416,0,0,0,0,0,0,0,0,0,0,0,0,0,0,70
180425,0,0,0,0,0,0,0,0,0,0,0,0,0,0,10
180479,0,0,0,0,0,0,0,0,0,0,0,0,0,0,1
180483,0,0,0,0,0,0,0,0,0,0,0,0,0,0,0
180801,0,0,0,0,0,0,0,0,0,0,0,0,0,0,0
180831,0,0,0,0,0,0,0,0,0,0,0,0,0,0,0
180959,0,0,0,0,0,0,0,0,0,0,0,0,0,0,2
181009,0,0,0,0,0,0,0,0,0,0,0,0,0,0,1
181425,0,0,0,0,0,0,0,0,0,0,0,0,0,0,0
181456,0,0,0,0,0,0,0,0,0,0,0,0,0,0,3
181458,0,0,0,0,0,0,0,0,0,0,0,0,0,0,0
181998,0,0,0,0,0,0,0,0,0,0,0,0,0,0,0
182032,0,0,0,0,0,0,0,0,0,0,0,0,0,0,1
182135,0,0,0,0,0,0,0,0,0,0,0,0,0,0,19
182326,0,0,0,0,0,0,0,0,0,0,0,0,0,0,1
182522,0,0,0,0,0,0,0,0,0,0,0,0,0,0,0
182558,0,0,0,0,0,0,0,0,0,0,0,0,0,0,23
182687,0,0,0,0,0,0,0,0,0,0,0,0,0,0,0
182765,0,0,0,0,0,0,0,0,0,0,0,0,0,0,1
182955,0,0,0,0,0,0,0,0,0,0,0,0,0,0,0
182994,0,0,0,0,0,0,0,0,0,0,0,0,0,0,1
183120,0,0,0,0,0,0,0,0,0,0,0,0,0,0,4
183230,0,0,0,0,0,0,0,0,0,0,0,0,0,0,6
183373,0,0,0,0,0,0,0,0,0,0,0,0,0,0,0
183397,0,0,0,0,0,0,0,0,0,0,0,0,0,0,0
183556,0,0,0,0,0,0,0,0,0,0,0,0,0,0,0
183572,0,0,0,0,0,0,0,0,0,0,0,0,0,0,0
183723,0,0,0,0,0,0,0,0,0,0,0,0,0,0,1
183790,0,0,0,0,0,0,0,0,0,0,0,0,0,0,1
183832,0,0,0,0,0,0,0,0,0,0,0,0,0,0,0
184143,0,0,0,0,0,0,0,0,0,0,0,0,0,0,3
184169,0,0,0,0,0,0,0,0,0,0,0,0,0,0,4
184180,0,0,0,0,0,0,0,0,0,0,0,0,0,0,16
184285,0,0,0,0,0,0,0,0,0,0,0,0,0,0,0
184292,0,0,0,0,0,0,0,0,0,0,0,0,0,0,1
184372,0,0,0,0,0,0,0,0,0,0,0,0,0,0,1
184567,0,0,0,0,0,0,0,0,0,0,0,0,0,0,2
184625,0,0,0,0,0,0,0,0,0,0,0,0,0,0,0
185037,0,0,0,0,0,0,0,0,0,0,0,0,0,0,2
185065,0,0,0,0,0,0,0,0,0,0,0,0,0,0,0
185117,0,0,0,0,0,0,0,0,0,0,0,0,0,0,7
185634,0,0,0,0,0,0,0,0,0,0,0,0,0,0,0
185765,0,0,0,0,0,0,0,0,0,0,0,0,0,0,3
185859,0,0,0,0,0,0,0,0,0,0,0,0,0,0,12
186014,0,0,0,0,0,0,0,0,0,0,0,0,0,0,1
186017,0,0,0,0,0,0,0,0,0,0,0,0,0,0,4
186102,0,0,0,0,0,0,0,0,0,0,0,0,0,0,5
186110,0,0,0,0,0,0,0,0,0,0,0,0,0,0,1
186112,0,0,0,0,0,0,0,0,0,0,0,0,0,0,2
186133,0,0,0,0,0,0,0,0,0,0,0,0,0,0,4
186272,0,0,0,0,0,0,0,0,0,0,0,0,0,0,8
186507,0,0,0,0,0,0,0,0,0,0,0,0,0,0,6
186578,0,0,0,0,0,0,0,0,0,0,0,0,0,0,1
186588,0,0,0,0,0,0,0,0,0,0,0,0,0,0,0
186671,0,0,0,0,0,0,0,0,0,0,0,0,0,0,5
186848,0,0,0,0,0,0,0,0,0,0,0,0,0,0,0
186881,0,0,0,0,0,0,0,0,0,0,0,0,0,0,35
187024,0,0,0,0,0,0,0,0,0,0,0,0,0,0,0
187074,0,0,0,0,0,0,0,0,0,0,0,0,0,0,0
187240,0,0,0,0,0,0,0,0,0,0,0,0,0,0,0
187411,0,0,0,0,0,0,0,0,0,0,0,0,0,0,5
187436,0,0,0,0,0,0,0,0,0,0,0,0,0,0,22
187448,0,0,0,0,0,0,0,0,0,0,0,0,0,0,4
187635,0,0,0,0,0,0,0,0,0,0,0,0,0,0,4
187796,0,0,0,0,0,0,0,0,0,0,0,0,0,0,0
187879,0,0,0,0,0,0,0,0,0,0,0,0,0,0,1
187904,0,0,0,0,0,0,0,0,0,0,0,0,0,0,0
187910,0,0,0,0,0,0,0,0,0,0,0,0,0,0,2
187996,0,0,0,0,0,0,0,0,0,0,0,0,0,0,0
188086,0,0,0,0,0,0,0,0,0,0,0,0,0,0,0
188218,0,0,0,0,0,0,0,0,0,0,0,0,0,0,36
188339,0,0,0,0,0,0,0,0,0,0,0,0,0,0,0
188602,0,0,0,0,0,0,0,0,0,0,0,0,0,0,0
188621,0,0,0,0,0,0,0,0,0,0,0,0,0,0,1
188782,0,0,0,0,0,0,0,0,0,0,0,0,0,0,1
189277,0,0,0,0,0,0,0,0,0,0,0,0,0,0,2
189311,0,0,0,0,0,0,0,0,0,0,0,0,0,0,0
189351,0,0,0,0,0,0,0,0,0,0,0,0,0,0,2
189949,0,0,0,0,0,0,0,0,0,0,0,0,0,0,1
189952,0,0,0,0,0,0,0,0,0,0,0,0,0,0,4
190171,0,0,0,0,0,0,0,0,0,0,0,0,0,0,3
190332,0,0,0,0,0,0,0,0,0,0,0,0,0,0,0
190814,0,0,0,0,0,0,0,0,0,0,0,0,0,0,1
191028,0,0,0,0,0,0,0,0,0,0,0,0,0,0,0
191063,0,0,0,0,0,0,0,0,0,0,0,0,0,0,1
191184,0,0,0,0,0,0,0,0,0,0,0,0,0,0,0
191207,0,0,0,0,0,0,0,0,0,0,0,0,0,0,8
191620,0,0,0,0,0,0,0,0,0,0,0,0,0,0,1
191822,0,0,0,0,0,0,0,0,0,0,0,0,0,0,0
191823,0,0,0,0,0,0,0,0,0,0,0,0,0,0,2
191972,0,0,0,0,0,0,0,0,0,0,0,0,0,0,0
192101,0,0,0,0,0,0,0,0,0,0,0,0,0,0,5
192201,0,0,0,0,0,0,0,0,0,0,0,0,0,0,1
192297,0,0,0,0,0,0,0,0,0,0,0,0,0,0,2
192393,0,0,0,0,0,0,0,0,0,0,0,0,0,0,0
192584,0,0,0,0,0,0,0,0,0,0,0,0,0,0,0
192978,0,0,0,0,0,0,0,0,0,0,0,0,0,0,0
193288,0,0,0,0,0,0,0,0,0,0,0,0,0,0,0
193297,0,0,0,0,0,0,0,0,0,0,0,0,0,0,16
193610,0,0,0,0,0,0,0,0,0,0,0,0,0,0,2
194105,0,0,0,0,0,0,0,0,0,0,0,0,0,0,0
194304,0,0,0,0,0,0,0,0,0,0,0,0,0,0,1
194575,0,0,0,0,0,0,0,0,0,0,0,0,0,0,0
194964,0,0,0,0,0,0,0,0,0,0,0,0,0,0,0
195488,0,0,0,0,0,0,0,0,0,0,0,0,0,0,0
195695,0,0,0,0,0,0,0,0,0,0,0,0,0,0,0
195713,0,0,0,0,0,0,0,0,0,0,0,0,0,0,1
196551,0,0,0,0,0,0,0,0,0,0,0,0,0,0,0
196582,0,0,0,0,0,0,0,0,0,0,0,0,0,0,0
196670,0,0,0,0,0,0,0,0,0,0,0,0,0,0,0
196694,0,0,0,0,0,0,0,0,0,0,0,0,0,0,1
196806,0,0,0,0,0,0,0,0,0,0,0,0,0,0,0
197081,0,0,0,0,0,0,0,0,0,0,0,0,0,0,0
197102,0,0,0,0,0,0,0,0,0,0,0,0,0,0,2
197686,0,0,0,0,0,0,0,0,0,0,0,0,0,0,0
197796,0,0,0,0,0,0,0,0,0,0,0,0,0,0,0
197970,0,0,0,0,0,0,0,0,0,0,0,0,0,0,2
198165,0,0,0,0,0,0,0,0,0,0,0,0,0,0,0
198915,0,0,0,0,0,0,0,0,0,0,0,0,0,0,0
198980,0,0,0,0,0,0,0,0,0,0,0,0,0,0,0
199398,0,0,0,0,0,0,0,0,0,0,0,0,0,0,0
200124,0,0,0,0,0,0,0,0,0,0,0,0,0,0,0
200221,0,0,0,0,0,0,0,0,0,0,0,0,0,0,6
200964,0,0,0,0,0,0,0,0,0,0,0,0,0,0,0
201016,0,0,0,0,0,0,0,0,0,0,0,0,0,0,0
201048,0,0,0,0,0,0,0,0,0,0,0,0,0,0,0
201335,0,0,0,0,0,0,0,0,0,0,0,0,0,0,0
202069,0,0,0,0,0,0,0,0,0,0,0,0,0,0,0
202272,0,0,0,0,0,0,0,0,0,0,0,0,0,0,0
202322,0,0,0,0,0,0,0,0,0,0,0,0,0,0,0
203554,0,0,0,0,0,0,0,0,0,0,0,0,0,0,0
204400,0,0,0,0,0,0,0,0,0,0,0,0,0,0,0
204528,0,0,0,0,0,0,0,0,0,0,0,0,0,0,0
204683,0,0,0,0,0,0,0,0,0,0,0,0,0,0,0
205327,0,0,0,0,0,0,0,0,0,0,0,0,0,0,0
206612,0,0,0,0,0,0,0,0,0,0,0,0,0,0,0