0,0,0,6,173,276,216,195,154,181,133,287,265
21,0,7,1,22,10,45,31,60,60,31,25,17
22,1,3,16,10,6,4,0,1,0,0,1,0
28,0,0,0,0,0,4,2,0,0,0,15,1
34,0,0,0,0,8,11,8,2,8,0,0,0
51,1,0,0,0,0,0,0,1,5,2,0,1
54,0,0,0,5,0,0,0,1,0,0,0,0
59,0,0,0,7,18,90,75,129,96,98,114,41
62,0,0,0,0,3,25,6,10,7,3,3,0
70,0,0,0,1,0,0,0,1,1,0,1,0
76,0,2,7,15,3,5,7,18,1,0,0,2
83,0,1,0,13,1,9,15,10,8,10,3,2
113,0,0,0,34,7,0,2,3,0,0,0,0
158,0,0,0,0,0,0,11,5,3,1,3,1
160,0,0,0,0,0,0,0,0,0,1,0,0
165,0,0,0,0,0,12,76,123,180,150,254,95
237,0,20,0,224,17,170,322,634,1009,709,1344,622
261,0,0,0,0,0,0,9,44,18,8,4,11
273,0,0,0,0,0,1,3,12,7,11,13,2
286,0,0,0,0,0,0,0,45,6,7,2,5
316,0,0,0,0,0,0,0,0,0,0,0,81
320,0,0,0,0,0,0,0,85,203,151,342,185
364,0,0,0,0,0,0,7,7,6,7,4,1
376,0,0,0,0,0,0,0,0,0,34,33,30
400,0,0,0,6,0,0,0,0,0,0,0,0
421,0,0,0,53,22,1,0,2,0,1,0,1
430,0,0,0,0,0,0,0,0,37,152,298,287
462,0,0,0,0,0,0,0,2,0,0,0,0
554,0,0,0,20,0,0,0,0,0,0,0,0
684,0,0,0,0,0,0,0,0,2,0,6,0
841,0,0,0,9,329,841,751,1221,1381,976,1736,834
916,0,0,0,0,35,0,0,7,0,0,0,0
1472,0,2,0,56,106,116,93,87,184,125,431,210
1568,0,0,0,0,60,279,202,227,357,337,792,415
1644,0,0,0,0,0,0,0,0,0,0,0,1
1754,0,0,0,47,16,0,0,0,0,1,0,0
2167,0,0,0,28,1,0,0,0,0,0,0,0
2169,0,0,0,172,42,40,3,0,0,0,0,0
3055,0,0,0,20,0,0,2,27,5,11,8,0
3128,0,0,0,0,0,36,6,0,0,0,1,1
3309,0,0,0,14,5,5,0,3,7,7,9,1
3311,0,0,2,11,0,3,8,7,11,3,3,10
3398,0,0,7,93,65,41,16,86,86,54,52,14
3407,0,0,0,0,0,0,0,11,13,27,43,23
3724,0,0,0,0,0,5,0,0,0,0,0,0
3748,0,0,0,30,9,0,0,0,0,0,0,0
4213,0,0,0,59,25,2,0,11,1,3,5,2
4219,0,0,0,8,1,0,0,0,0,0,0,0
4234,0,0,0,0,0,0,1,11,1,0,2,1
4258,0,0,0,0,0,0,0,2,5,0,15,5
4259,0,0,0,0,0,0,8,17,17,2,25,19
4261,0,0,0,0,0,0,0,22,29,4,7,1
4310,0,0,0,0,0,0,0,0,0,0,110,52
4332,0,0,0,0,0,0,0,1,2,3,1,0
4351,0,0,0,0,0,0,0,0,0,5,1,0
4393,0,0,0,1,0,0,0,0,0,0,0,0
4521,0,0,0,0,0,0,2,36,19,25,21,10
4528,0,0,0,0,0,7,6,1,0,0,0,0
4530,0,0,0,0,0,0,0,0,0,3,10,6
4640,0,0,0,0,0,0,0,13,10,22,10,3
4858,0,0,0,0,0,0,0,0,23,9,11,4
4861,0,0,0,0,0,0,0,0,0,0,0,8
4879,0,0,0,0,0,0,0,0,0,0,10,203
4880,0,0,0,0,0,0,0,0,39,31,118,75
4884,0,0,0,0,0,0,0,0,0,0,36,26
4907,0,0,0,0,0,0,0,0,0,0,3,5
4908,0,0,0,0,0,0,0,0,0,0,0,3
5130,0,0,0,0,30,15,12,23,16,27,50,15
5356,0,0,0,0,0,0,0,0,12,29,14,3
5615,0,0,0,0,0,3,1,3,1,0,0,0
5762,0,0,0,0,0,0,0,0,6,0,10,1
6160,0,0,0,2,0,0,0,0,0,0,0,0
6612,0,0,0,0,0,2,0,0,0,0,0,0
6705,0,0,0,0,0,0,0,0,17,34,67,18
6963,0,0,0,0,0,3,0,0,0,0,0,0
7155,0,0,0,0,1,3,3,10,11,2,0,0
7645,0,0,0,0,0,0,0,0,0,0,0,3
7748,0,0,0,0,0,0,0,0,0,4,1,2
7858,0,0,0,0,0,3,0,0,0,0,0,0
7927,0,0,0,0,2,6,0,0,0,0,0,0
7939,0,0,0,0,1,0,0,0,0,0,0,0
7958,0,0,0,0,1,0,0,0,0,0,0,0
8050,0,0,0,0,28,8,13,43,151,82,169,133
8053,0,0,0,0,1,0,0,0,0,0,0,0
8258,0,0,0,0,29,20,5,5,4,13,7,1
8574,0,0,0,0,0,0,4,0,0,0,0,0
8605,0,0,0,0,3,10,7,16,5,7,3,0
8634,0,0,0,0,0,16,40,95,270,252,789,521
8661,0,0,0,0,17,0,0,0,0,0,0,0
8671,0,0,0,0,0,0,0,1,0,0,0,0
8689,0,0,0,0,5,0,0,0,0,0,2,0
9006,0,0,0,0,12,5,0,0,0,0,0,0
9293,0,0,0,0,2,0,0,0,0,0,0,0
9376,0,0,0,0,13,1,0,2,0,0,0,0
9407,0,0,0,0,0,15,18,1,2,0,0,0
9547,0,0,0,0,69,53,32,71,387,151,370,173
9661,0,0,0,0,0,0,0,1,0,0,0,0
9698,0,0,0,0,0,0,0,2,1,2,0,1
9711,0,0,0,0,37,168,297,281,472,227,251,51
9714,0,0,0,0,0,0,6,16,6,3,11,0
9731,0,0,0,0,0,0,0,1,12,18,62,19
9872,0,0,0,0,0,7,3,5,0,1,7,9
10041,0,0,0,0,1,0,0,0,0,0,0,0
10078,0,0,0,0,0,0,0,0,15,10,0,0
10099,0,0,0,0,0,0,0,15,76,39,35,22
10138,0,0,0,0,0,0,0,8,4,4,2,1
10193,0,0,0,0,0,0,0,0,0,0,0,5
10321,0,0,0,0,0,0,0,0,12,0,0,0
10415,0,0,0,0,0,0,0,0,1,0,0,0
10693,0,0,0,0,0,0,6,5,1,18,4,0
10733,0,0,0,0,0,0,0,0,0,0,0,6
10804,0,0,0,0,0,0,16,18,55,23,61,23
10838,0,0,0,0,0,0,0,0,0,0,0,2
10872,0,0,0,0,0,3,22,96,100,98,175,72
11084,0,0,0,0,0,0,20,16,5,4,29,8
11458,0,0,0,0,0,1,0,0,0,0,0,0
11770,0,0,0,0,0,0,45,81,296,399,560,236
11814,0,0,0,0,0,0,1,6,0,4,1,0
11880,0,0,0,0,0,0,0,0,0,1,63,48
12254,0,0,0,0,0,0,0,0,0,6,0,0
12310,0,0,0,0,0,4,0,0,0,0,0,0
12344,0,0,0,0,0,0,2,0,0,0,0,0
12465,0,0,0,0,0,31,46,79,77,147,137,36
12566,0,0,0,0,0,7,6,12,12,0,0,0
12723,0,0,0,0,0,0,0,2,15,2,8,1
12794,0,0,0,0,0,0,0,0,0,0,11,0
12863,0,0,0,0,0,0,0,2,2,0,0,0
13199,0,0,0,0,0,0,0,0,5,16,13,6
13257,0,0,0,0,0,72,8,53,34,54,131,42
13401,0,0,0,0,0,60,32,19,35,98,476,188
14285,0,0,0,0,0,0,0,0,31,14,5,0
14796,0,0,0,0,0,0,1,0,0,0,0,0
14804,0,0,0,0,0,0,0,0,0,28,51,30
14897,0,0,0,0,0,15,1,49,20,11,73,57
15149,0,0,0,0,0,0,27,96,62,109,55,4
15156,0,0,0,0,0,0,0,0,0,2,0,0
15229,0,0,0,0,0,1,0,0,0,0,0,0
15232,0,0,0,0,0,22,67,14,33,22,27,0
15245,0,0,0,0,0,0,0,0,0,0,1,0
15249,0,0,0,0,0,1,0,0,0,0,0,0
15434,0,0,0,0,0,0,5,11,11,27,38,23
15627,0,0,0,0,0,0,1,6,7,2,0,0
15976,0,0,0,0,0,3,0,0,0,0,0,0
15998,0,0,0,0,0,0,0,0,0,0,17,14
16238,0,0,0,0,0,46,17,17,7,7,7,8
16427,0,0,0,0,0,6,8,0,0,0,0,0
16603,0,0,0,0,0,0,3,0,0,0,0,0
16611,0,0,0,0,0,0,0,5,1,2,5,1
16777,0,0,0,0,0,0,6,11,7,3,7,4
16797,0,0,0,0,0,82,142,204,275,116,127,22
16873,0,0,0,0,0,0,0,0,0,0,11,18
16875,0,0,0,0,0,0,0,0,0,7,57,29
16930,0,0,0,0,0,12,0,0,0,0,0,0
16995,0,0,0,0,0,0,0,6,5,51,350,546
17008,0,0,0,0,0,0,0,3,0,0,3,1
17046,0,0,0,0,0,0,0,2,1,0,0,0
17095,0,0,0,0,0,181,211,166,237,124,154,58
17212,0,0,0,0,0,0,0,0,2,3,5,0
17287,0,0,0,0,0,0,0,0,0,15,16,5
17682,0,0,0,0,0,0,0,3,5,12,3,0
17716,0,0,0,0,0,3,1,0,0,0,0,0
17870,0,0,0,0,0,0,0,0,0,0,6,0
17925,0,0,0,0,0,0,0,0,1,0,0,0
17970,0,0,0,0,0,0,0,0,9,15,9,1
18027,0,0,0,0,0,1,22,2,1,1,0,0
18107,0,0,0,0,0,0,0,0,0,0,1,0
18171,0,0,0,0,0,0,0,0,0,2,8,0
18199,0,0,0,0,0,0,0,0,15,2,9,10
18373,0,0,0,0,0,54,118,75,35,41,132,40
18422,0,0,0,0,0,0,59,52,92,43,22,7
18433,0,0,0,0,0,0,6,83,20,49,67,41
18474,0,0,0,0,0,0,1,3,10,8,6,0
18497,0,0,0,0,0,0,3,0,0,0,0,0
18586,0,0,0,0,0,0,1,0,0,0,0,0
18720,0,0,0,0,0,0,0,0,0,4,7,2
18817,0,0,0,0,0,0,4,0,0,0,0,0
19050,0,0,0,0,0,2,4,2,8,18,49,9
19053,0,0,0,0,0,0,0,0,0,1,5,2
19090,0,0,0,0,0,0,0,4,4,6,5,1
19092,0,0,0,0,0,5,2,0,0,0,0,0
19464,0,0,0,0,0,0,0,372,716,604,908,501
19499,0,0,0,0,0,0,0,0,0,4,4,2
19575,0,0,0,0,0,0,69,221,162,342,440,125
19636,0,0,0,0,0,0,0,25,14,3,8,0
19730,0,0,0,0,0,0,0,0,2,0,0,0
19742,0,0,0,0,0,0,6,6,8,0,1,0
20306,0,0,0,0,0,0,0,0,5,4,12,1
20402,0,0,0,0,0,0,0,1,0,0,0,0
20442,0,0,0,0,0,0,88,447,588,573,1050,526
20514,0,0,0,0,0,0,7,3,2,3,3,5
20593,0,0,0,0,0,0,181,243,189,112,239,77
20697,0,0,0,0,0,0,5,24,33,11,27,7
20766,0,0,0,0,0,0,0,0,0,3,4,0
21019,0,0,0,0,0,0,12,48,24,15,11,6
21066,0,0,0,0,0,0,0,0,0,0,1,2
21516,0,0,0,0,0,0,0,0,0,0,2,1
21632,0,0,0,0,0,0,0,0,24,14,28,17
21694,0,0,0,0,0,0,9,49,107,61,27,8
21828,0,0,0,0,0,0,0,0,1,31,7,2
21849,0,0,0,0,0,0,29,63,104,63,65,19
21968,0,0,0,0,0,0,39,140,171,80,155,70
22011,0,0,0,0,0,0,0,1,0,0,0,0
22286,0,0,0,0,0,0,0,0,0,11,0,0
22735,0,0,0,0,0,0,1,6,2,1,1,2
22807,0,0,0,0,0,0,1,0,0,0,0,0
23094,0,0,0,0,0,0,0,0,1,1,6,5
23300,0,0,0,0,0,0,0,0,1,0,0,0
23358,0,0,0,0,0,0,4,1,21,60,47,29
23414,0,0,0,0,0,0,0,0,0,0,19,3
23443,0,0,0,0,0,0,0,27,118,133,187,76
23447,0,0,0,0,0,0,0,15,21,10,17,3
23502,0,0,0,0,0,0,65,154,145,67,50,49
23600,0,0,0,0,0,0,7,67,63,62,8,0
23776,0,0,0,0,0,0,0,55,52,35,22,20
23806,0,0,0,0,0,0,0,0,3,1,4,5
23810,0,0,0,0,0,0,1,0,0,0,0,0
23938,0,0,0,0,0,0,31,43,74,17,14,6
24090,0,0,0,0,0,0,0,0,38,78,207,114
24234,0,0,0,0,0,0,0,8,15,6,3,0
24334,0,0,0,0,0,0,0,0,0,0,0,18
24357,0,0,0,0,0,0,0,0,0,0,4,24
24440,0,0,0,0,0,0,0,0,4,0,1,0
24456,0,0,0,0,0,0,7,0,0,5,6,0
24668,0,0,0,0,0,0,0,0,0,102,455,140
24800,0,0,0,0,0,0,0,0,0,0,26,14
24968,0,0,0,0,0,0,0,1,14,10,16,10
25101,0,0,0,0,0,0,0,0,0,0,1,5
25141,0,0,0,0,0,0,3,29,2,2,4,4
25635,0,0,0,0,0,0,14,95,86,38,138,82
25636,0,0,0,0,0,0,0,0,0,0,3,4
25685,0,0,0,0,0,0,0,0,1,0,0,0
25783,0,0,0,0,0,0,0,0,0,0,2,4
25797,0,0,0,0,0,0,0,0,0,0,0,186
25863,0,0,0,0,0,0,0,0,0,1,0,0
25892,0,0,0,0,0,0,47,71,41,10,12,7
25895,0,0,0,0,0,0,2,14,3,0,0,0
25988,0,0,0,0,0,0,10,26,20,12,11,2
25992,0,0,0,0,0,0,3,1,4,0,0,0
26137,0,0,0,0,0,0,1,4,0,0,0,0
26357,0,0,0,0,0,0,0,0,0,0,41,9
26412,0,0,0,0,0,0,0,0,0,14,31,26
26436,0,0,0,0,0,0,0,11,60,36,47,20
26561,0,0,0,0,0,0,0,0,0,0,1,0
26853,0,0,0,0,0,0,0,0,0,3,0,0
27021,0,0,0,0,0,0,0,0,0,1,0,0
27103,0,0,0,0,0,0,0,0,1,0,0,0
27318,0,0,0,0,0,0,0,0,75,119,40,20
27731,0,0,0,0,0,0,0,0,13,42,20,9
27926,0,0,0,0,0,0,0,50,43,34,57,19
27997,0,0,0,0,0,0,0,2,2,0,47,116
28054,0,0,0,0,0,0,0,4,7,4,1,0
28302,0,0,0,0,0,0,0,13,37,27,35,20
28430,0,0,0,0,0,0,0,21,15,17,15,17
28499,0,0,0,0,0,0,0,0,75,170,170,48
28581,0,0,0,0,0,0,0,0,10,0,0,4
28948,0,0,0,0,0,0,0,233,326,293,425,220
28964,0,0,0,0,0,0,0,5,10,15,22,28
29656,0,0,0,0,0,0,0,20,28,15,53,18
29752,0,0,0,0,0,0,0,5,21,5,3,3
29768,0,0,0,0,0,0,0,7,0,0,0,0
29947,0,0,0,0,0,0,0,5,15,6,10,6
29965,0,0,0,0,0,0,0,0,0,0,1,0
30052,0,0,0,0,0,0,0,0,23,21,49,24
30076,0,0,0,0,0,0,0,0,0,14,3,1
30291,0,0,0,0,0,0,0,25,2,7,1,0
30322,0,0,0,0,0,0,0,2,2,1,1,2
30445,0,0,0,0,0,0,0,0,0,6,2,3
30628,0,0,0,0,0,0,0,0,0,0,0,19
30717,0,0,0,0,0,0,0,0,5,6,13,0
31014,0,0,0,0,0,0,0,0,19,17,31,1
31356,0,0,0,0,0,0,0,0,0,0,0,3
31385,0,0,0,0,0,0,0,2,0,0,0,0
31437,0,0,0,0,0,0,0,0,7,0,4,2
31546,0,0,0,0,0,0,0,0,0,0,4,5
31580,0,0,0,0,0,0,0,5,13,5,7,2
31628,0,0,0,0,0,0,0,2,3,0,1,4
31687,0,0,0,0,0,0,0,0,0,0,0,7
31793,0,0,0,0,0,0,0,0,0,12,15,11
31831,0,0,0,0,0,0,0,0,0,32,521,359
31926,0,0,0,0,0,0,0,5,9,22,35,6
32251,0,0,0,0,0,0,0,0,46,185,321,121
32449,0,0,0,0,0,0,0,3,0,7,4,2
32499,0,0,0,0,0,0,0,1,10,4,5,1
32976,0,0,0,0,0,0,0,0,2,7,41,4
33281,0,0,0,0,0,0,0,0,0,0,58,76
33334,0,0,0,0,0,0,0,0,0,2,0,0
33439,0,0,0,0,0,0,0,0,0,0,25,109
33461,0,0,0,0,0,0,0,0,0,1,0,0
33478,0,0,0,0,0,0,0,7,72,21,17,18
33561,0,0,0,0,0,0,0,0,0,0,3,3
33895,0,0,0,0,0,0,0,5,15,0,0,0
34139,0,0,0,0,0,0,0,0,0,1,0,0
34568,0,0,0,0,0,0,0,0,8,16,37,20
34844,0,0,0,0,0,0,0,3,14,0,2,0
35035,0,0,0,0,0,0,0,0,7,12,3,0
35293,0,0,0,0,0,0,0,0,19,5,0,0
35538,0,0,0,0,0,0,0,0,0,0,42,6
35668,0,0,0,0,0,0,0,0,0,0,0,17
35928,0,0,0,0,0,0,0,2,20,24,21,32
35987,0,0,0,0,0,0,0,45,245,446,649,408
36030,0,0,0,0,0,0,0,5,98,137,213,144
36037,0,0,0,0,0,0,0,6,257,331,499,323
36054,0,0,0,0,0,0,0,0,4,0,0,0
36092,0,0,0,0,0,0,0,0,12,2,7,0
36176,0,0,0,0,0,0,0,0,1,0,0,0
36202,0,0,0,0,0,0,0,0,0,0,212,155
36304,0,0,0,0,0,0,0,0,6,11,5,5
36475,0,0,0,0,0,0,0,0,10,10,10,4
36640,0,0,0,0,0,0,0,0,1,17,14,7
36703,0,0,0,0,0,0,0,0,0,0,37,31
36797,0,0,0,0,0,0,0,0,2,0,14,1
36906,0,0,0,0,0,0,0,5,65,4,2,0
36945,0,0,0,0,0,0,0,0,0,0,0,4
37058,0,0,0,0,0,0,0,0,19,12,4,0
37185,0,0,0,0,0,0,0,2,17,9,20,9
37207,0,0,0,0,0,0,0,0,1,10,13,0
37210,0,0,0,0,0,0,0,0,4,1,2,1
37433,0,0,0,0,0,0,0,1,6,64,91,85
37434,0,0,0,0,0,0,0,6,13,7,2,1
37447,0,0,0,0,0,0,0,9,151,117,379,197
37480,0,0,0,0,0,0,0,0,0,21,8,5
37536,0,0,0,0,0,0,0,0,3,1,0,0
37570,0,0,0,0,0,0,0,0,0,0,0,23
37659,0,0,0,0,0,0,0,0,34,22,34,5
37694,0,0,0,0,0,0,0,2,0,0,0,0
37744,0,0,0,0,0,0,0,0,3,4,6,1
37786,0,0,0,0,0,0,0,0,0,0,1,0
37801,0,0,0,0,0,0,0,0,32,10,6,1
37879,0,0,0,0,0,0,0,0,0,0,79,186
37906,0,0,0,0,0,0,0,0,10,6,5,6
37910,0,0,0,0,0,0,0,1,21,24,29,20
38287,0,0,0,0,0,0,0,0,0,3,4,0
38442,0,0,0,0,0,0,0,0,0,0,1,0
38506,0,0,0,0,0,0,0,0,1,0,0,0
38617,0,0,0,0,0,0,0,0,53,81,342,391
38645,0,0,0,0,0,0,0,0,7,5,0,0
38710,0,0,0,0,0,0,0,0,0,5,28,21
38749,0,0,0,0,0,0,0,0,1,2,5,0
39163,0,0,0,0,0,0,0,0,0,50,86,68
39196,0,0,0,0,0,0,0,0,11,20,30,18
39501,0,0,0,0,0,0,0,0,0,0,2,2
39546,0,0,0,0,0,0,0,0,36,13,38,24
39564,0,0,0,0,0,0,0,0,2,0,0,0
39692,0,0,0,0,0,0,0,0,5,3,4,0
39831,0,0,0,0,0,0,0,0,56,32,136,69
39840,0,0,0,0,0,0,0,0,0,0,10,9
39885,0,0,0,0,0,0,0,0,0,0,27,13
40112,0,0,0,0,0,0,0,0,0,0,8,7
40604,0,0,0,0,0,0,0,0,0,0,17,17
40751,0,0,0,0,0,0,0,0,20,0,0,0
40805,0,0,0,0,0,0,0,0,102,131,84,36
40819,0,0,0,0,0,0,0,0,4,1,0,0
40839,0,0,0,0,0,0,0,0,0,0,0,1
40858,0,0,0,0,0,0,0,0,0,319,753,195
41061,0,0,0,0,0,0,0,0,3,4,0,0
41290,0,0,0,0,0,0,0,0,0,0,66,49
41584,0,0,0,0,0,0,0,0,21,51,39,26
41775,0,0,0,0,0,0,0,0,1,0,0,0
41867,0,0,0,0,0,0,0,0,0,0,8,31
41905,0,0,0,0,0,0,0,0,0,5,34,9
42147,0,0,0,0,0,0,0,0,2,0,0,0
42419,0,0,0,0,0,0,0,0,1,2,4,0
42546,0,0,0,0,0,0,0,0,9,19,35,12
42829,0,0,0,0,0,0,0,0,3,1,0,0
42900,0,0,0,0,0,0,0,0,7,416,333,80
42914,0,0,0,0,0,0,0,0,4,10,7,0
42996,0,0,0,0,0,0,0,0,0,48,25,5
43018,0,0,0,0,0,0,0,0,34,9,6,2
43035,0,0,0,0,0,0,0,0,0,18,30,18
43151,0,0,0,0,0,0,0,0,0,2,13,1
43238,0,0,0,0,0,0,0,0,0,0,9,1
43271,0,0,0,0,0,0,0,0,0,0,1,4
43351,0,0,0,0,0,0,0,0,0,0,104,111
43375,0,0,0,0,0,0,0,0,0,0,0,14
43464,0,0,0,0,0,0,0,0,0,1,2,0
43517,0,0,0,0,0,0,0,0,0,20,158,65
43519,0,0,0,0,0,0,0,0,19,18,42,8
43590,0,0,0,0,0,0,0,0,0,5,4,0
43788,0,0,0,0,0,0,0,0,0,0,0,1
44035,0,0,0,0,0,0,0,0,22,19,15,6
44081,0,0,0,0,0,0,0,0,0,0,5,0
44233,0,0,0,0,0,0,0,0,0,1,0,0
44248,0,0,0,0,0,0,0,0,1,9,2,5
44390,0,0,0,0,0,0,0,0,0,0,2,2
44525,0,0,0,0,0,0,0,0,1,0,0,0
44549,0,0,0,0,0,0,0,0,0,2,1,0
44706,0,0,0,0,0,0,0,0,10,7,2,0
44735,0,0,0,0,0,0,0,0,0,3,1,0
44851,0,0,0,0,0,0,0,0,0,0,1,4
45015,0,0,0,0,0,0,0,0,30,29,44,37
45027,0,0,0,0,0,0,0,0,0,2,1,0
45391,0,0,0,0,0,0,0,0,8,6,3,2
45396,0,0,0,0,0,0,0,0,6,22,13,0
45427,0,0,0,0,0,0,0,0,1,46,173,141
45547,0,0,0,0,0,0,0,0,0,0,12,4
45571,0,0,0,0,0,0,0,0,0,1,2,0
46159,0,0,0,0,0,0,0,0,0,14,6,2
46176,0,0,0,0,0,0,0,0,0,0,0,1
46233,0,0,0,0,0,0,0,0,1,17,5,0
46392,0,0,0,0,0,0,0,0,0,0,6,4
46395,0,0,0,0,0,0,0,0,0,0,0,5
46833,0,0,0,0,0,0,0,0,22,27,31,12
46852,0,0,0,0,0,0,0,0,2,1,9,2
46952,0,0,0,0,0,0,0,0,0,0,2,1
47057,0,0,0,0,0,0,0,0,0,0,5,2
47094,0,0,0,0,0,0,0,0,0,6,0,5
47328,0,0,0,0,0,0,0,0,1,0,0,0
47661,0,0,0,0,0,0,0,0,0,11,14,14
47755,0,0,0,0,0,0,0,0,0,0,113,94
47845,0,0,0,0,0,0,0,0,0,8,1,0
48381,0,0,0,0,0,0,0,0,0,1,4,0
48464,0,0,0,0,0,0,0,0,0,0,15,0
48849,0,0,0,0,0,0,0,0,0,0,0,13
48870,0,0,0,0,0,0,0,0,0,3,0,0
49169,0,0,0,0,0,0,0,0,0,0,62,12
50112,0,0,0,0,0,0,0,0,0,4,10,10
50332,0,0,0,0,0,0,0,0,0,4,6,0
50413,0,0,0,0,0,0,0,0,0,8,3,3
50483,0,0,0,0,0,0,0,0,0,0,0,38
50755,0,0,0,0,0,0,0,0,0,3,0,0
51036,0,0,0,0,0,0,0,0,0,120,178,27
51049,0,0,0,0,0,0,0,0,0,91,234,140
51059,0,0,0,0,0,0,0,0,0,0,0,1
51117,0,0,0,0,0,0,0,0,0,12,16,8
51193,0,0,0,0,0,0,0,0,0,11,2,0
51233,0,0,0,0,0,0,0,0,0,21,53,24
51472,0,0,0,0,0,0,0,0,0,0,2,21
51516,0,0,0,0,0,0,0,0,0,5,11,1
51741,0,0,0,0,0,0,0,0,0,26,56,13
52007,0,0,0,0,0,0,0,0,0,170,155,19
52470,0,0,0,0,0,0,0,0,0,15,8,0
52641,0,0,0,0,0,0,0,0,0,3,0,0
52672,0,0,0,0,0,0,0,0,0,22,12,0
52717,0,0,0,0,0,0,0,0,0,0,0,1
52718,0,0,0,0,0,0,0,0,0,33,228,162
53068,0,0,0,0,0,0,0,0,0,4,1,0
53175,0,0,0,0,0,0,0,0,0,0,1,0
53183,0,0,0,0,0,0,0,0,0,5,18,3
53232,0,0,0,0,0,0,0,0,0,26,33,18
53233,0,0,0,0,0,0,0,0,0,0,16,15
53568,0,0,0,0,0,0,0,0,0,0,0,18
53849,0,0,0,0,0,0,0,0,0,0,101,82
54696,0,0,0,0,0,0,0,0,0,0,0,2
54775,0,0,0,0,0,0,0,0,0,30,74,102
55572,0,0,0,0,0,0,0,0,0,0,5,0
55612,0,0,0,0,0,0,0,0,0,4,17,9
55854,0,0,0,0,0,0,0,0,0,2,2,0
56716,0,0,0,0,0,0,0,0,0,0,16,11
56826,0,0,0,0,0,0,0,0,0,0,0,2
56968,0,0,0,0,0,0,0,0,0,15,18,6
57037,0,0,0,0,0,0,0,0,0,0,5,2
57058,0,0,0,0,0,0,0,0,0,0,5,0
57311,0,0,0,0,0,0,0,0,0,0,0,2
57355,0,0,0,0,0,0,0,0,0,13,1,0
57512,0,0,0,0,0,0,0,0,0,0,9,23
57580,0,0,0,0,0,0,0,0,0,60,596,581
57612,0,0,0,0,0,0,0,0,0,0,237,119
57673,0,0,0,0,0,0,0,0,0,15,19,5
58096,0,0,0,0,0,0,0,0,0,0,12,0
58281,0,0,0,0,0,0,0,0,0,0,1,14
58314,0,0,0,0,0,0,0,0,0,2,6,2
58579,0,0,0,0,0,0,0,0,0,13,10,1
58766,0,0,0,0,0,0,0,0,0,0,0,3
58767,0,0,0,0,0,0,0,0,0,0,0,4
58960,0,0,0,0,0,0,0,0,0,0,22,5
59435,0,0,0,0,0,0,0,0,0,0,12,0
59562,0,0,0,0,0,0,0,0,0,6,25,9
59622,0,0,0,0,0,0,0,0,0,0,4,22
59985,0,0,0,0,0,0,0,0,0,4,5,3
60027,0,0,0,0,0,0,0,0,0,16,35,9
60036,0,0,0,0,0,0,0,0,0,0,47,47
60125,0,0,0,0,0,0,0,0,0,0,7,0
60141,0,0,0,0,0,0,0,0,0,0,87,51
60144,0,0,0,0,0,0,0,0,0,0,0,4
60158,0,0,0,0,0,0,0,0,0,0,10,3
60407,0,0,0,0,0,0,0,0,0,0,16,6
60763,0,0,0,0,0,0,0,0,0,0,0,2
60787,0,0,0,0,0,0,0,0,0,0,21,47
60821,0,0,0,0,0,0,0,0,0,0,3,3
60873,0,0,0,0,0,0,0,0,0,0,0,19
60949,0,0,0,0,0,0,0,0,0,0,0,5
60999,0,0,0,0,0,0,0,0,0,18,19,3
61232,0,0,0,0,0,0,0,0,0,0,6,22
61361,0,0,0,0,0,0,0,0,0,0,35,8
61458,0,0,0,0,0,0,0,0,0,1,7,2
61463,0,0,0,0,0,0,0,0,0,0,5,0
61496,0,0,0,0,0,0,0,0,0,1,31,14
61769,0,0,0,0,0,0,0,0,0,0,2,0
62219,0,0,0,0,0,0,0,0,0,0,41,38
62496,0,0,0,0,0,0,0,0,0,0,10,0
62588,0,0,0,0,0,0,0,0,0,0,0,11
62732,0,0,0,0,0,0,0,0,0,0,3,3
62895,0,0,0,0,0,0,0,0,0,0,40,34
62914,0,0,0,0,0,0,0,0,0,5,60,25
62980,0,0,0,0,0,0,0,0,0,0,127,49
63015,0,0,0,0,0,0,0,0,0,0,0,9
63387,0,0,0,0,0,0,0,0,0,0,113,129
63409,0,0,0,0,0,0,0,0,0,0,28,4
63502,0,0,0,0,0,0,0,0,0,0,7,0
64328,0,0,0,0,0,0,0,0,0,0,9,1
64512,0,0,0,0,0,0,0,0,0,0,6,23
64608,0,0,0,0,0,0,0,0,0,0,1,2
64671,0,0,0,0,0,0,0,0,0,0,13,5
64734,0,0,0,0,0,0,0,0,0,0,23,6
64736,0,0,0,0,0,0,0,0,0,0,8,1
64995,0,0,0,0,0,0,0,0,0,0,2,1
64996,0,0,0,0,0,0,0,0,0,0,0,2
65028,0,0,0,0,0,0,0,0,0,0,170,138
65501,0,0,0,0,0,0,0,0,0,0,1,20
65654,0,0,0,0,0,0,0,0,0,0,0,4
65705,0,0,0,0,0,0,0,0,0,0,108,68
65819,0,0,0,0,0,0,0,0,0,0,10,14
65878,0,0,0,0,0,0,0,0,0,0,49,9
65887,0,0,0,0,0,0,0,0,0,0,0,3
65905,0,0,0,0,0,0,0,0,0,0,42,21
66025,0,0,0,0,0,0,0,0,0,0,1,3
66213,0,0,0,0,0,0,0,0,0,0,1,1
66306,0,0,0,0,0,0,0,0,0,0,4,0
66402,0,0,0,0,0,0,0,0,0,0,3,6
66913,0,0,0,0,0,0,0,0,0,0,1,0
66919,0,0,0,0,0,0,0,0,0,0,0,2
67079,0,0,0,0,0,0,0,0,0,0,2,0
67280,0,0,0,0,0,0,0,0,0,0,15,98
67479,0,0,0,0,0,0,0,0,0,0,4,0
67527,0,0,0,0,0,0,0,0,0,0,96,158
67730,0,0,0,0,0,0,0,0,0,0,35,4
67813,0,0,0,0,0,0,0,0,0,0,3,1
67861,0,0,0,0,0,0,0,0,0,0,2,0
67902,0,0,0,0,0,0,0,0,0,0,0,24
67957,0,0,0,0,0,0,0,0,0,0,13,2
67980,0,0,0,0,0,0,0,0,0,0,57,31
68059,0,0,0,0,0,0,0,0,0,0,1,0
68103,0,0,0,0,0,0,0,0,0,0,10,2
68880,0,0,0,0,0,0,0,0,0,0,0,1
68926,0,0,0,0,0,0,0,0,0,0,2,5
68931,0,0,0,0,0,0,0,0,0,0,16,1
68959,0,0,0,0,0,0,0,0,0,0,7,13
69431,0,0,0,0,0,0,0,0,0,0,2,1
69440,0,0,0,0,0,0,0,0,0,0,6,8
69534,0,0,0,0,0,0,0,0,0,0,28,36
69544,0,0,0,0,0,0,0,0,0,0,17,9
69571,0,0,0,0,0,0,0,0,0,0,3,0
69611,0,0,0,0,0,0,0,0,0,0,19,1
69624,0,0,0,0,0,0,0,0,0,0,0,12
69999,0,0,0,0,0,0,0,0,0,0,12,0
70087,0,0,0,0,0,0,0,0,0,0,16,16
70133,0,0,0,0,0,0,0,0,0,0,0,26
70178,0,0,0,0,0,0,0,0,0,0,0,2
70207,0,0,0,0,0,0,0,0,0,0,1,6
70405,0,0,0,0,0,0,0,0,0,0,25,8
70604,0,0,0,0,0,0,0,0,0,0,6,4
70814,0,0,0,0,0,0,0,0,0,0,3,5
70878,0,0,0,0,0,0,0,0,0,0,12,2
70927,0,0,0,0,0,0,0,0,0,0,308,303
70944,0,0,0,0,0,0,0,0,0,0,0,19
71120,0,0,0,0,0,0,0,0,0,0,0,3
71189,0,0,0,0,0,0,0,0,0,0,0,4
71753,0,0,0,0,0,0,0,0,0,0,0,7
71759,0,0,0,0,0,0,0,0,0,0,15,14
71800,0,0,0,0,0,0,0,0,0,0,2,3
71962,0,0,0,0,0,0,0,0,0,0,2,1
71988,0,0,0,0,0,0,0,0,0,0,0,1
71989,0,0,0,0,0,0,0,0,0,0,5,10
72134,0,0,0,0,0,0,0,0,0,0,0,1
72136,0,0,0,0,0,0,0,0,0,0,2,0
72247,0,0,0,0,0,0,0,0,0,0,1,3
72410,0,0,0,0,0,0,0,0,0,0,2,1
72577,0,0,0,0,0,0,0,0,0,0,0,3
72833,0,0,0,0,0,0,0,0,0,0,18,0
72834,0,0,0,0,0,0,0,0,0,0,0,18
72849,0,0,0,0,0,0,0,0,0,0,8,5
72928,0,0,0,0,0,0,0,0,0,0,0,2
72949,0,0,0,0,0,0,0,0,0,0,37,12
72993,0,0,0,0,0,0,0,0,0,0,50,23
73190,0,0,0,0,0,0,0,0,0,0,7,4
73198,0,0,0,0,0,0,0,0,0,0,74,72
73249,0,0,0,0,0,0,0,0,0,0,2,8
73591,0,0,0,0,0,0,0,0,0,0,60,25
73671,0,0,0,0,0,0,0,0,0,0,0,1
73692,0,0,0,0,0,0,0,0,0,0,8,3
73697,0,0,0,0,0,0,0,0,0,0,26,80
73707,0,0,0,0,0,0,0,0,0,0,0,4
73741,0,0,0,0,0,0,0,0,0,0,5,166
73801,0,0,0,0,0,0,0,0,0,0,3,0
73887,0,0,0,0,0,0,0,0,0,0,4,2
74201,0,0,0,0,0,0,0,0,0,0,2,0
74484,0,0,0,0,0,0,0,0,0,0,26,14
74498,0,0,0,0,0,0,0,0,0,0,22,27
74593,0,0,0,0,0,0,0,0,0,0,0,1
74731,0,0,0,0,0,0,0,0,0,0,2,4
74778,0,0,0,0,0,0,0,0,0,0,8,2
74859,0,0,0,0,0,0,0,0,0,0,0,1
74874,0,0,0,0,0,0,0,0,0,0,13,10
75094,0,0,0,0,0,0,0,0,0,0,0,14
75098,0,0,0,0,0,0,0,0,0,0,18,11
75130,0,0,0,0,0,0,0,0,0,0,0,59
75517,0,0,0,0,0,0,0,0,0,0,0,2
75543,0,0,0,0,0,0,0,0,0,0,7,3
75600,0,0,0,0,0,0,0,0,0,0,0,2
75742,0,0,0,0,0,0,0,0,0,0,1,0
75872,0,0,0,0,0,0,0,0,0,0,0,3
76403,0,0,0,0,0,0,0,0,0,0,3,8
76596,0,0,0,0,0,0,0,0,0,0,0,11
76777,0,0,0,0,0,0,0,0,0,0,0,1
76848,0,0,0,0,0,0,0,0,0,0,10,9
77005,0,0,0,0,0,0,0,0,0,0,4,1
77077,0,0,0,0,0,0,0,0,0,0,3,14
77083,0,0,0,0,0,0,0,0,0,0,0,14
77545,0,0,0,0,0,0,0,0,0,0,0,8
77669,0,0,0,0,0,0,0,0,0,0,0,2
77726,0,0,0,0,0,0,0,0,0,0,2,14
78080,0,0,0,0,0,0,0,0,0,0,0,10
78161,0,0,0,0,0,0,0,0,0,0,14,2
78297,0,0,0,0,0,0,0,0,0,0,8,7
78479,0,0,0,0,0,0,0,0,0,0,0,1
78808,0,0,0,0,0,0,0,0,0,0,0,1
78947,0,0,0,0,0,0,0,0,0,0,0,23
78984,0,0,0,0,0,0,0,0,0,0,0,58
79191,0,0,0,0,0,0,0,0,0,0,5,7
79609,0,0,0,0,0,0,0,0,0,0,2,1
79879,0,0,0,0,0,0,0,0,0,0,2,8
80017,0,0,0,0,0,0,0,0,0,0,0,3
80546,0,0,0,0,0,0,0,0,0,0,7,20
80575,0,0,0,0,0,0,0,0,0,0,0,5
81255,0,0,0,0,0,0,0,0,0,0,0,27
81423,0,0,0,0,0,0,0,0,0,0,0,4
81649,0,0,0,0,0,0,0,0,0,0,6,3
82130,0,0,0,0,0,0,0,0,0,0,1,2
82158,0,0,0,0,0,0,0,0,0,0,0,9
82179,0,0,0,0,0,0,0,0,0,0,0,18
82193,0,0,0,0,0,0,0,0,0,0,0,1
82251,0,0,0,0,0,0,0,0,0,0,0,4
82413,0,0,0,0,0,0,0,0,0,0,0,5
82514,0,0,0,0,0,0,0,0,0,0,3,14
82788,0,0,0,0,0,0,0,0,0,0,0,1
82932,0,0,0,0,0,0,0,0,0,0,0,4
83495,0,0,0,0,0,0,0,0,0,0,0,5
83502,0,0,0,0,0,0,0,0,0,0,0,16
83727,0,0,0,0,0,0,0,0,0,0,0,5
83911,0,0,0,0,0,0,0,0,0,0,0,7
83993,0,0,0,0,0,0,0,0,0,0,0,5
84143,0,0,0,0,0,0,0,0,0,0,0,1
84154,0,0,0,0,0,0,0,0,0,0,0,2
84249,0,0,0,0,0,0,0,0,0,0,0,1
84751,0,0,0,0,0,0,0,0,0,0,0,1
84920,0,0,0,0,0,0,0,0,0,0,0,15
85077,0,0,0,0,0,0,0,0,0,0,0,59
85184,0,0,0,0,0,0,0,0,0,0,0,28
85195,0,0,0,0,0,0,0,0,0,0,0,1
85403,0,0,0,0,0,0,0,0,0,0,0,3
85865,0,0,0,0,0,0,0,0,0,0,0,4
86114,0,0,0,0,0,0,0,0,0,0,0,5
86119,0,0,0,0,0,0,0,0,0,0,0,1
86204,0,0,0,0,0,0,0,0,0,0,0,2
86474,0,0,0,0,0,0,0,0,0,0,0,1
86947,0,0,0,0,0,0,0,0,0,0,0,1
87262,0,0,0,0,0,0,0,0,0,0,0,8
87802,0,0,0,0,0,0,0,0,0,0,0,9
87831,0,0,0,0,0,0,0,0,0,0,0,5
87951,0,0,0,0,0,0,0,0,0,0,0,5
88209,0,0,0,0,0,0,0,0,0,0,0,22
88242,0,0,0,0,0,0,0,0,0,0,0,1
89032,0,0,0,0,0,0,0,0,0,0,0,3
89317,0,0,0,0,0,0,0,0,0,0,0,6
89655,0,0,0,0,0,0,0,0,0,0,0,4
89657,0,0,0,0,0,0,0,0,0,0,0,1
89874,0,0,0,0,0,0,0,0,0,0,0,3
90471,0,0,0,0,0,0,0,0,0,0,0,1
90485,0,0,0,0,0,0,0,0,0,0,0,18
91625,0,0,0,0,0,0,0,0,0,0,0,1
92384,0,0,0,0,0,0,0,0,0,0,0,13
92482,0,0,0,0,0,0,0,0,0,0,0,3
92742,0,0,0,0,0,0,0,0,0,0,0,5
93285,0,0,0,0,0,0,0,0,0,0,0,2
93715,0,0,0,0,0,0,0,0,0,0,0,6
93850,0,0,0,0,0,0,0,0,0,0,0,2
94522,0,0,0,0,0,0,0,0,0,0,0,10
94555,0,0,0,0,0,0,0,0,0,0,0,3
94890,0,0,0,0,0,0,0,0,0,0,0,1
95600,0,0,0,0,0,0,0,0,0,0,0,1