1005550341160730032118366271
1005550326160805111401743399
1005550344160806062332275931
1005550347160810004732293335
1005550345160810124223275084
1005550345160810133256340380
1005550345160810140743902295
1005550345160810140843638447
1005550345160810140844867236
1005550345160810142731222914
1005550345160811005429340282
1005550345160811034728147458
1005550345160811060537789950
1005550345160811060724994138
1005550345160811070208238085
1005550345160811081422902797
1005550345160811084037313112
1005550345160811120308176641
1005550345160814024305979441
1005550345160814081202245775
1005550345160815061836974754
1005550345160815065021359451
1005550340160816004558080078
1005550343160816111600380108
1005550343160816134426570601
1005550347160817031413191074
1005550340160817070243176931
1005550314160817095223808696
1005550347160817112140137404
1005550352160817120015153720
1005550352160817120337604226
1005550352160817124343420123
1005550352160817125630712749
1005550352160817132000833006
1005550352160817134348266761
1005550352160817135142583947
1005550352160817140306513499
1005550352160817142038835830
1005550352160817142618356526
1005550352160817154457730962
1005550352160818024008636062
1005550352160818031632859886
1005550341160818060016020559
1005550344160818060933261770
1005550326160818070353004149
1005550352160818103217858582
1005550352160818112313145996
1005550352160818113358698755
1005550352160818113810671102
1005550168160819041838273817
1005550341160819050505450416
1005550345160819065312635988
1005550352160819094107929226
1005550314160819094559676561
1005550345160819123130821666
1005550314160819130731010392
1005550352160820090957818977
1005550347160820130740089856
1005550347160821002014180124
1005550345160821020859097123
1005550345160821094516454586
1005550326160821110903779315
1005550314160821142808922682
1005550352160822031019514216
1005550352160822031450582025
1005550349160822081234925710
1005550345160822103100869289
1005550314160822123031016407
1005550352160823123704034031
1005550345160823132820812198
1005550345160823135431765291
1005550326160824093552742268
1005550341160824133549761664
1005550341160824134222230998
1005550340160824152902572341
1005550340160824153038306095
1005550341160824154443782378
1005550340160824210633073304
1005550352160824231150078043
1005550340160824235005050674
1005550340160825004431674495
1005550340160825012453724633
1005550340160825012501475588
1005550341160825013543195394
1005550340160825114143502359
1005550168160825114847324068
1005550168160825115859398762
1005550340160825122124396383
1005550314160826051646444373
1005550341160826092641509856
1005550341160826100159818225
1005550352160827104417997422
1005550340160829005203280420
1005550347160829052619679663
1005550352160829083920029310
