1005550341160731140752679268
1005550342160731134044305902
1005550341160729080723991256
1005550348160801141903582312
1005550342160802115822820802
1005550343160730153323261068
1005550341160802123333539171
1005550341160803045142310692
1005550326160731141013864361
1005550326160803121954214992
1005550342160803130347601931
1005550348160803100322681076
1005550326160803124246191649
1005550346160803121804260164
1005550338160802122106863358
1005550340160804080810427631
1005550341160805040924242699
1005550342160805094645590917
1005550341160805075406415095
1005550341160805123420336402
1005550341160805102244048087
1005550348160806045643581652
1005550341160806154027928927
1005550168160807190954059596
1005550350160808133950067176
1005550350160808124608620074
1005550348160809023959815362
1005550341160808124147205430
1005550349160807081004758823
1005550349160807091159663013
1005550349160808124829184199
1005550346160807164055375309
1005550350160808140655183786
1005550341160809111552909860
1005550348160809134356733582
1005550314160810054112475466
1005550314160810030501445324
1005550314160810023934197415
1005550345160810151135761477
1005550314160811003953494416
1005550345160811020203233155
1005550345160810152318095883
1005550345160811033347437337
1005550314160811085305037143
1005550326160811121643950526
1005550348160811132418581269
1005550345160811123133343761
1005550345160811110936659122
1005550344160811132423214675
1005550341160811020638089166
1005550349160811142438420027
1005550326160812035614404598
1005550350160812032113390825
1005550350160812034100707759
1005550326160812015246583225
1005550340160812131012427296
1005550346160813084154597379
1005550345160813171954986364
1005550347160812130809902287
1005550326160811122016535714
1005550350160814050758577262
1005550350160814152943141573
1005550350160814083120100530
1005550341160815131551005135
1005550341160815131551005135
1005550326160815094714276345
1005550341160816005229699050
1005550348160816040904745527
1005550350160816031021387748
1005550341160816040544519535
1005550348160816042143434167
1005550341160815233222345042
1005550350160816091932534612
1005550345160815063829526351
1005550351160816115755320355
1005550341160816090050044643
1005550351160817003144551504
1005550348160817003336929894
1005550341160816132630212561
1005550341160816135326904524
1005550341160817044604737970
1005550340160817065911641104
1005550345160816124523912851
1005550326160817101553706738
1005550341160817121124666405
1005550341160817121124666405
1005550351160817101428920810
1005550352160817120033963318
1005550341160817121124666405
1005550341160817143612901471
1005550341160817143448473345
1005550345160817143352971444
1005550352160817233516890208
1005550352160818044721423242
1005550340160817143717147096
1005550345160819014028432896
1005550345160818113135574125
1005550348160818092252238205
1005550348160818135058523095
1005550168160819041838273817
1005550314160819045719999115
1005550347160810004732293335
1005550347160816084048750262
1005550344160806062332275931
1005550314160819073537415061
1005550341160819103409476582
1005550341160819112820265461
1005550314160819145546395933
1005550340160816004558080078
1005550314160819110404055200
1005550314160819030258210700
1005550314160819143502023628
1005550341160820020421208410
1005550341160820021131395221
1005550347160820020231731489
1005550345160810133256340380
1005550314160819134631912356
1005550314160819125219572207
1005550345160820020101729298
1005550348160820022024357049
1005550340160817070243176931
1005550352160818120151406060
1005550341160821051720733543
1005550341160821042252041869
1005550347160821124439214080
1005550326160805111401743399
1005550347160817031413191074
1005550344160821215913067072
1005550345160810124223275084
1005550345160819065312635988
1005550345160811120308176641
1005550341160822033307317905
1005550352160818103217858582
1005550345160810140743902295
1005550348160822033704760635
1005550345160814024305979441
1005550345160811005429340282
1005550352160818113810671102
1005550349160821234452347568
1005550345160810140843638447
1005550352160817142038835830
1005550352160817134348266761
1005550345160810140844867236
1005550352160817135142583947
1005550347160820130740089856
1005550352160817142618356526
1005550345160811060537789950
1005550345160811081422902797
1005550345160814081202245775
1005550352160817154457730962
1005550345160811070208238085
1005550352160818113358698755
1005550345160811034728147458
1005550314160819130731010392
1005550345160811084037313112
1005550341160818060016020559
1005550352160820090957818977
1005550345160815065021359451
1005550326160819075144278712
1005550314160817095223808696
1005550345160815061836974754
1005550341160822113023596647
1005550341160819050505450416
1005550352160818024008636062
1005550347160821002014180124
1005550352160819094107929226
1005550326160818070353004149
1005550352160817124343420123
1005550352160817125630712749
1005550352160818112313145996
1005550352160817140306513499
1005550347160817112140137404
1005550352160818031632859886
1005550344160818060933261770
1005550314160819094559676561
1005550352160817132000833006
1005550352160823123017279220
1005550350160823075623278034
1005550345160810142731222914
1005550314160821142808922682
1005550354160823110342832842
1005550343160816123159799923
1005550314160822123031016407
1005550345160824043835330662
1005550343160816121309747555
1005550352160822031450582025
1005550352160817120337604226
1005550343160816132350464425
1005550352160817120015153720
1005550341160824130222557544
1005550350160824121746473709
1005550341160824121921398940
1005550341160824130136341139
1005550341160730032118366271
1005550326160824140333241689
1005550340160825010426373958
1005550340160825023838214566
1005550341160825052432876430
1005550340160825051825946570
1005550345160825053750397554
1005550341160825054345926655
1005550341160825065803152791
1005550341160825090931224998
1005550343160816111600380108
1005550341160825110744042265
1005550341160825114742541313
1005550168160825114847324068
1005550168160825115036834797
1005550168160825115716791288
1005550168160825115859398762
1005550346160825114103930514
1005550352160822031019514216
1005550168160825115036834797
1005550355160825134126904314
1005550355160825132831620782
1005550355160825130013644104
1005550355160825123539849024
1005550355160825131925367447
1005550355160825134001381481
1005550355160825133605941294
1005550355160825124319334329
1005550340160825235510892349
1005550355160826023702792441
1005550355160826033641045066
1005550355160826030221989177
1005550326160821110903779315
1005550349160826062153207980
1005550352160823084114667389
1005550345160821020859097123
1005550355160825131634855270
1005550341160826083030242378
1005550341160826081127906263
1005550350160825135449580652
1005550340160825230610649263
1005550355160826104125321829
1005550343160816134426570601
1005550347160826134223879394
1005550355160826141701294258
1005550340160824152902572341
1005550340160825012501475588
1005550341160827044347899550
1005550349160822105040631228
1005550326160826082955745531
1005550348160827053459361006
1005550341160824154443782378
1005550356160827091751437054
1005550345160827130533784023
1005550355160828011900369754
1005550355160828013552409522
1005550349160822081234925710
1005550341160824134222230998
1005550340160828104823132746
1005550345160819123130821666
1005550341160824133549761664
1005550355160829031738956273
1005550341160825013543195394
1005550355160825131019822167
1005550314160829054733757448
1005550340160824153038306095
1005550340160824210633073304
1005550345160822103100869289
1005550352160824231150078043
1005550341160826100159818225
1005550341160826092641509856
1005550345160823135431765291
1005550352160827104417997422
1005550314160829115004732965
1005550341160829121601730879
1005550350160830014235853879
1005550345160811060724994138
1005550340160824235005050674
1005550326160824093552742268
1005550345160823132820812198
1005550345160821094516454586
1005550340160825114143502359
1005550340160825004431674495
1005550350160830043242659991
1005550340160830043028756968
1005550341160830043336684452
1005550355160827033853837545
1005550340160825012453724633
1005550356160830080859864440
1005550340160825122124396383
1005550168160825074304837024
1005550359160830171357421652
1005550168160830171427823631
1005550168160830173224265372
1005550347160829052619679663
1005550352160829083920029310
1005550314160826051646444373
1005550340160831053947010285
1005550340160829005203280420
1005550360160831130138281018
1005550352160823123704034031
