1005550347160816084048750262,0.03
1005550314160819073537415061,99
1005550341160819103409476582,56
1005550314160819110404055200,188
1005550341160819112820265461,74.9
1005550314160819145546395933,109
1005550314160819134631912356,109
1005550314160819125219572207,94
1005550345160820020101729298,49.9
1005550347160820020231731489,89
1005550341160820020421208410,56
1005550341160820021131395221,85
1005550348160820022024357049,133
1005550344160821215913067072,109
1005550349160821234452347568,49
1005550348160822033704760635,128
1005550352160823123017279220,58
1005550350160823075623278034,118
1005550354160823110342832842,56.4
1005550343160816123159799923,69
1005550343160816121309747555,0.01
1005550343160816132350464425,69
1005550350160824121746473709,176
1005550341160824121921398940,159.8
1005550340160825010426373958,69.9
1005550340160825051825946570,79.9
1005550345160825053750397554,49.9
1005550341160825065803152791,86
1005550346160825114103930514,97
1005550341160825114742541313,86
1005550168160825115036834797,0.02
1005550168160825115036834797,3
1005550355160825132831620782,248
1005550355160825130013644104,238
1005550355160825133605941294,268
1005550355160825124319334329,268
1005550355160825123539849024,238
1005550355160825131925367447,238
1005550355160825134001381481,238
1005550340160825235510892349,87.9
1005550355160826023702792441,506
1005550355160826030221989177,268
1005550355160826033641045066,804
1005550349160826062153207980,59
1005550355160825131634855270,238
1005550352160823084114667389,58
1005550341160826083030242378,81
1005550341160826081127906263,96
1005550350160825135449580652,118
1005550340160825230610649263,77.9
1005550355160826104125321829,268
1005550347160826134223879394,89
1005550355160826141701294258,268
1005550349160822105040631228,49
1005550341160827044347899550,85
1005550326160826082955745531,89
1005550348160827053459361006,138
1005550356160827091751437054,99.9
1005550345160827130533784023,39.9
1005550355160829031738956273,268
1005550355160825131019822167,238
1005550314160829115004732965,109
1005550341160829121601730879,77.5
1005550350160830014235853879,88
1005550350160830043242659991,118
1005550340160830043028756968,79.9
1005550355160827033853837545,268
1005550356160830080859864440,99.9
1005550359160830171357421652,58
1005550168160830171427823631,0.01
1005550168160830173224265372,0.01
1005550168160825074304837024,0.01
1005550340160831053947010285,79.9
1005550360160831130138281018,118
1005550341160731140752679268,56
1005550342160731134044305902,99
1005550341160729080723991256,46
1005550348160801141903582312,138
1005550342160802115822820802,99
1005550343160730153323261068,64
1005550341160802123333539171,85
1005550341160803045142310692,280
1005550326160731141013864361,99
1005550326160803121954214992,99
1005550342160803130347601931,109
1005550348160803100322681076,128
1005550326160803124246191649,99
1005550346160803121804260164,97
1005550338160802122106863358,56
1005550340160804080810427631,159.8
1005550341160805040924242699,46
1005550342160805094645590917,148
1005550341160805075406415095,85
1005550341160805102244048087,90
1005550341160805123420336402,85
1005550348160806045643581652,138
1005550341160806154027928927,95
1005550168160807190954059596,0.01
1005550348160809023959815362,138
1005550341160808124147205430,46
1005550349160807081004758823,49
1005550349160807091159663013,49
1005550350160808133950067176,88
1005550350160808124608620074,108
1005550349160808124829184199,54
1005550346160807164055375309,82
1005550350160808140655183786,118
1005550341160809111552909860,46
1005550348160809134356733582,256
1005550314160810030501445324,49
1005550314160810054112475466,198
1005550314160810023934197415,198
1005550345160810151135761477,39.9
1005550314160811003953494416,198
1005550345160811020203233155,74.8
1005550345160810152318095883,34.9
1005550345160811033347437337,79.8
1005550314160811085305037143,193
1005550345160811123133343761,49.9
1005550345160811110936659122,39.9
1005550326160811121643950526,94
1005550348160811132418581269,128
1005550344160811132423214675,106
1005550341160811020638089166,75
1005550349160811142438420027,49
1005550326160812035614404598,94
1005550326160812015246583225,99
1005550350160812032113390825,118
1005550350160812034100707759,88
1005550340160812131012427296,79.9
1005550346160813084154597379,97
1005550347160812130809902287,89
1005550345160813171954986364,49.9
1005550326160811122016535714,159
1005550350160814050758577262,88
1005550350160814152943141573,78
1005550350160814083120100530,118
1005550341160815131551005135,152.9
1005550341160815131551005135,152.9
1005550326160815094714276345,154
1005550341160816005229699050,193.9
1005550348160816040904745527,138
1005550341160816040544519535,73
1005550348160816042143434167,138
1005550350160816031021387748,88
1005550341160815233222345042,79.9
1005550341160816090050044643,125.9
1005550350160816091932534612,176
1005550345160815063829526351,49.9
1005550351160816115755320355,98
1005550351160817003144551504,98
1005550348160817003336929894,138
1005550341160816135326904524,84
1005550341160816132630212561,89
1005550341160817044604737970,79.9
1005550345160816124523912851,49.9
1005550340160817065911641104,79.9
1005550326160817101553706738,109
1005550351160817101428920810,98
1005550352160817120033963318,48
1005550341160817121124666405,198.9
1005550341160817121124666405,198.9
1005550341160817121124666405,198.9
1005550341160817143612901471,89
1005550341160817143448473345,56
1005550345160817143352971444,49.9
1005550352160817233516890208,48
1005550352160818044721423242,48
1005550340160817143717147096,89.9
1005550345160819014028432896,39.9
1005550348160818092252238205,128
1005550348160818135058523095,138
1005550345160818113135574125,0.02
1005550314160819045719999115,99
1005550314160819030258210700,79
1005550314160819143502023628,89
1005550352160818120151406060,48
1005550341160821051720733543,146
1005550341160821042252041869,152.9
1005550347160821124439214080,89
1005550341160822033307317905,85
1005550326160819075144278712,159
1005550341160822113023596647,73
1005550345160824043835330662,79.8
1005550341160824130222557544,96
1005550341160824130136341139,238.9
1005550326160824140333241689,119
1005550340160825023838214566,69.9
1005550341160825052432876430,41
1005550341160825054345926655,86
1005550341160825090931224998,152.9
1005550341160825110744042265,145
1005550168160825115716791288,0.01
1005550355160825134126904314,268
1005550355160828011900369754,268
1005550355160828013552409522,278
1005550340160828104823132746,79.9
1005550314160829054733757448,198
1005550341160830043336684452,79.9
1005550341160730032118366271,24
1005550326160805111401743399,15
1005550344160806062332275931,96
1005550347160810004732293335,40
1005550345160810124223275084,5
1005550345160810133256340380,2.5
1005550345160810140743902295,7.5
1005550345160810140843638447,7.5
1005550345160810140844867236,5
1005550345160810142731222914,39.9
1005550345160811005429340282,39.9
1005550345160811034728147458,2.5
1005550345160811060537789950,7.5
1005550345160811060724994138,12.5
1005550345160811070208238085,22.5
1005550345160811081422902797,10
1005550345160811084037313112,7.5
1005550345160811120308176641,7.5
1005550345160814024305979441,7.5
1005550345160814081202245775,15
1005550345160815061836974754,20
1005550345160815065021359451,7.5
1005550340160816004558080078,12
1005550343160816111600380108,6
1005550343160816134426570601,6
1005550347160817031413191074,40
1005550340160817070243176931,6
1005550314160817095223808696,16
1005550347160817112140137404,50
1005550352160817120015153720,5
1005550352160817120337604226,12
1005550352160817124343420123,24
1005550352160817125630712749,12
1005550352160817132000833006,12
1005550352160817134348266761,24
1005550352160817135142583947,48
1005550352160817140306513499,12
1005550352160817142038835830,12
1005550352160817142618356526,24
1005550352160817154457730962,24
1005550352160818024008636062,12
1005550352160818031632859886,24
1005550341160818060016020559,6.5
1005550344160818060933261770,12
1005550326160818070353004149,15
1005550352160818103217858582,24
1005550352160818112313145996,12
1005550352160818113358698755,24
1005550352160818113810671102,12
1005550168160819041838273817,0.01
1005550341160819050505450416,19.5
1005550345160819065312635988,2.5
1005550352160819094107929226,24
1005550314160819094559676561,16
1005550345160819123130821666,39.9
1005550314160819130731010392,8
1005550352160820090957818977,12
1005550347160820130740089856,45
1005550347160821002014180124,50
1005550345160821020859097123,10
1005550345160821094516454586,39.9
1005550326160821110903779315,8
1005550314160821142808922682,109
1005550352160822031019514216,12
1005550352160822031450582025,12
1005550349160822081234925710,5
1005550345160822103100869289,34.9
1005550314160822123031016407,4.5
1005550352160823123704034031,12
1005550345160823132820812198,2.5
1005550345160823135431765291,15
1005550326160824093552742268,15
1005550341160824133549761664,20
1005550341160824134222230998,21
1005550340160824152902572341,6
1005550340160824153038306095,12
1005550341160824154443782378,86
1005550340160824210633073304,12
1005550352160824231150078043,12
1005550340160824235005050674,12
1005550340160825004431674495,6
1005550340160825012453724633,30
1005550340160825012501475588,12
1005550341160825013543195394,14
1005550340160825114143502359,6
1005550168160825114847324068,0.02
1005550168160825115859398762,0.01
1005550340160825122124396383,64.9
1005550314160826051646444373,18
1005550341160826092641509856,8
1005550341160826100159818225,14
1005550352160827104417997422,6
1005550340160829005203280420,6
1005550347160829052619679663,25
1005550352160829083920029310,24